# Z 10 rho 0.000899934 A(Z) 20.1798
1 1.9 0.005479 7407 0 0 7408.91
1.5 1.803 0.01164 2664 0 0 2665.81
2 1.683 0.01925 1241 0 0 1242.7
3 1.415 0.03644 403.8 0 0 405.251
3.01 1.412 0.03662 400 0 0 401.449
4 1.16 0.0536 177.2 0 0 178.414
5 0.9445 0.06923 92.36 0 0 93.3737
5.02 0.9406 0.06953 91.27 0 0 92.2801
6 0.7741 0.08278 53.84 0 0 54.6969
7.03 0.6388 0.0945 33.47 0 0 34.2033
8 0.5404 0.1036 22.64 0 0 23.284
9.04 0.4582 0.1117 15.6 0 0 16.1699
10 0.3984 0.1178 11.45 0 0 11.9662
11.05 0.346 0.1234 8.416 0 0 8.8854
13.06 0.2723 0.1316 5.012 0 0 5.4159
15 0.2226 0.1374 3.253 0 0 3.613
15.07 0.2211 0.1375 3.205 0 0 3.5636
17.08 0.184 0.1421 2.163 0 0 2.4891
19.09 0.156 0.1456 1.522 0 0 1.8236
20 0.1455 0.147 1.313 0 0 1.6055
21.1 0.1342 0.1485 1.108 0 0 1.3907
23.11 0.1168 0.1508 0.8291 0 0 1.0967
25.12 0.1026 0.1526 0.6352 0 0 0.8904
27.13 0.09088 0.154 0.4963 0 0 0.74118
29.14 0.08103 0.1552 0.3945 0 0 0.63073
30 0.07729 0.1556 0.3593 0 0 0.59219
31.15 0.07266 0.1561 0.3182 0 0 0.54696
33.16 0.06551 0.1567 0.2601 0 0 0.48231
35.17 0.05934 0.1572 0.2151 0 0 0.43164
37.18 0.054 0.1576 0.1797 0 0 0.3913
39.19 0.04934 0.1577 0.1515 0 0 0.35854
40 0.04763 0.1578 0.1418 0 0 0.34723
41.2 0.04525 0.1578 0.1289 0 0 0.33195
43.21 0.04164 0.1578 0.1104 0 0 0.30984
45.22 0.03845 0.1576 0.09523 0 0 0.29128
47.23 0.0356 0.1575 0.08266 0 0 0.27576
49.24 0.03306 0.1572 0.07217 0 0 0.26243
50 0.03217 0.1571 0.06867 0 0 0.25794
51.25 0.03078 0.1569 0.06334 0 0 0.25102
53.26 0.02872 0.1565 0.05588 0 0 0.2411
55.27 0.02686 0.1562 0.04951 0 0 0.23257
57.28 0.02518 0.1557 0.04406 0 0 0.22494
59.29 0.02365 0.1553 0.03937 0 0 0.21832
60 0.02314 0.1551 0.03787 0 0 0.21611
61.3 0.02225 0.1548 0.0353 0 0 0.21235
63.31 0.02098 0.1543 0.03177 0 0 0.20705
65.32 0.01981 0.1538 0.02868 0 0 0.20229
67.33 0.01874 0.1533 0.02598 0 0 0.19802
69.34 0.01775 0.1527 0.02359 0 0 0.19404
71.35 0.01684 0.1522 0.02149 0 0 0.19053
73.36 0.01599 0.1516 0.01962 0 0 0.18721
75.37 0.01521 0.151 0.01796 0 0 0.18417
77.38 0.01449 0.1505 0.01648 0 0 0.18147
79.39 0.01381 0.1499 0.01515 0 0 0.17886
80 0.01362 0.1497 0.01478 0 0 0.1781
81.4 0.01318 0.1493 0.01396 0 0 0.17644
83.41 0.01259 0.1487 0.01289 0 0 0.17418
85.42 0.01204 0.1481 0.01192 0 0 0.17206
87.43 0.01153 0.1476 0.01105 0 0 0.17018
89.44 0.01105 0.147 0.01026 0 0 0.16831
91.45 0.01059 0.1464 0.009537 0 0 0.166527
93.46 0.01017 0.1458 0.008882 0 0 0.164852
95.47 0.009767 0.1452 0.008285 0 0 0.163252
97.49 0.009389 0.1446 0.007739 0 0 0.161728
99.5 0.009033 0.1441 0.007239 0 0 0.160372
100 0.008947 0.1439 0.00712 0 0 0.159967
101.5 0.008696 0.1435 0.00678 0 0 0.158976
103.5 0.008378 0.1429 0.006359 0 0 0.157637
105.5 0.008077 0.1424 0.005972 0 0 0.156449
107.5 0.007792 0.1418 0.005615 0 0 0.155207
109.5 0.007521 0.1413 0.005286 0 0 0.154107
111.6 0.007265 0.1407 0.004981 0 0 0.152946
113.6 0.007021 0.1401 0.004699 0 0 0.15182
115.6 0.006789 0.1396 0.004438 0 0 0.150827
117.6 0.006569 0.1391 0.004195 0 0 0.149864
119.6 0.006359 0.1385 0.00397 0 0 0.148829
121.6 0.006158 0.138 0.00376 0 0 0.147918
123.6 0.005967 0.1375 0.003565 0 0 0.147032
125.6 0.005785 0.1369 0.003382 0 0 0.146067
127.6 0.005611 0.1364 0.003212 0 0 0.145223
129.6 0.005445 0.1359 0.003053 0 0 0.144398
131.7 0.005286 0.1354 0.002904 0 0 0.14359
133.7 0.005133 0.1349 0.002765 0 0 0.142798
135.7 0.004987 0.1344 0.002634 0 0 0.142021
137.7 0.004848 0.1339 0.002511 0 0 0.141259
139.7 0.004714 0.1334 0.002396 0 0 0.14051
141.7 0.004585 0.1329 0.002288 0 0 0.139773
143.7 0.004462 0.1324 0.002186 0 0 0.139048
145.7 0.004343 0.132 0.00209 0 0 0.138433
147.7 0.004229 0.1315 0.001999 0 0 0.137728
149.7 0.00412 0.131 0.001914 0 0 0.137034
150 0.004106 0.1309 0.001903 0 0 0.136909
151.8 0.004014 0.1305 0.001833 0 0 0.136347
153.8 0.003913 0.1301 0.001757 0 0 0.13577
155.8 0.003815 0.1296 0.001685 0 0 0.1351
157.8 0.003721 0.1292 0.001616 0 0 0.134537
159.8 0.003631 0.1287 0.001552 0 0 0.133883
161.8 0.003543 0.1283 0.001491 0 0 0.133334
163.8 0.003459 0.1278 0.001433 0 0 0.132692
165.8 0.003377 0.1274 0.001377 0 0 0.132154
167.8 0.003299 0.127 0.001325 0 0 0.131624
169.9 0.003223 0.1265 0.001275 0 0 0.130998
171.9 0.00315 0.1261 0.001228 0 0 0.130478
173.9 0.003079 0.1257 0.001183 0 0 0.129962
175.9 0.003011 0.1253 0.00114 0 0 0.129451
177.9 0.002944 0.1248 0.0011 0 0 0.128844
179.9 0.00288 0.1244 0.001061 0 0 0.128341
181.9 0.002818 0.124 0.001024 0 0 0.127842
183.9 0.002758 0.1236 0.0009884 0 0 0.127346
185.9 0.0027 0.1232 0.0009547 0 0 0.126855
187.9 0.002644 0.1228 0.0009225 0 0 0.126366
189.9 0.002589 0.1224 0.0008917 0 0 0.125881
192 0.002536 0.122 0.0008623 0 0 0.125398
194 0.002485 0.1216 0.0008342 0 0 0.124919
196 0.002435 0.1213 0.0008073 0 0 0.124542
198 0.002387 0.1209 0.0007815 0 0 0.124069
200 0.00234 0.1205 0.0007568 0 0 0.123597
300 0.00105 0.1051 0.0002149 0 0 0.106365
400 0.000593 0.09433 9.248e-05 0 0 0.0950155
500 0.0003802 0.08622 4.996e-05 0 0 0.0866502
600 0.0002642 0.07977 3.113e-05 0 0 0.0800653
800 0.0001488 0.07013 1.573e-05 0 0 0.0702945
1000 9.523e-05 0.06306 9.779e-06 0 0 0.063165
1022 9.12e-05 0.0624 9.174e-06 0 0 0.0625004
1250 6.097e-05 0.05637 6.225e-06 2.414e-05 0 0.0564613
1500 4.235e-05 0.05127 4.512e-06 0.0001332 0 0.0514501
2000 2.382e-05 0.04375 2.829e-06 0.0005297 0 0.0443063
2044 2.281e-05 0.04321 2.736e-06 0.0005709 0 0.0438064
3000 1.059e-05 0.03441 1.574e-06 0.001512 1.204e-05 0.0359462
4000 5.957e-06 0.02871 1.078e-06 0.002451 4.915e-05 0.0312172
5000 3.814e-06 0.02479 8.156e-07 0.003289 9.797e-05 0.0281816
6000 2.648e-06 0.02191 6.55e-07 0.004038 0.0001505 0.0261018
7000 1.945e-06 0.0197 5.467e-07 0.004703 0.0002029 0.0246084
8000 1.489e-06 0.01792 4.688e-07 0.005306 0.0002538 0.0234818
9000 1.177e-06 0.01648 4.1e-07 0.005852 0.0003026 0.0226362
10000 9.532e-07 0.01527 3.644e-07 0.006348 0.0003492 0.0219685
