   2.2573465e-04   6.5859915e-01
   4.5190367e-04   6.7064211e-01
   6.7852322e-04   6.8268506e-01
   9.0560955e-04   6.9472802e-01
   1.1331790e-03   7.0677098e-01
   1.3612479e-03   7.1881393e-01
   1.5898329e-03   7.3085689e-01
   1.8189504e-03   7.4289984e-01
   2.0486172e-03   7.5494280e-01
   2.2788501e-03   7.6773844e-01
   2.5096658e-03   7.8053408e-01
   2.7410813e-03   7.9257704e-01
   2.9731136e-03   8.0461999e-01
   3.2057799e-03   8.1666295e-01
   3.4390973e-03   8.2322543e-01
   3.6730830e-03   8.2870591e-01
   3.9077545e-03   8.3827870e-01
   4.1431291e-03   8.4074886e-01
   4.3792245e-03   8.5279182e-01
   4.6160582e-03   8.5333196e-01
   4.8536479e-03   8.6483477e-01
   5.0920115e-03   8.6838523e-01
   5.3311668e-03   8.7687773e-01
   5.5711317e-03   8.8343849e-01
   5.8119243e-03   8.8892069e-01
   6.0535628e-03   8.9849176e-01
   6.2960653e-03   9.0096364e-01
   6.5394502e-03   9.1300660e-01
   6.7837359e-03   9.1354502e-01
   7.0289408e-03   9.2504955e-01
   7.2750835e-03   9.2859829e-01
   7.5221826e-03   9.3709251e-01
   7.7702570e-03   9.4365155e-01
   8.0193253e-03   9.4913547e-01
   8.2694065e-03   9.5964565e-01
   8.5205197e-03   9.6117842e-01
   8.7726838e-03   9.7322138e-01
   9.0259180e-03   9.7563974e-01
   9.2802417e-03   9.8526433e-01
   9.5356741e-03   9.8783604e-01
   9.7922347e-03   9.9069300e-01
   1.0049943e-02   9.9730729e-01
   1.0308818e-02   1.0057463e+00
   1.0568881e-02   1.0058993e+00
   1.0830150e-02   1.0093502e+00
   1.1092646e-02   1.0207995e+00
   1.1356388e-02   1.0213932e+00
   1.1621397e-02   1.0239626e+00
   1.1887692e-02   1.0334362e+00
   1.2155294e-02   1.0358528e+00
   1.2424223e-02   1.0420259e+00
   1.2694500e-02   1.0454791e+00
   1.2966145e-02   1.0509061e+00
   1.3239178e-02   1.0575221e+00
   1.3513620e-02   1.0600892e+00
   1.3789493e-02   1.0659593e+00
   1.4066815e-02   1.0695650e+00
   1.4345610e-02   1.0781525e+00
   1.4625896e-02   1.0810126e+00
   1.4907697e-02   1.0816080e+00
   1.5191031e-02   1.0936509e+00
   1.5475922e-02   1.0960659e+00
   1.5762390e-02   1.0962158e+00
   1.6050457e-02   1.1056939e+00
   1.6340144e-02   1.1111191e+00
   1.6631472e-02   1.1142790e+00
   1.6924464e-02   1.1177368e+00
   1.7219141e-02   1.1261724e+00
   1.7515524e-02   1.1297798e+00
   1.7813637e-02   1.1323423e+00
   1.8113500e-02   1.1412257e+00
   1.8415137e-02   1.1418228e+00
   1.8718568e-02   1.1515346e+00
   1.9023817e-02   1.1524278e+00
   1.9330905e-02   1.1546184e+00
   1.9639856e-02   1.1562789e+00
   1.9950691e-02   1.1674140e+00
   2.0263433e-02   1.1707268e+00
   2.0578106e-02   1.1713322e+00
   2.0894731e-02   1.1735008e+00
   2.1213331e-02   1.1794570e+00
   2.1533931e-02   1.1863854e+00
   2.1856551e-02   1.1887901e+00
   2.2181217e-02   1.1915000e+00
   2.2507950e-02   1.1945738e+00
   2.2836774e-02   1.2014387e+00
   2.3167713e-02   1.2035429e+00
   2.3500790e-02   1.2068534e+00
   2.3836029e-02   1.2155859e+00
   2.4173453e-02   1.2156467e+00
   2.4513085e-02   1.2164920e+00
   2.4854951e-02   1.2249167e+00
   2.5199073e-02   1.2276288e+00
   2.5545476e-02   1.2315452e+00
   2.5894183e-02   1.2367197e+00
   2.6245219e-02   1.2396718e+00
   2.6598608e-02   1.2429800e+00
   2.6954375e-02   1.2465985e+00
   2.7312543e-02   1.2517147e+00
   2.7673138e-02   1.2577927e+00
   2.8036184e-02   1.2610433e+00
   2.8401422e-02   1.2616518e+00
   2.8769734e-02   1.2637577e+00
   2.9139664e-02   1.2758006e+00
   2.9513004e-02   1.2767050e+00
   2.9889207e-02   1.2788656e+00
   3.0267800e-02   1.2791065e+00
   3.0647927e-02   1.2878436e+00
   3.1030957e-02   1.2917583e+00
   3.1416734e-02   1.2971698e+00
   3.1805774e-02   1.2998866e+00
   3.2197021e-02   1.2999386e+00
   3.2590369e-02   1.3068116e+00
   3.2987145e-02   1.3119295e+00
   3.3386229e-02   1.3152331e+00
   3.3788572e-02   1.3169977e+00
   3.4193630e-02   1.3210116e+00
   3.4602254e-02   1.3218648e+00
   3.5014550e-02   1.3239725e+00
   3.5430308e-02   1.3332964e+00
   3.5848042e-02   1.3360154e+00
   3.6268318e-02   1.3369181e+00
   3.6692091e-02   1.3410799e+00
   3.7119616e-02   1.3434016e+00
   3.7550507e-02   1.3480584e+00
   3.7983778e-02   1.3513597e+00
   3.8419576e-02   1.3519714e+00
   3.8858829e-02   1.3601013e+00
   3.9300228e-02   1.3651622e+00
   3.9745192e-02   1.3657916e+00
   4.0194024e-02   1.3670246e+00
   4.0646654e-02   1.3694230e+00
   4.1102657e-02   1.3721443e+00
   4.1561600e-02   1.3820779e+00
   4.2023081e-02   1.3841872e+00
   4.2488473e-02   1.3868646e+00
   4.2957668e-02   1.3874863e+00
   4.3429142e-02   1.3892444e+00
   4.3903124e-02   1.3962302e+00
   4.4381187e-02   1.3971312e+00
   4.4863348e-02   1.4055496e+00
   4.5349313e-02   1.4079375e+00
   4.5838291e-02   1.4082732e+00
   4.6331113e-02   1.4121844e+00
   4.6827044e-02   1.4133267e+00
   4.7326988e-02   1.4203161e+00
   4.7830425e-02   1.4236128e+00
   4.8339185e-02   1.4272377e+00
   4.8851811e-02   1.4290105e+00
   4.9368656e-02   1.4323591e+00
   4.9889917e-02   1.4374089e+00
   5.0413664e-02   1.4416761e+00
   5.0942850e-02   1.4432318e+00
   5.1475143e-02   1.4444020e+00
   5.2011154e-02   1.4500835e+00
   5.2550920e-02   1.4564450e+00
   5.3095135e-02   1.4592259e+00
   5.3644176e-02   1.4597394e+00
   5.4197680e-02   1.4614912e+00
   5.4754299e-02   1.4684879e+00
   5.5314717e-02   1.4711564e+00
   5.5878098e-02   1.4742791e+00
   5.6446252e-02   1.4778027e+00
   5.7019303e-02   1.4805309e+00
   5.7596133e-02   1.4815425e+00
   5.8177014e-02   1.4855734e+00
   5.8762687e-02   1.4893324e+00
   5.9353450e-02   1.4922294e+00
   5.9947507e-02   1.4925739e+00
   6.0547932e-02   1.4958660e+00
   6.1152798e-02   1.5043857e+00
   6.1761670e-02   1.5046168e+00
   6.2374243e-02   1.5086335e+00
   6.2991693e-02   1.5096556e+00
   6.3614299e-02   1.5133024e+00
   6.4243205e-02   1.5139293e+00
   6.4876253e-02   1.5166598e+00
   6.5513414e-02   1.5194389e+00
   6.6155637e-02   1.5287027e+00
   6.6803272e-02   1.5319926e+00
   6.7456089e-02   1.5343753e+00
   6.8113295e-02   1.5344922e+00
   6.8774216e-02   1.5352430e+00
   6.9440877e-02   1.5357246e+00
   7.0112929e-02   1.5414984e+00
   7.0790048e-02   1.5495455e+00
   7.1472856e-02   1.5500559e+00
   7.2159299e-02   1.5542940e+00
   7.2850098e-02   1.5554483e+00
   7.3546428e-02   1.5608304e+00
   7.4248916e-02   1.5628157e+00
   7.4955160e-02   1.5645987e+00
   7.5666738e-02   1.5663370e+00
   7.6383579e-02   1.5681191e+00
   7.7107130e-02   1.5765213e+00
   7.7834287e-02   1.5783799e+00
   7.8566167e-02   1.5796520e+00
   7.9302800e-02   1.5849126e+00
   8.0045214e-02   1.5861824e+00
   8.0793329e-02   1.5899067e+00
   8.1545489e-02   1.5904229e+00
   8.2301213e-02   1.5947053e+00
   8.3063708e-02   1.5975942e+00
   8.3831954e-02   1.6024658e+00
   8.4605997e-02   1.6042457e+00
   8.5385433e-02   1.6089949e+00
   8.6168871e-02   1.6097585e+00
   8.6955974e-02   1.6145088e+00
   8.7748942e-02   1.6169978e+00
   8.8547613e-02   1.6186672e+00
   8.9351336e-02   1.6223090e+00
   9.0161762e-02   1.6248118e+00
   9.0976962e-02   1.6265517e+00
   9.1796436e-02   1.6330771e+00
   9.2621931e-02   1.6385947e+00
   9.3451655e-02   1.6397402e+00
   9.4286902e-02   1.6398651e+00
   9.5127242e-02   1.6403723e+00
   9.5972902e-02   1.6440888e+00
   9.6825292e-02   1.6460591e+00
   9.7681830e-02   1.6506376e+00
   9.8545119e-02   1.6549183e+00
   9.9413888e-02   1.6571594e+00
   1.0028793e-01   1.6584356e+00
   1.0116674e-01   1.6608131e+00
   1.0205074e-01   1.6626806e+00
   1.0293959e-01   1.6699716e+00
   1.0383425e-01   1.6711799e+00
   1.0473458e-01   1.6747236e+00
   1.0563929e-01   1.6761584e+00
   1.0654952e-01   1.6764989e+00
   1.0746502e-01   1.6812416e+00
   1.0838576e-01   1.6818861e+00
   1.0931202e-01   1.6850249e+00
   1.1024339e-01   1.6867665e+00
   1.1117950e-01   1.6945622e+00
   1.1212138e-01   1.6982710e+00
   1.1306731e-01   1.6988095e+00
   1.1401769e-01   1.7000781e+00
   1.1497444e-01   1.7029591e+00
   1.1593584e-01   1.7053239e+00
   1.1690295e-01   1.7062578e+00
   1.1787511e-01   1.7108524e+00
   1.1885341e-01   1.7126254e+00
   1.1983737e-01   1.7151314e+00
   1.2082673e-01   1.7228954e+00
   1.2182163e-01   1.7240320e+00
   1.2282206e-01   1.7270552e+00
   1.2382740e-01   1.7294061e+00
   1.2483777e-01   1.7301846e+00
   1.2585344e-01   1.7318177e+00
   1.2687296e-01   1.7349383e+00
   1.2789805e-01   1.7363571e+00
   1.2892848e-01   1.7451050e+00
   1.2996451e-01   1.7452379e+00
   1.3100523e-01   1.7469813e+00
   1.3205234e-01   1.7510099e+00
   1.3310533e-01   1.7534884e+00
   1.3416329e-01   1.7558395e+00
   1.3522606e-01   1.7590243e+00
   1.3629465e-01   1.7602912e+00
   1.3736766e-01   1.7661780e+00
   1.3844424e-01   1.7664565e+00
   1.3952635e-01   1.7690732e+00
   1.4061456e-01   1.7710672e+00
   1.4170661e-01   1.7753444e+00
   1.4280384e-01   1.7775706e+00
   1.4390511e-01   1.7829305e+00
   1.4500992e-01   1.7831102e+00
   1.4612087e-01   1.7871365e+00
   1.4723767e-01   1.7872509e+00
   1.4835915e-01   1.7903977e+00
   1.4948704e-01   1.7951531e+00
   1.5061960e-01   1.7965559e+00
   1.5175675e-01   1.8016528e+00
   1.5289855e-01   1.8051998e+00
   1.5404650e-01   1.8054510e+00
   1.5520056e-01   1.8071961e+00
   1.5635911e-01   1.8083239e+00
   1.5752306e-01   1.8100216e+00
   1.5869154e-01   1.8105443e+00
   1.5986521e-01   1.8192390e+00
   1.6104352e-01   1.8205042e+00
   1.6222624e-01   1.8232631e+00
   1.6341333e-01   1.8257351e+00
   1.6460613e-01   1.8266552e+00
   1.6580330e-01   1.8293969e+00
   1.6700411e-01   1.8312820e+00
   1.6821075e-01   1.8355575e+00
   1.6942127e-01   1.8371127e+00
   1.7063742e-01   1.8413264e+00
   1.7185729e-01   1.8433249e+00
   1.7308241e-01   1.8436514e+00
   1.7431150e-01   1.8498173e+00
   1.7554346e-01   1.8504698e+00
   1.7677986e-01   1.8506108e+00
   1.7802076e-01   1.8553679e+00
   1.7926731e-01   1.8567546e+00
   1.8051700e-01   1.8593897e+00
   1.8176922e-01   1.8642037e+00
   1.8302495e-01   1.8656640e+00
   1.8428495e-01   1.8674109e+00
   1.8554891e-01   1.8715428e+00
   1.8681747e-01   1.8738996e+00
   1.8809035e-01   1.8767585e+00
   1.8936562e-01   1.8774529e+00
   1.9064387e-01   1.8794538e+00
   1.9192653e-01   1.8807173e+00
   1.9321365e-01   1.8868540e+00
   1.9450370e-01   1.8912948e+00
   1.9579715e-01   1.8914968e+00
   1.9709319e-01   1.8926158e+00
   1.9839131e-01   1.8955162e+00
   1.9969403e-01   1.8957706e+00
   2.0099923e-01   1.8979818e+00
   2.0230732e-01   1.9035397e+00
   2.0361789e-01   1.9098656e+00
   2.0493251e-01   1.9108238e+00
   2.0624906e-01   1.9135795e+00
   2.0756697e-01   1.9136887e+00
   2.0888645e-01   1.9155827e+00
   2.1020848e-01   1.9183859e+00
   2.1153336e-01   1.9188346e+00
   2.1285998e-01   1.9220641e+00
   2.1418830e-01   1.9268179e+00
   2.1551817e-01   1.9283783e+00
   2.1685009e-01   1.9316428e+00
   2.1818431e-01   1.9347617e+00
   2.1952023e-01   1.9411740e+00
   2.2085869e-01   1.9428120e+00
   2.2219799e-01   1.9429727e+00
   2.2353890e-01   1.9454769e+00
   2.2488067e-01   1.9461463e+00
   2.2622325e-01   1.9497061e+00
   2.2756785e-01   1.9508151e+00
   2.2891488e-01   1.9532169e+00
   2.3026227e-01   1.9558347e+00
   2.3161045e-01   1.9578653e+00
   2.3296080e-01   1.9652599e+00
   2.3431283e-01   1.9677694e+00
   2.3566547e-01   1.9702285e+00
   2.3701856e-01   1.9725680e+00
   2.3837253e-01   1.9729185e+00
   2.3972911e-01   1.9749951e+00
   2.4108571e-01   1.9760798e+00
   2.4244297e-01   1.9769076e+00
   2.4380175e-01   1.9773028e+00
   2.4516098e-01   1.9809145e+00
   2.4651989e-01   1.9858327e+00
   2.4787969e-01   1.9879718e+00
   2.4923983e-01   1.9893458e+00
   2.5060008e-01   1.9943108e+00
   2.5196159e-01   1.9979806e+00
   2.5332247e-01   1.9996590e+00
   2.5468425e-01   2.0013887e+00
   2.5604694e-01   2.0030251e+00
   2.5741073e-01   2.0038960e+00
   2.5877426e-01   2.0091869e+00
   2.6013892e-01   2.0110139e+00
   2.6150235e-01   2.0111093e+00
   2.6286628e-01   2.0134317e+00
   2.6423097e-01   2.0180783e+00
   2.6559719e-01   2.0183930e+00
   2.6696265e-01   2.0203706e+00
   2.6832855e-01   2.0219592e+00
   2.6969487e-01   2.0254747e+00
   2.7106086e-01   2.0267501e+00
   2.7242580e-01   2.0331316e+00
   2.7379034e-01   2.0375176e+00
   2.7515525e-01   2.0400225e+00
   2.7651846e-01   2.0411132e+00
   2.7787987e-01   2.0422940e+00
   2.7924101e-01   2.0424753e+00
   2.8060239e-01   2.0427607e+00
   2.8196240e-01   2.0472234e+00
   2.8332157e-01   2.0481849e+00
   2.8467891e-01   2.0495606e+00
   2.8603637e-01   2.0538412e+00
   2.8739440e-01   2.0580858e+00
   2.8875135e-01   2.0616035e+00
   2.9010714e-01   2.0632381e+00
   2.9146131e-01   2.0638336e+00
   2.9281488e-01   2.0665575e+00
   2.9416829e-01   2.0712126e+00
   2.9551947e-01   2.0736465e+00
   2.9686876e-01   2.0754011e+00
   2.9821763e-01   2.0761491e+00
   2.9956406e-01   2.0782914e+00
   3.0091061e-01   2.0809322e+00
   3.0225594e-01   2.0833376e+00
   3.0359958e-01   2.0849066e+00
   3.0494027e-01   2.0856894e+00
   3.0628096e-01   2.0906398e+00
   3.0761909e-01   2.0933447e+00
   3.0895533e-01   2.0942124e+00
   3.1028858e-01   2.0977324e+00
   3.1162091e-01   2.1013120e+00
   3.1295159e-01   2.1059795e+00
   3.1428012e-01   2.1080233e+00
   3.1560653e-01   2.1083979e+00
   3.1693053e-01   2.1097753e+00
   3.1825283e-01   2.1105773e+00
   3.1957500e-01   2.1122757e+00
   3.2089380e-01   2.1147220e+00
   3.2221063e-01   2.1194518e+00
   3.2352525e-01   2.1218183e+00
   3.2483771e-01   2.1234512e+00
   3.2614838e-01   2.1270525e+00
   3.2745913e-01   2.1303390e+00
   3.2876880e-01   2.1314113e+00
   3.3007664e-01   2.1338613e+00
   3.3138225e-01   2.1351144e+00
   3.3268436e-01   2.1385045e+00
   3.3398383e-01   2.1388042e+00
   3.3528205e-01   2.1394082e+00
   3.3657801e-01   2.1457536e+00
   3.3787260e-01   2.1459042e+00
   3.3916568e-01   2.1481255e+00
   3.4045645e-01   2.1484023e+00
   3.4174492e-01   2.1535577e+00
   3.4303175e-01   2.1555660e+00
   3.4431679e-01   2.1579472e+00
   3.4559868e-01   2.1615107e+00
   3.4687924e-01   2.1622054e+00
   3.4815748e-01   2.1628865e+00
   3.4943367e-01   2.1664655e+00
   3.5070796e-01   2.1686110e+00
   3.5198085e-01   2.1691984e+00
   3.5325060e-01   2.1699901e+00
   3.5451795e-01   2.1785288e+00
   3.5578375e-01   2.1788607e+00
   3.5704738e-01   2.1820331e+00
   3.5830920e-01   2.1836643e+00
   3.5956824e-01   2.1845288e+00
   3.6082483e-01   2.1869687e+00
   3.6207834e-01   2.1892965e+00
   3.6333027e-01   2.1902714e+00
   3.6457861e-01   2.1916101e+00
   3.6582515e-01   2.1916802e+00
   3.6706996e-01   2.1940760e+00
   3.6831389e-01   2.1987175e+00
   3.6955623e-01   2.2025921e+00
   3.7079623e-01   2.2061190e+00
   3.7203387e-01   2.2110510e+00
   3.7326918e-01   2.2113444e+00
   3.7450217e-01   2.2119678e+00
   3.7573240e-01   2.2137708e+00
   3.7696052e-01   2.2163875e+00
   3.7818503e-01   2.2176494e+00
   3.7940720e-01   2.2181619e+00
   3.8062777e-01   2.2206554e+00
   3.8184593e-01   2.2217094e+00
   3.8306237e-01   2.2277944e+00
   3.8427700e-01   2.2288241e+00
   3.8548850e-01   2.2302049e+00
   3.8669822e-01   2.2324173e+00
   3.8790609e-01   2.2351332e+00
   3.8911216e-01   2.2387187e+00
   3.9031486e-01   2.2422479e+00
   3.9151457e-01   2.2434786e+00
   3.9271179e-01   2.2438773e+00
   3.9390766e-01   2.2450749e+00
   3.9510165e-01   2.2518088e+00
   3.9629487e-01   2.2534903e+00
   3.9748532e-01   2.2542908e+00
   3.9867444e-01   2.2567700e+00
   3.9986222e-01   2.2567820e+00
   4.0104731e-01   2.2589306e+00
   4.0223021e-01   2.2592155e+00
   4.0341209e-01   2.2639086e+00
   4.0459134e-01   2.2663338e+00
   4.0576807e-01   2.2705697e+00
   4.0694216e-01   2.2739838e+00
   4.0811543e-01   2.2745633e+00
   4.0928631e-01   2.2748453e+00
   4.1045460e-01   2.2781820e+00
   4.1162096e-01   2.2783767e+00
   4.1278573e-01   2.2819081e+00
   4.1394832e-01   2.2832977e+00
   4.1510834e-01   2.2890371e+00
   4.1626670e-01   2.2904197e+00
   4.1742284e-01   2.2929086e+00
   4.1857740e-01   2.2956362e+00
   4.1972890e-01   2.2958907e+00
   4.2087671e-01   2.2976607e+00
   4.2202204e-01   2.3022800e+00
   4.2316505e-01   2.3024626e+00
   4.2430587e-01   2.3040904e+00
   4.2544473e-01   2.3088851e+00
   4.2658251e-01   2.3112891e+00
   4.2771785e-01   2.3120075e+00
   4.2884966e-01   2.3121008e+00
   4.2997926e-01   2.3152583e+00
   4.3110719e-01   2.3167092e+00
   4.3223350e-01   2.3191436e+00
   4.3335862e-01   2.3247518e+00
   4.3448065e-01   2.3280539e+00
   4.3560043e-01   2.3312930e+00
   4.3671688e-01   2.3341969e+00
   4.3783285e-01   2.3344725e+00
   4.3894662e-01   2.3350113e+00
   4.4005756e-01   2.3377822e+00
   4.4116630e-01   2.3400969e+00
   4.4227311e-01   2.3406513e+00
   4.4337675e-01   2.3421069e+00
   4.4447818e-01   2.3443962e+00
   4.4557728e-01   2.3492502e+00
   4.4667396e-01   2.3493563e+00
   4.4776744e-01   2.3518429e+00
   4.4885882e-01   2.3521398e+00
   4.4994958e-01   2.3585547e+00
   4.5103793e-01   2.3588551e+00
   4.5212366e-01   2.3641828e+00
   4.5320850e-01   2.3643034e+00
   4.5428982e-01   2.3674196e+00
   4.5537063e-01   2.3722062e+00
   4.5644932e-01   2.3741319e+00
   4.5752587e-01   2.3762257e+00
   4.5859836e-01   2.3767655e+00
   4.5966805e-01   2.3775033e+00
   4.6073629e-01   2.3789339e+00
   4.6180282e-01   2.3793567e+00
   4.6286761e-01   2.3799281e+00
   4.6392954e-01   2.3826370e+00
   4.6498981e-01   2.3854829e+00
   4.6604743e-01   2.3882687e+00
   4.6710368e-01   2.3944100e+00
   4.6815856e-01   2.4003117e+00
   4.6921099e-01   2.4010011e+00
   4.7026067e-01   2.4023056e+00
   4.7130854e-01   2.4035462e+00
   4.7235655e-01   2.4060250e+00
   4.7340179e-01   2.4067192e+00
   4.7444451e-01   2.4104041e+00
   4.7548599e-01   2.4106104e+00
   4.7652477e-01   2.4123546e+00
   4.7756342e-01   2.4128797e+00
   4.7860003e-01   2.4132525e+00
   4.7963548e-01   2.4216095e+00
   4.8066857e-01   2.4220740e+00
   4.8169945e-01   2.4243976e+00
   4.8272839e-01   2.4263982e+00
   4.8375592e-01   2.4308015e+00
   4.8478132e-01   2.4324050e+00
   4.8580383e-01   2.4331160e+00
   4.8682465e-01   2.4364405e+00
   4.8784368e-01   2.4396728e+00
   4.8886076e-01   2.4414514e+00
   4.8987608e-01   2.4431470e+00
   4.9089051e-01   2.4437175e+00
   4.9190244e-01   2.4484835e+00
   4.9291287e-01   2.4489939e+00
   4.9392111e-01   2.4523731e+00
   4.9492888e-01   2.4548837e+00
   4.9593553e-01   2.4565047e+00
   4.9694046e-01   2.4577361e+00
   4.9794422e-01   2.4602071e+00
   4.9894551e-01   2.4605264e+00
   4.9994500e-01   2.4625043e+00
   5.0094077e-01   2.4642200e+00
   5.0193534e-01   2.4715580e+00
   5.0292923e-01   2.4725694e+00
   5.0392210e-01   2.4757993e+00
   5.0491294e-01   2.4768246e+00
   5.0590250e-01   2.4789659e+00
   5.0688931e-01   2.4846123e+00
   5.0787456e-01   2.4851081e+00
   5.0885828e-01   2.4852929e+00
   5.0984120e-01   2.4866112e+00
   5.1082210e-01   2.4872982e+00
   5.1180159e-01   2.4926037e+00
   5.1277934e-01   2.4938626e+00
   5.1375775e-01   2.4939387e+00
   5.1473516e-01   2.4966553e+00
   5.1571111e-01   2.5016645e+00
   5.1668529e-01   2.5030482e+00
   5.1765818e-01   2.5063659e+00
   5.1862966e-01   2.5086983e+00
   5.1959960e-01   2.5099317e+00
   5.2056829e-01   2.5119259e+00
   5.2153654e-01   2.5143892e+00
   5.2250274e-01   2.5167177e+00
   5.2346791e-01   2.5207412e+00
   5.2443271e-01   2.5212223e+00
   5.2539636e-01   2.5227031e+00
   5.2635887e-01   2.5271304e+00
   5.2732077e-01   2.5274389e+00
   5.2828021e-01   2.5299892e+00
   5.2923770e-01   2.5317710e+00
   5.3019409e-01   2.5327842e+00
   5.3114974e-01   2.5355044e+00
   5.3210410e-01   2.5414803e+00
   5.3305743e-01   2.5430388e+00
   5.3400898e-01   2.5448271e+00
   5.3496018e-01   2.5468243e+00
   5.3591051e-01   2.5480525e+00
   5.3686009e-01   2.5485118e+00
   5.3780827e-01   2.5512127e+00
   5.3875613e-01   2.5528024e+00
   5.3970334e-01   2.5568701e+00
   5.4064966e-01   2.5573365e+00
   5.4159496e-01   2.5618775e+00
   5.4253982e-01   2.5661158e+00
   5.4348362e-01   2.5685714e+00
   5.4442740e-01   2.5689130e+00
   5.4537069e-01   2.5695848e+00
   5.4631240e-01   2.5746250e+00
   5.4725484e-01   2.5752949e+00
   5.4819738e-01   2.5761459e+00
   5.4913811e-01   2.5769308e+00
   5.5007758e-01   2.5809560e+00
   5.5101554e-01   2.5829018e+00
   5.5195306e-01   2.5841791e+00
   5.5289060e-01   2.5906578e+00
   5.5382976e-01   2.5919841e+00
   5.5476868e-01   2.5929990e+00
   5.5570708e-01   2.5934507e+00
   5.5664558e-01   2.5973556e+00
   5.5758277e-01   2.5993772e+00
   5.5851979e-01   2.6022424e+00
   5.5945620e-01   2.6050419e+00
   5.6039063e-01   2.6070373e+00
   5.6132540e-01   2.6092530e+00
   5.6226047e-01   2.6117307e+00
   5.6319389e-01   2.6130012e+00
   5.6412636e-01   2.6137456e+00
   5.6505828e-01   2.6170849e+00
   5.6598984e-01   2.6203056e+00
   5.6692038e-01   2.6220906e+00
   5.6785043e-01   2.6234594e+00
   5.6878031e-01   2.6261399e+00
   5.6971020e-01   2.6291278e+00
   5.7063871e-01   2.6295648e+00
   5.7156683e-01   2.6328037e+00
   5.7249460e-01   2.6371439e+00
   5.7342248e-01   2.6383689e+00
   5.7435091e-01   2.6411708e+00
   5.7527870e-01   2.6423601e+00
   5.7620697e-01   2.6431005e+00
   5.7713517e-01   2.6475416e+00
   5.7806266e-01   2.6521971e+00
   5.7898932e-01   2.6528662e+00
   5.7991489e-01   2.6532137e+00
   5.8083939e-01   2.6532309e+00
   5.8176329e-01   2.6538767e+00
   5.8268652e-01   2.6564322e+00
   5.8360901e-01   2.6656790e+00
   5.8453122e-01   2.6672504e+00
   5.8545283e-01   2.6716239e+00
   5.8637496e-01   2.6731999e+00
   5.8729642e-01   2.6744955e+00
   5.8821661e-01   2.6749496e+00
   5.8913637e-01   2.6754672e+00
   5.9005646e-01   2.6803220e+00
   5.9097495e-01   2.6823037e+00
   5.9189344e-01   2.6919868e+00
   5.9281121e-01   2.6925588e+00
   5.9372970e-01   2.6957061e+00
   5.9464701e-01   2.6973397e+00
   5.9556448e-01   2.6973569e+00
   5.9648292e-01   2.7017932e+00
   5.9740052e-01   2.7032993e+00
   5.9831731e-01   2.7074130e+00
   5.9923317e-01   2.7085743e+00
   6.0014966e-01   2.7106221e+00
   6.0106480e-01   2.7124102e+00
   6.0197805e-01   2.7197297e+00
   6.0289119e-01   2.7197884e+00
   6.0380351e-01   2.7274635e+00
   6.0471544e-01   2.7286854e+00
   6.0562637e-01   2.7311074e+00
   6.0653764e-01   2.7333986e+00
   6.0744921e-01   2.7345041e+00
   6.0836018e-01   2.7379074e+00
   6.0926924e-01   2.7408027e+00
   6.1017762e-01   2.7416814e+00
   6.1108615e-01   2.7425167e+00
   6.1199280e-01   2.7438706e+00
   6.1289862e-01   2.7467487e+00
   6.1380350e-01   2.7575700e+00
   6.1470821e-01   2.7615952e+00
   6.1561198e-01   2.7618756e+00
   6.1651565e-01   2.7634980e+00
   6.1741841e-01   2.7648119e+00
   6.1832123e-01   2.7679529e+00
   6.1922425e-01   2.7702280e+00
   6.2012781e-01   2.7726233e+00
   6.2103032e-01   2.7740216e+00
   6.2193272e-01   2.7747884e+00
   6.2283514e-01   2.7828752e+00
   6.2373514e-01   2.7829486e+00
   6.2463553e-01   2.7876765e+00
   6.2553505e-01   2.7886862e+00
   6.2643480e-01   2.7920351e+00
   6.2733274e-01   2.7935974e+00
   6.2823063e-01   2.8009385e+00
   6.2912828e-01   2.8027298e+00
   6.3002527e-01   2.8040216e+00
   6.3092186e-01   2.8078955e+00
   6.3181758e-01   2.8093486e+00
   6.3271110e-01   2.8101358e+00
   6.3360473e-01   2.8157773e+00
   6.3449857e-01   2.8161173e+00
   6.3539189e-01   2.8177830e+00
   6.3628459e-01   2.8190018e+00
   6.3717588e-01   2.8236967e+00
   6.3806759e-01   2.8250945e+00
   6.3895881e-01   2.8328363e+00
   6.3984925e-01   2.8370651e+00
   6.4073941e-01   2.8401996e+00
   6.4162817e-01   2.8410026e+00
   6.4251432e-01   2.8428684e+00
   6.4339980e-01   2.8461675e+00
   6.4428401e-01   2.8462500e+00
   6.4516739e-01   2.8478896e+00
   6.4604997e-01   2.8484692e+00
   6.4692917e-01   2.8537961e+00
   6.4780774e-01   2.8551284e+00
   6.4868665e-01   2.8629428e+00
   6.4956481e-01   2.8642818e+00
   6.5044175e-01   2.8672404e+00
   6.5131682e-01   2.8699594e+00
   6.5219062e-01   2.8731917e+00
   6.5306356e-01   2.8741097e+00
   6.5393521e-01   2.8779961e+00
   6.5480470e-01   2.8823642e+00
   6.5567262e-01   2.8857767e+00
   6.5653799e-01   2.8875898e+00
   6.5740216e-01   2.8883134e+00
   6.5826609e-01   2.8883641e+00
   6.5912885e-01   2.8923839e+00
   6.5999079e-01   2.8939902e+00
   6.6084939e-01   2.8970505e+00
   6.6170635e-01   2.9072168e+00
   6.6256215e-01   2.9093864e+00
   6.6341653e-01   2.9099843e+00
   6.6426991e-01   2.9115762e+00
   6.6511909e-01   2.9124463e+00
   6.6596677e-01   2.9177572e+00
   6.6681325e-01   2.9184784e+00
   6.6765800e-01   2.9241415e+00
   6.6850126e-01   2.9250376e+00
   6.6934307e-01   2.9267105e+00
   6.7018194e-01   2.9296394e+00
   6.7101878e-01   2.9304593e+00
   6.7185384e-01   2.9365286e+00
   6.7268720e-01   2.9400908e+00
   6.7351885e-01   2.9403239e+00
   6.7434863e-01   2.9477027e+00
   6.7517631e-01   2.9478566e+00
   6.7600101e-01   2.9512326e+00
   6.7682479e-01   2.9515323e+00
   6.7764641e-01   2.9545926e+00
   6.7846619e-01   2.9551441e+00
   6.7928212e-01   2.9606108e+00
   6.8009706e-01   2.9657660e+00
   6.8091013e-01   2.9658311e+00
   6.8172063e-01   2.9701974e+00
   6.8252933e-01   2.9726053e+00
   6.8333577e-01   2.9734310e+00
   6.8414028e-01   2.9779560e+00
   6.8494263e-01   2.9783237e+00
   6.8574287e-01   2.9838293e+00
   6.8654030e-01   2.9846931e+00
   6.8733542e-01   2.9852506e+00
   6.8812901e-01   2.9907068e+00
   6.8892037e-01   2.9936782e+00
   6.8970994e-01   3.0003039e+00
   6.9049730e-01   3.0018926e+00
   6.9128202e-01   3.0049517e+00
   6.9206348e-01   3.0054147e+00
   6.9284257e-01   3.0065381e+00
   6.9361903e-01   3.0080553e+00
   6.9439241e-01   3.0087753e+00
   6.9516334e-01   3.0147512e+00
   6.9593255e-01   3.0153571e+00
   6.9669992e-01   3.0199559e+00
   6.9746644e-01   3.0268210e+00
   6.9823040e-01   3.0304104e+00
   6.9899200e-01   3.0325058e+00
   6.9975104e-01   3.0328575e+00
   7.0050617e-01   3.0358242e+00
   7.0125914e-01   3.0380192e+00
   7.0200916e-01   3.0381547e+00
   7.0275722e-01   3.0396452e+00
   7.0350253e-01   3.0440723e+00
   7.0424524e-01   3.0454637e+00
   7.0498594e-01   3.0560825e+00
   7.0572392e-01   3.0568971e+00
   7.0646016e-01   3.0569398e+00
   7.0719334e-01   3.0595969e+00
   7.0792405e-01   3.0605169e+00
   7.0865267e-01   3.0629352e+00
   7.0937845e-01   3.0682541e+00
   7.1010217e-01   3.0727523e+00
   7.1082284e-01   3.0741457e+00
   7.1154066e-01   3.0755702e+00
   7.1225484e-01   3.0779701e+00
   7.1296746e-01   3.0825272e+00
   7.1367725e-01   3.0831929e+00
   7.1438423e-01   3.0866879e+00
   7.1508876e-01   3.0906235e+00
   7.1579158e-01   3.0922090e+00
   7.1649221e-01   3.0983534e+00
   7.1718961e-01   3.0990431e+00
   7.1788418e-01   3.0990494e+00
   7.1857604e-01   3.1056767e+00
   7.1926638e-01   3.1058594e+00
   7.1995281e-01   3.1081145e+00
   7.2063645e-01   3.1102723e+00
   7.2131757e-01   3.1137790e+00
   7.2199558e-01   3.1201160e+00
   7.2267119e-01   3.1207300e+00
   7.2334472e-01   3.1223135e+00
   7.2401581e-01   3.1283356e+00
   7.2468248e-01   3.1284528e+00
   7.2534648e-01   3.1321968e+00
   7.2600799e-01   3.1351636e+00
   7.2666705e-01   3.1357833e+00
   7.2732388e-01   3.1389665e+00
   7.2797847e-01   3.1408700e+00
   7.2863061e-01   3.1411890e+00
   7.2928006e-01   3.1463989e+00
   7.2992685e-01   3.1508365e+00
   7.3057121e-01   3.1562790e+00
   7.3121262e-01   3.1585522e+00
   7.3185176e-01   3.1614341e+00
   7.3248818e-01   3.1622620e+00
   7.3312258e-01   3.1644622e+00
   7.3375430e-01   3.1658898e+00
   7.3438422e-01   3.1679611e+00
   7.3501121e-01   3.1712778e+00
   7.3563549e-01   3.1741428e+00
   7.3625734e-01   3.1803613e+00
   7.3687559e-01   3.1809431e+00
   7.3749110e-01   3.1825255e+00
   7.3810330e-01   3.1833349e+00
   7.3871250e-01   3.1886515e+00
   7.3931952e-01   3.1950522e+00
   7.3992382e-01   3.1959963e+00
   7.4052574e-01   3.2005547e+00
   7.4112640e-01   3.2005888e+00
   7.4172374e-01   3.2044079e+00
   7.4231864e-01   3.2044435e+00
   7.4291124e-01   3.2073920e+00
   7.4350147e-01   3.2093191e+00
   7.4408921e-01   3.2110496e+00
   7.4467461e-01   3.2186520e+00
   7.4525725e-01   3.2187509e+00
   7.4583732e-01   3.2221432e+00
   7.4641509e-01   3.2254809e+00
   7.4699096e-01   3.2261029e+00
   7.4756551e-01   3.2285258e+00
   7.4813836e-01   3.2367153e+00
   7.4870833e-01   3.2396753e+00
   7.4927609e-01   3.2411561e+00
   7.4984179e-01   3.2424262e+00
   7.5040509e-01   3.2435062e+00
   7.5096490e-01   3.2465538e+00
   7.5152282e-01   3.2488503e+00
   7.5207794e-01   3.2492343e+00
   7.5262990e-01   3.2526080e+00
   7.5317950e-01   3.2547786e+00
   7.5372597e-01   3.2562094e+00
   7.5427098e-01   3.2676268e+00
   7.5481231e-01   3.2712627e+00
   7.5535200e-01   3.2728419e+00
   7.5589041e-01   3.2755333e+00
   7.5642594e-01   3.2763254e+00
   7.5695922e-01   3.2766903e+00
   7.5749069e-01   3.2787959e+00
   7.5802075e-01   3.2789496e+00
   7.5854818e-01   3.2796204e+00
   7.5907267e-01   3.2863159e+00
   7.5959537e-01   3.2886998e+00
   7.6011624e-01   3.2909052e+00
   7.6063532e-01   3.3007725e+00
   7.6115204e-01   3.3013692e+00
   7.6166874e-01   3.3034164e+00
   7.6218272e-01   3.3086404e+00
   7.6269485e-01   3.3089685e+00
   7.6320504e-01   3.3090490e+00
   7.6371380e-01   3.3097727e+00
   7.6422125e-01   3.3157346e+00
   7.6472702e-01   3.3164224e+00
   7.6523062e-01   3.3179165e+00
   7.6573313e-01   3.3248547e+00
   7.6623306e-01   3.3270318e+00
   7.6673172e-01   3.3305075e+00
   7.6722845e-01   3.3308457e+00
   7.6772446e-01   3.3391484e+00
   7.6821911e-01   3.3417475e+00
   7.6871203e-01   3.3450951e+00
   7.6920376e-01   3.3489370e+00
   7.6969307e-01   3.3518488e+00
   7.7018147e-01   3.3519187e+00
   7.7066744e-01   3.3570371e+00
   7.7115090e-01   3.3575985e+00
   7.7163288e-01   3.3631583e+00
   7.7211328e-01   3.3692477e+00
   7.7259207e-01   3.3730192e+00
   7.7306946e-01   3.3743087e+00
   7.7354481e-01   3.3748546e+00
   7.7401797e-01   3.3812216e+00
   7.7448947e-01   3.3846896e+00
   7.7495989e-01   3.3879630e+00
   7.7542844e-01   3.3961577e+00
   7.7589428e-01   3.3966987e+00
   7.7635856e-01   3.3971015e+00
   7.7682134e-01   3.3992849e+00
   7.7728208e-01   3.3993471e+00
   7.7774189e-01   3.4079617e+00
   7.7820025e-01   3.4117807e+00
   7.7865637e-01   3.4173482e+00
   7.7911172e-01   3.4177717e+00
   7.7956574e-01   3.4211837e+00
   7.8001846e-01   3.4240771e+00
   7.8047040e-01   3.4294465e+00
   7.8092058e-01   3.4352783e+00
   7.8136767e-01   3.4354115e+00
   7.8181371e-01   3.4388447e+00
   7.8225938e-01   3.4388717e+00
   7.8270395e-01   3.4410687e+00
   7.8314644e-01   3.4452660e+00
   7.8358701e-01   3.4534748e+00
   7.8402652e-01   3.4595458e+00
   7.8446500e-01   3.4599176e+00
   7.8490271e-01   3.4624485e+00
   7.8534020e-01   3.4676560e+00
   7.8577620e-01   3.4693482e+00
   7.8621027e-01   3.4726670e+00
   7.8664399e-01   3.4741758e+00
   7.8707671e-01   3.4743990e+00
   7.8750805e-01   3.4809906e+00
   7.8793817e-01   3.4896452e+00
   7.8836701e-01   3.4918593e+00
   7.8879396e-01   3.4934304e+00
   7.8921952e-01   3.4964402e+00
   7.8964457e-01   3.5008198e+00
   7.9006810e-01   3.5020636e+00
   7.9048900e-01   3.5072829e+00
   7.9090908e-01   3.5099226e+00
   7.9132788e-01   3.5135196e+00
   7.9174497e-01   3.5175127e+00
   7.9216112e-01   3.5197446e+00
   7.9257632e-01   3.5231365e+00
   7.9299044e-01   3.5235313e+00
   7.9340368e-01   3.5279858e+00
   7.9381588e-01   3.5369340e+00
   7.9422661e-01   3.5403900e+00
   7.9463648e-01   3.5415949e+00
   7.9504634e-01   3.5442095e+00
   7.9545395e-01   3.5460491e+00
   7.9586084e-01   3.5498439e+00
   7.9626786e-01   3.5506224e+00
   7.9667440e-01   3.5526402e+00
   7.9707856e-01   3.5641124e+00
   7.9748151e-01   3.5652825e+00
   7.9788333e-01   3.5656772e+00
   7.9828404e-01   3.5730482e+00
   7.9868441e-01   3.5734971e+00
   7.9908431e-01   3.5777134e+00
   7.9948334e-01   3.5799433e+00
   7.9988135e-01   3.5821757e+00
   8.0027876e-01   3.5863554e+00
   8.0067532e-01   3.5897594e+00
   8.0106996e-01   3.5917608e+00
   8.0146326e-01   3.6002390e+00
   8.0185492e-01   3.6048045e+00
   8.0224710e-01   3.6066042e+00
   8.0263871e-01   3.6074284e+00
   8.0303043e-01   3.6091624e+00
   8.0342172e-01   3.6100426e+00
   8.0381202e-01   3.6138417e+00
   8.0420105e-01   3.6183023e+00
   8.0459032e-01   3.6285013e+00
   8.0497890e-01   3.6308814e+00
   8.0536662e-01   3.6318956e+00
   8.0575176e-01   3.6363656e+00
   8.0613626e-01   3.6379239e+00
   8.0651950e-01   3.6397113e+00
   8.0690190e-01   3.6401420e+00
   8.0728370e-01   3.6452766e+00
   8.0766505e-01   3.6495743e+00
   8.0804604e-01   3.6544289e+00
   8.0842551e-01   3.6589866e+00
   8.0880419e-01   3.6620061e+00
   8.0918202e-01   3.6700020e+00
   8.0955798e-01   3.6702414e+00
   8.0993344e-01   3.6706473e+00
   8.1030839e-01   3.6724921e+00
   8.1068323e-01   3.6728184e+00
   8.1105708e-01   3.6813908e+00
   8.1143080e-01   3.6860777e+00
   8.1180376e-01   3.6860884e+00
   8.1217603e-01   3.6905554e+00
   8.1254752e-01   3.6917202e+00
   8.1291791e-01   3.7003407e+00
   8.1328815e-01   3.7059255e+00
   8.1365707e-01   3.7086187e+00
   8.1402537e-01   3.7091226e+00
   8.1439317e-01   3.7101706e+00
   8.1476017e-01   3.7127932e+00
   8.1512582e-01   3.7131687e+00
   8.1549109e-01   3.7175050e+00
   8.1585587e-01   3.7266820e+00
   8.1622001e-01   3.7304401e+00
   8.1658346e-01   3.7338662e+00
   8.1694589e-01   3.7342529e+00
   8.1730794e-01   3.7390326e+00
   8.1766968e-01   3.7402598e+00
   8.1803110e-01   3.7447453e+00
   8.1839215e-01   3.7506882e+00
   8.1875296e-01   3.7536192e+00
   8.1911323e-01   3.7549391e+00
   8.1947290e-01   3.7583351e+00
   8.1983312e-01   3.7605395e+00
   8.2019292e-01   3.7628086e+00
   8.2055246e-01   3.7673509e+00
   8.2091161e-01   3.7721397e+00
   8.2126974e-01   3.7760121e+00
   8.2162739e-01   3.7808719e+00
   8.2198516e-01   3.7824174e+00
   8.2234303e-01   3.7897334e+00
   8.2270051e-01   3.7906388e+00
   8.2305787e-01   3.7922539e+00
   8.2341517e-01   3.7944419e+00
   8.2377204e-01   3.7970851e+00
   8.2412862e-01   3.7989352e+00
   8.2448505e-01   3.8052468e+00
   8.2484096e-01   3.8064996e+00
   8.2519610e-01   3.8169984e+00
   8.2555104e-01   3.8181580e+00
   8.2590595e-01   3.8207382e+00
   8.2626192e-01   3.8215330e+00
   8.2661755e-01   3.8258476e+00
   8.2697286e-01   3.8305819e+00
   8.2732830e-01   3.8313745e+00
   8.2768402e-01   3.8350617e+00
   8.2803986e-01   3.8383539e+00
   8.2839547e-01   3.8392310e+00
   8.2875109e-01   3.8486240e+00
   8.2910607e-01   3.8527188e+00
   8.2946095e-01   3.8531250e+00
   8.2981643e-01   3.8561692e+00
   8.3017231e-01   3.8603040e+00
   8.3052834e-01   3.8619618e+00
   8.3088457e-01   3.8704951e+00
   8.3124011e-01   3.8711883e+00
   8.3159533e-01   3.8714610e+00
   8.3195135e-01   3.8757151e+00
   8.3230727e-01   3.8813769e+00
   8.3266287e-01   3.8817566e+00
   8.3301727e-01   3.8846994e+00
   8.3337143e-01   3.8892516e+00
   8.3372626e-01   3.8980760e+00
   8.3408113e-01   3.9024499e+00
   8.3443577e-01   3.9028062e+00
   8.3479031e-01   3.9045681e+00
   8.3514536e-01   3.9058389e+00
   8.3549977e-01   3.9073149e+00
   8.3585422e-01   3.9096157e+00
   8.3620861e-01   3.9147987e+00
   8.3656308e-01   3.9235229e+00
   8.3691765e-01   3.9253782e+00
   8.3727176e-01   3.9298972e+00
   8.3762603e-01   3.9299211e+00
   8.3798058e-01   3.9341902e+00
   8.3833461e-01   3.9376752e+00
   8.3868917e-01   3.9434415e+00
   8.3904390e-01   3.9445958e+00
   8.3939897e-01   3.9448981e+00
   8.3975395e-01   3.9487363e+00
   8.4010947e-01   3.9540034e+00
   8.4046544e-01   3.9569883e+00
   8.4082133e-01   3.9615047e+00
   8.4117786e-01   3.9656688e+00
   8.4153445e-01   3.9703043e+00
   8.4189119e-01   3.9707823e+00
   8.4224783e-01   3.9749975e+00
   8.4260535e-01   3.9780856e+00
   8.4296306e-01   3.9795680e+00
   8.4332077e-01   3.9840794e+00
   8.4367850e-01   3.9867418e+00
   8.4403574e-01   3.9878569e+00
   8.4439293e-01   4.0021678e+00
   8.4475088e-01   4.0038894e+00
   8.4510844e-01   4.0050968e+00
   8.4546602e-01   4.0064185e+00
   8.4582367e-01   4.0078147e+00
   8.4618144e-01   4.0111704e+00
   8.4653894e-01   4.0262501e+00
   8.4689698e-01   4.0269775e+00
   8.4725465e-01   4.0288877e+00
   8.4761201e-01   4.0351962e+00
   8.4796991e-01   4.0369965e+00
   8.4832720e-01   4.0382615e+00
   8.4868473e-01   4.0425327e+00
   8.4904319e-01   4.0503323e+00
   8.4940171e-01   4.0512777e+00
   8.4976082e-01   4.0652956e+00
   8.5012053e-01   4.0653525e+00
   8.5047982e-01   4.0660981e+00
   8.5083941e-01   4.0701036e+00
   8.5119918e-01   4.0736678e+00
   8.5155977e-01   4.0744146e+00
   8.5191941e-01   4.0786469e+00
   8.5227960e-01   4.0924436e+00
   8.5263992e-01   4.0947407e+00
   8.5300076e-01   4.0953949e+00
   8.5336168e-01   4.0984968e+00
   8.5372314e-01   4.1032107e+00
   8.5408439e-01   4.1052188e+00
   8.5444564e-01   4.1147611e+00
   8.5480752e-01   4.1158137e+00
   8.5516892e-01   4.1195347e+00
   8.5553009e-01   4.1225791e+00
   8.5589123e-01   4.1254943e+00
   8.5625227e-01   4.1363178e+00
   8.5661335e-01   4.1368867e+00
   8.5697494e-01   4.1443394e+00
   8.5733613e-01   4.1466257e+00
   8.5769704e-01   4.1466613e+00
   8.5805764e-01   4.1508753e+00
   8.5841853e-01   4.1555936e+00
   8.5877981e-01   4.1579596e+00
   8.5914176e-01   4.1694248e+00
   8.5950435e-01   4.1707435e+00
   8.5986686e-01   4.1737168e+00
   8.6022862e-01   4.1790326e+00
   8.6059104e-01   4.1834600e+00
   8.6095305e-01   4.1856930e+00
   8.6131479e-01   4.1869895e+00
   8.6167609e-01   4.1948258e+00
   8.6203756e-01   4.2001056e+00
   8.6239901e-01   4.2008079e+00
   8.6276101e-01   4.2025319e+00
   8.6312302e-01   4.2157924e+00
   8.6348526e-01   4.2189080e+00
   8.6384711e-01   4.2211785e+00
   8.6420909e-01   4.2225806e+00
   8.6457087e-01   4.2231037e+00
   8.6493320e-01   4.2278989e+00
   8.6529543e-01   4.2377082e+00
   8.6565785e-01   4.2422515e+00
   8.6602028e-01   4.2429903e+00
   8.6638268e-01   4.2458917e+00
   8.6674502e-01   4.2549900e+00
   8.6710698e-01   4.2592179e+00
   8.6746913e-01   4.2617012e+00
   8.6783189e-01   4.2633245e+00
   8.6819458e-01   4.2670725e+00
   8.6855638e-01   4.2728845e+00
   8.6891821e-01   4.2759911e+00
   8.6927982e-01   4.2820810e+00
   8.6964061e-01   4.2843974e+00
   8.7000139e-01   4.2911548e+00
   8.7036210e-01   4.2953321e+00
   8.7072372e-01   4.3008218e+00
   8.7108475e-01   4.3054704e+00
   8.7144514e-01   4.3059916e+00
   8.7180495e-01   4.3060905e+00
   8.7216430e-01   4.3091721e+00
   8.7252366e-01   4.3152370e+00
   8.7288262e-01   4.3265434e+00
   8.7324064e-01   4.3314463e+00
   8.7359858e-01   4.3361898e+00
   8.7395649e-01   4.3379564e+00
   8.7431500e-01   4.3390987e+00
   8.7467392e-01   4.3393192e+00
   8.7503138e-01   4.3399424e+00
   8.7538840e-01   4.3476163e+00
   8.7574555e-01   4.3634015e+00
   8.7610202e-01   4.3662892e+00
   8.7645842e-01   4.3667406e+00
   8.7681459e-01   4.3675605e+00
   8.7716909e-01   4.3686893e+00
   8.7752321e-01   4.3722058e+00
   8.7787743e-01   4.3790630e+00
   8.7823134e-01   4.3874837e+00
   8.7858451e-01   4.3897622e+00
   8.7893812e-01   4.3938317e+00
   8.7929099e-01   4.3963886e+00
   8.7964364e-01   4.4036747e+00
   8.7999587e-01   4.4053129e+00
   8.8034751e-01   4.4108352e+00
   8.8069846e-01   4.4115660e+00
   8.8104903e-01   4.4181836e+00
   8.8139961e-01   4.4209227e+00
   8.8175045e-01   4.4264879e+00
   8.8210065e-01   4.4319082e+00
   8.8245098e-01   4.4356482e+00
   8.8280048e-01   4.4384200e+00
   8.8315030e-01   4.4397889e+00
   8.8349871e-01   4.4480138e+00
   8.8384690e-01   4.4529811e+00
   8.8419498e-01   4.4565873e+00
   8.8454258e-01   4.4573042e+00
   8.8489053e-01   4.4597305e+00
   8.8523781e-01   4.4715271e+00
   8.8558463e-01   4.4740541e+00
   8.8593150e-01   4.4751049e+00
   8.8627813e-01   4.4759031e+00
   8.8662463e-01   4.4838127e+00
   8.8697103e-01   4.4866867e+00
   8.8731681e-01   4.4951271e+00
   8.8766361e-01   4.4964248e+00
   8.8801024e-01   4.5021959e+00
   8.8835665e-01   4.5046342e+00
   8.8870352e-01   4.5078950e+00
   8.8905153e-01   4.5120173e+00
   8.8939907e-01   4.5162000e+00
   8.8974674e-01   4.5167860e+00
   8.9009413e-01   4.5292870e+00
   8.9044147e-01   4.5319772e+00
   8.9078837e-01   4.5355454e+00
   8.9113497e-01   4.5372730e+00
   8.9148092e-01   4.5377413e+00
   8.9182678e-01   4.5468854e+00
   8.9217260e-01   4.5481315e+00
   8.9251782e-01   4.5560594e+00
   8.9286294e-01   4.5563781e+00
   8.9320755e-01   4.5583460e+00
   8.9355156e-01   4.5708484e+00
   8.9389617e-01   4.5746660e+00
   8.9424037e-01   4.5769848e+00
   8.9458367e-01   4.5794189e+00
   8.9492626e-01   4.5801417e+00
   8.9526959e-01   4.5834691e+00
   8.9561224e-01   4.5842457e+00
   8.9595421e-01   4.6004919e+00
   8.9629624e-01   4.6039555e+00
   8.9663811e-01   4.6042239e+00
   8.9698108e-01   4.6070841e+00
   8.9732360e-01   4.6105602e+00
   8.9766450e-01   4.6137867e+00
   8.9800491e-01   4.6215649e+00
   8.9834518e-01   4.6226170e+00
   8.9868506e-01   4.6298113e+00
   8.9902441e-01   4.6370626e+00
   8.9936353e-01   4.6371835e+00
   8.9970263e-01   4.6376512e+00
   9.0004162e-01   4.6426378e+00
   9.0037986e-01   4.6529073e+00
   9.0071774e-01   4.6553987e+00
   9.0105530e-01   4.6609883e+00
   9.0139239e-01   4.6647423e+00
   9.0172934e-01   4.6672829e+00
   9.0206646e-01   4.6701697e+00
   9.0240374e-01   4.6794809e+00
   9.0274086e-01   4.6918334e+00
   9.0307692e-01   4.6920279e+00
   9.0341256e-01   4.6971025e+00
   9.0374846e-01   4.6973822e+00
   9.0408416e-01   4.7032768e+00
   9.0441977e-01   4.7035632e+00
   9.0475426e-01   4.7189244e+00
   9.0508818e-01   4.7274816e+00
   9.0542172e-01   4.7276454e+00
   9.0575479e-01   4.7311485e+00
   9.0608642e-01   4.7332167e+00
   9.0641870e-01   4.7363839e+00
   9.0675104e-01   4.7460155e+00
   9.0708275e-01   4.7517277e+00
   9.0741408e-01   4.7575810e+00
   9.0774487e-01   4.7693309e+00
   9.0807587e-01   4.7694910e+00
   9.0840596e-01   4.7702691e+00
   9.0873585e-01   4.7731066e+00
   9.0906542e-01   4.7758099e+00
   9.0939446e-01   4.7876803e+00
   9.0972457e-01   4.7998922e+00
   9.1005399e-01   4.8001976e+00
   9.1038292e-01   4.8025981e+00
   9.1071095e-01   4.8054451e+00
   9.1103801e-01   4.8093897e+00
   9.1136471e-01   4.8196609e+00
   9.1169095e-01   4.8239744e+00
   9.1201657e-01   4.8272887e+00
   9.1234184e-01   4.8357051e+00
   9.1266654e-01   4.8415593e+00
   9.1299007e-01   4.8480566e+00
   9.1331298e-01   4.8485103e+00
   9.1363535e-01   4.8516415e+00
   9.1395731e-01   4.8543797e+00
   9.1427943e-01   4.8688122e+00
   9.1460047e-01   4.8721389e+00
   9.1492018e-01   4.8776735e+00
   9.1523952e-01   4.8814708e+00
   9.1555844e-01   4.8817408e+00
   9.1587741e-01   4.8876309e+00
   9.1619585e-01   4.8962211e+00
   9.1651295e-01   4.9019193e+00
   9.1682931e-01   4.9085619e+00
   9.1714487e-01   4.9118402e+00
   9.1746027e-01   4.9137877e+00
   9.1777492e-01   4.9203034e+00
   9.1808883e-01   4.9267515e+00
   9.1840306e-01   4.9350264e+00
   9.1871594e-01   4.9356529e+00
   9.1902841e-01   4.9419396e+00
   9.1933968e-01   4.9443856e+00
   9.1965061e-01   4.9499019e+00
   9.1996153e-01   4.9627440e+00
   9.2027141e-01   4.9658721e+00
   9.2058076e-01   4.9681335e+00
   9.2088886e-01   4.9684679e+00
   9.2119655e-01   4.9720389e+00
   9.2150364e-01   4.9860161e+00
   9.2180993e-01   4.9898351e+00
   9.2211528e-01   4.9925501e+00
   9.2242009e-01   5.0012406e+00
   9.2272393e-01   5.0021383e+00
   9.2302749e-01   5.0074378e+00
   9.2333104e-01   5.0166323e+00
   9.2363351e-01   5.0169261e+00
   9.2393550e-01   5.0221303e+00
   9.2423672e-01   5.0322377e+00
   9.2453769e-01   5.0343477e+00
   9.2483833e-01   5.0407146e+00
   9.2513846e-01   5.0440172e+00
   9.2543792e-01   5.0490034e+00
   9.2573690e-01   5.0582445e+00
   9.2603505e-01   5.0623370e+00
   9.2633340e-01   5.0647968e+00
   9.2663135e-01   5.0674548e+00
   9.2692881e-01   5.0711082e+00
   9.2722586e-01   5.0881240e+00
   9.2752171e-01   5.0888791e+00
   9.2781713e-01   5.0924364e+00
   9.2811244e-01   5.0943587e+00
   9.2840656e-01   5.0981993e+00
   9.2870047e-01   5.1005619e+00
   9.2899345e-01   5.1129613e+00
   9.2928545e-01   5.1225358e+00
   9.2957677e-01   5.1252904e+00
   9.2986843e-01   5.1272446e+00
   9.3015898e-01   5.1304729e+00
   9.3044886e-01   5.1336690e+00
   9.3073853e-01   5.1370436e+00
   9.3102754e-01   5.1523814e+00
   9.3131605e-01   5.1526351e+00
   9.3160393e-01   5.1611258e+00
   9.3189098e-01   5.1663652e+00
   9.3217731e-01   5.1665871e+00
   9.3246355e-01   5.1667761e+00
   9.3274896e-01   5.1794725e+00
   9.3303338e-01   5.1827345e+00
   9.3331742e-01   5.1852080e+00
   9.3360059e-01   5.1998832e+00
   9.3388240e-01   5.2027013e+00
   9.3416299e-01   5.2054858e+00
   9.3444352e-01   5.2082567e+00
   9.3472333e-01   5.2092903e+00
   9.3500272e-01   5.2128339e+00
   9.3528161e-01   5.2329903e+00
   9.3555853e-01   5.2333725e+00
   9.3583479e-01   5.2370410e+00
   9.3610986e-01   5.2388155e+00
   9.3638352e-01   5.2429332e+00
   9.3665747e-01   5.2446064e+00
   9.3693095e-01   5.2574548e+00
   9.3720380e-01   5.2641321e+00
   9.3747672e-01   5.2660974e+00
   9.3774875e-01   5.2730326e+00
   9.3802077e-01   5.2749297e+00
   9.3829223e-01   5.2815370e+00
   9.3856330e-01   5.2837271e+00
   9.3883378e-01   5.2912231e+00
   9.3910350e-01   5.3012737e+00
   9.3937188e-01   5.3031320e+00
   9.3963960e-01   5.3056193e+00
   9.3990630e-01   5.3110439e+00
   9.4017174e-01   5.3183142e+00
   9.4043691e-01   5.3228477e+00
   9.4070116e-01   5.3332313e+00
   9.4096505e-01   5.3364500e+00
   9.4122884e-01   5.3454052e+00
   9.4149146e-01   5.3471580e+00
   9.4175293e-01   5.3619683e+00
   9.4201408e-01   5.3633307e+00
   9.4227504e-01   5.3695571e+00
   9.4253492e-01   5.3724963e+00
   9.4279509e-01   5.3832722e+00
   9.4305486e-01   5.3934301e+00
   9.4331342e-01   5.3995874e+00
   9.4357123e-01   5.4010889e+00
   9.4382869e-01   5.4026642e+00
   9.4408599e-01   5.4193864e+00
   9.4434236e-01   5.4235294e+00
   9.4459773e-01   5.4266784e+00
   9.4485297e-01   5.4357713e+00
   9.4510685e-01   5.4402095e+00
   9.4536063e-01   5.4536288e+00
   9.4561333e-01   5.4537695e+00
   9.4586604e-01   5.4555006e+00
   9.4611847e-01   5.4688784e+00
   9.4637072e-01   5.4793301e+00
   9.4662271e-01   5.4808606e+00
   9.4687388e-01   5.4837282e+00
   9.4712491e-01   5.4916148e+00
   9.4737576e-01   5.5019854e+00
   9.4762596e-01   5.5079516e+00
   9.4787571e-01   5.5138275e+00
   9.4812495e-01   5.5184507e+00
   9.4837440e-01   5.5277290e+00
   9.4862326e-01   5.5350427e+00
   9.4887100e-01   5.5350925e+00
   9.4911829e-01   5.5439269e+00
   9.4936559e-01   5.5575713e+00
   9.4961214e-01   5.5621337e+00
   9.4985685e-01   5.5638432e+00
   9.5010123e-01   5.5681996e+00
   9.5034468e-01   5.5740262e+00
   9.5058768e-01   5.5892248e+00
   9.5083052e-01   5.5966919e+00
   9.5107313e-01   5.5999574e+00
   9.5131533e-01   5.6013067e+00
   9.5155791e-01   5.6041256e+00
   9.5180021e-01   5.6163159e+00
   9.5204146e-01   5.6342250e+00
   9.5228211e-01   5.6344138e+00
   9.5252274e-01   5.6358125e+00
   9.5276274e-01   5.6360716e+00
   9.5300234e-01   5.6434069e+00
   9.5324114e-01   5.6643243e+00
   9.5347950e-01   5.6675209e+00
   9.5371740e-01   5.6704980e+00
   9.5395498e-01   5.6721858e+00
   9.5419167e-01   5.6749331e+00
   9.5442823e-01   5.6944237e+00
   9.5466430e-01   5.6975891e+00
   9.5489976e-01   5.7006280e+00
   9.5513512e-01   5.7083000e+00
   9.5536896e-01   5.7140537e+00
   9.5560210e-01   5.7245231e+00
   9.5583492e-01   5.7246801e+00
   9.5606804e-01   5.7337351e+00
   9.5630092e-01   5.7444142e+00
   9.5653330e-01   5.7517712e+00
   9.5676548e-01   5.7531743e+00
   9.5699687e-01   5.7546224e+00
   9.5722812e-01   5.7668422e+00
   9.5745913e-01   5.7788622e+00
   9.5768988e-01   5.7827855e+00
   9.5792022e-01   5.7866030e+00
   9.5814991e-01   5.7922950e+00
   9.5837954e-01   5.7999493e+00
   9.5860862e-01   5.8059533e+00
   9.5883656e-01   5.8185836e+00
   9.5906397e-01   5.8211569e+00
   9.5929113e-01   5.8314156e+00
   9.5951801e-01   5.8330444e+00
   9.5974432e-01   5.8330564e+00
   9.5996945e-01   5.8486830e+00
   9.6019374e-01   5.8572711e+00
   9.6041742e-01   5.8601354e+00
   9.6064106e-01   5.8661635e+00
   9.6086431e-01   5.8705362e+00
   9.6108713e-01   5.8787823e+00
   9.6130962e-01   5.8872265e+00
   9.6153238e-01   5.8933853e+00
   9.6175432e-01   5.8992706e+00
   9.6197543e-01   5.9088817e+00
   9.6219585e-01   5.9096568e+00
   9.6241579e-01   5.9143176e+00
   9.6263505e-01   5.9294994e+00
   9.6285360e-01   5.9323777e+00
   9.6307212e-01   5.9389811e+00
   9.6328994e-01   5.9414086e+00
   9.6350778e-01   5.9487774e+00
   9.6372478e-01   5.9654848e+00
   9.6394016e-01   5.9656136e+00
   9.6415549e-01   5.9684997e+00
   9.6437004e-01   5.9690804e+00
   9.6458443e-01   5.9878980e+00
   9.6479861e-01   5.9985919e+00
   9.6501271e-01   5.9991798e+00
   9.6522582e-01   6.0017278e+00
   9.6543855e-01   6.0270186e+00
   9.6565108e-01   6.0292792e+00
   9.6586298e-01   6.0316990e+00
   9.6607421e-01   6.0378420e+00
   9.6628550e-01   6.0593785e+00
   9.6649700e-01   6.0648061e+00
   9.6670798e-01   6.0661392e+00
   9.6691842e-01   6.0739562e+00
   9.6712890e-01   6.0894779e+00
   9.6733920e-01   6.0979132e+00
   9.6754904e-01   6.1052598e+00
   9.6775965e-01   6.1100704e+00
   9.6796952e-01   6.1195772e+00
   9.6817913e-01   6.1310203e+00
   9.6838892e-01   6.1443804e+00
   9.6859889e-01   6.1461846e+00
   9.6880912e-01   6.1496766e+00
   9.6901928e-01   6.1641274e+00
   9.6922959e-01   6.1797760e+00
   9.6944005e-01   6.1822988e+00
   9.6964980e-01   6.1835010e+00
   9.6986004e-01   6.1972345e+00
   9.7007041e-01   6.2098753e+00
   9.7028083e-01   6.2184130e+00
   9.7049090e-01   6.2226216e+00
   9.7070040e-01   6.2303415e+00
   9.7090984e-01   6.2399747e+00
   9.7111939e-01   6.2545272e+00
   9.7132882e-01   6.2634486e+00
   9.7153807e-01   6.2641873e+00
   9.7174718e-01   6.2700741e+00
   9.7195649e-01   6.2906414e+00
   9.7216598e-01   6.2965557e+00
   9.7237530e-01   6.3001734e+00
   9.7258441e-01   6.3057529e+00
   9.7279322e-01   6.3267556e+00
   9.7300211e-01   6.3296628e+00
   9.7321098e-01   6.3302728e+00
   9.7342022e-01   6.3448735e+00
   9.7362953e-01   6.3603722e+00
   9.7383875e-01   6.3628698e+00
   9.7404762e-01   6.3648391e+00
   9.7425666e-01   6.3839941e+00
   9.7446554e-01   6.3904715e+00
   9.7467402e-01   6.3989840e+00
   9.7488241e-01   6.4000154e+00
   9.7509042e-01   6.4205709e+00
   9.7529842e-01   6.4231148e+00
   9.7550618e-01   6.4331225e+00
   9.7571302e-01   6.4350982e+00
   9.7591983e-01   6.4506703e+00
   9.7612673e-01   6.4622354e+00
   9.7633307e-01   6.4662296e+00
   9.7653954e-01   6.4712124e+00
   9.7674588e-01   6.4807696e+00
   9.7695241e-01   6.4993367e+00
   9.7715890e-01   6.5013560e+00
   9.7736514e-01   6.5073266e+00
   9.7757026e-01   6.5108690e+00
   9.7777528e-01   6.5324438e+00
   9.7798002e-01   6.5404766e+00
   9.7818445e-01   6.5409684e+00
   9.7838894e-01   6.5434408e+00
   9.7859289e-01   6.5655509e+00
   9.7879652e-01   6.5710677e+00
   9.7899927e-01   6.5795550e+00
   9.7920204e-01   6.5795972e+00
   9.7940417e-01   6.5986580e+00
   9.7960644e-01   6.6011671e+00
   9.7980865e-01   6.6156692e+00
   9.8001058e-01   6.6187178e+00
   9.8021263e-01   6.6312665e+00
   9.8041464e-01   6.6317651e+00
   9.8061650e-01   6.6517834e+00
   9.8081764e-01   6.6578384e+00
   9.8101871e-01   6.6648722e+00
   9.8121969e-01   6.6878975e+00
   9.8142020e-01   6.6969590e+00
   9.8162136e-01   6.6979793e+00
   9.8182222e-01   6.7240117e+00
   9.8202381e-01   6.7310864e+00
   9.8222521e-01   6.7360796e+00
   9.8242640e-01   6.7601259e+00
   9.8262738e-01   6.7641935e+00
   9.8282815e-01   6.7752002e+00
   9.8302869e-01   6.7962401e+00
   9.8322901e-01   6.7973006e+00
   9.8342910e-01   6.8143208e+00
   9.8362896e-01   6.8304077e+00
   9.8382858e-01   6.8323543e+00
   9.8402795e-01   6.8534414e+00
   9.8422707e-01   6.8635148e+00
   9.8442594e-01   6.8684685e+00
   9.8462455e-01   6.8925620e+00
   9.8482289e-01   6.8966218e+00
   9.8502096e-01   6.9045827e+00
   9.8521875e-01   6.9297289e+00
   9.8541625e-01   6.9316826e+00
   9.8561347e-01   6.9429541e+00
   9.8581039e-01   6.9628360e+00
   9.8600700e-01   6.9708033e+00
   9.8620331e-01   6.9813254e+00
   9.8639931e-01   6.9959431e+00
   9.8659498e-01   7.0099239e+00
   9.8679032e-01   7.0174396e+00
   9.8698533e-01   7.0290502e+00
   9.8717999e-01   7.0490445e+00
   9.8737431e-01   7.0535538e+00
   9.8756827e-01   7.0621573e+00
   9.8776186e-01   7.0881651e+00
   9.8795509e-01   7.0896680e+00
   9.8814793e-01   7.0952644e+00
   9.8834039e-01   7.1257822e+00
   9.8853245e-01   7.1272857e+00
   9.8872412e-01   7.1283715e+00
   9.8891537e-01   7.1614786e+00
   9.8910621e-01   7.1618964e+00
   9.8929662e-01   7.1664063e+00
   9.8948659e-01   7.1945857e+00
   9.8967613e-01   7.1980106e+00
   9.8986521e-01   7.2055269e+00
   9.9005384e-01   7.2276928e+00
   9.9024199e-01   7.2341248e+00
   9.9042967e-01   7.2446475e+00
   9.9061686e-01   7.2607999e+00
   9.9080356e-01   7.2702389e+00
   9.9098975e-01   7.2837681e+00
   9.9117544e-01   7.2939070e+00
   9.9136059e-01   7.3063531e+00
   9.9154522e-01   7.3228887e+00
   9.9172931e-01   7.3424673e+00
   9.9191284e-01   7.3620093e+00
   9.9209581e-01   7.3785815e+00
   9.9227822e-01   7.4011299e+00
   9.9246004e-01   7.4146957e+00
   9.9264127e-01   7.4402505e+00
   9.9282190e-01   7.4508099e+00
   9.9300192e-01   7.4793712e+00
   9.9318131e-01   7.4869241e+00
   9.9336008e-01   7.5209368e+00
   9.9353820e-01   7.5230383e+00
   9.9371566e-01   7.5591525e+00
   9.9389247e-01   7.5625024e+00
   9.9406859e-01   7.5952667e+00
   9.9424403e-01   7.6016231e+00
   9.9441878e-01   7.6313809e+00
   9.9459281e-01   7.6407437e+00
   9.9476612e-01   7.6674951e+00
   9.9493870e-01   7.6798643e+00
   9.9511054e-01   7.7036093e+00
   9.9528162e-01   7.7189849e+00
   9.9545193e-01   7.7397235e+00
   9.9562147e-01   7.7581055e+00
   9.9579021e-01   7.7758377e+00
   9.9595815e-01   7.7972261e+00
   9.9612527e-01   7.8119519e+00
   9.9629157e-01   7.8363467e+00
   9.9645702e-01   7.8480661e+00
   9.9662162e-01   7.8754673e+00
   9.9678536e-01   7.8841803e+00
   9.9694821e-01   7.9145879e+00
   9.9711018e-01   7.9202945e+00
   9.9727123e-01   7.9537085e+00
   9.9743138e-01   7.9564087e+00
   9.9759058e-01   7.9928291e+00
   9.9774885e-01   8.0319497e+00
   9.9790615e-01   8.0710703e+00
   9.9806249e-01   8.1101910e+00
   9.9821784e-01   8.1493116e+00
   9.9837219e-01   8.1884322e+00
   9.9852552e-01   8.2275528e+00
   9.9867783e-01   8.2666734e+00
   9.9882910e-01   8.3057940e+00
   9.9897931e-01   8.3449146e+00
   9.9912845e-01   8.3840352e+00
   9.9927650e-01   8.4231558e+00
   9.9942346e-01   8.4622764e+00
   9.9956930e-01   8.5013970e+00
   9.9971402e-01   8.5405176e+00
   9.9985759e-01   8.5796382e+00
   1.0000000e+00   8.6187588e+00
