   0.0000000e+00   0.0000000e+00
   1.6147184e-02   3.2040418e-02
   3.2294369e-02   1.2514519e-01
   4.8441553e-02   2.7335477e-01
   6.4588737e-02   4.6916650e-01
   8.0735922e-02   7.0406038e-01
   9.6883106e-02   9.6904934e-01
   1.1303029e-01   1.2551980e+00
   1.2917747e-01   1.5540655e+00
   1.4532466e-01   1.8580446e+00
   1.6147184e-01   2.1605853e+00
   1.7761903e-01   2.4563076e+00
   1.9376621e-01   2.7410186e+00
   2.0991340e-01   3.0116536e+00
   2.2606058e-01   3.2661658e+00
   2.4220777e-01   3.5033847e+00
   2.5835495e-01   3.7228634e+00
   2.7450213e-01   3.9247257e+00
   2.9064932e-01   4.1095252e+00
   3.0679650e-01   4.2781217e+00
   3.2294369e-01   4.4315752e+00
   3.3909087e-01   4.5710612e+00
   3.5523806e-01   4.6978037e+00
   3.7138524e-01   4.8130248e+00
   3.8753242e-01   4.9179087e+00
   4.0367961e-01   5.0135763e+00
   4.1982679e-01   5.1010706e+00
   4.3597398e-01   5.1813476e+00
   4.5212116e-01   5.2552735e+00
   4.6826835e-01   5.3236254e+00
   4.8441553e-01   5.3870947e+00
   5.0056272e-01   5.4462920e+00
   5.1670990e-01   5.5017536e+00
   5.3285708e-01   5.5539476e+00
   5.4900427e-01   5.6032808e+00
   5.6515145e-01   5.6501055e+00
   5.8129864e-01   5.6947254e+00
   5.9744582e-01   5.7374013e+00
   6.1359301e-01   5.7783568e+00
   6.2974019e-01   5.8177831e+00
   6.4588737e-01   5.8558428e+00
   6.6203456e-01   5.8926744e+00
   6.7818174e-01   5.9283954e+00
   6.9432893e-01   5.9631053e+00
   7.1047611e-01   5.9968882e+00
   7.2662330e-01   6.0298153e+00
   7.4277048e-01   6.0619464e+00
   7.5891767e-01   6.0933321e+00
   7.7506485e-01   6.1240150e+00
   7.9121203e-01   6.1540311e+00
   8.0735922e-01   6.1834106e+00
   8.2350640e-01   6.2121793e+00
   8.3965359e-01   6.2403588e+00
   8.5580077e-01   6.2679677e+00
   8.7194796e-01   6.2950219e+00
   8.8809514e-01   6.3215350e+00
   9.0424232e-01   6.3475189e+00
   9.2038951e-01   6.3729842e+00
   9.3653669e-01   6.3979402e+00
   9.5268388e-01   6.4223952e+00
   9.6883106e-01   6.4463570e+00
   9.8497825e-01   6.4698327e+00
   1.0011254e+00   6.4928290e+00
   1.0172726e+00   6.5153523e+00
   1.0334198e+00   6.5374088e+00
   1.0495670e+00   6.5590047e+00
   1.0657142e+00   6.5801457e+00
   1.0818614e+00   6.6008379e+00
   1.0980085e+00   6.6210872e+00
   1.1141557e+00   6.6408994e+00
   1.1303029e+00   6.6602806e+00
   1.1464501e+00   6.6792368e+00
   1.1625973e+00   6.6977740e+00
   1.1787445e+00   6.7158984e+00
   1.1948916e+00   6.7336162e+00
   1.2110388e+00   6.7509337e+00
   1.2271860e+00   6.7678571e+00
   1.2433332e+00   6.7843929e+00
   1.2594804e+00   6.8005476e+00
   1.2756276e+00   6.8163275e+00
   1.2917747e+00   6.8317392e+00
   1.3079219e+00   6.8467892e+00
   1.3240691e+00   6.8614841e+00
   1.3402163e+00   6.8758305e+00
   1.3563635e+00   6.8898349e+00
   1.3725107e+00   6.9035039e+00
   1.3886579e+00   6.9168440e+00
   1.4048050e+00   6.9298618e+00
   1.4209522e+00   6.9425638e+00
   1.4370994e+00   6.9549565e+00
   1.4532466e+00   6.9670462e+00
   1.4693938e+00   6.9788393e+00
   1.4855410e+00   6.9903423e+00
   1.5016881e+00   7.0015613e+00
   1.5178353e+00   7.0125025e+00
   1.5339825e+00   7.0231721e+00
   1.5501297e+00   7.0335761e+00
   1.5662769e+00   7.0437206e+00
   1.5824241e+00   7.0536114e+00
   1.5985713e+00   7.0632544e+00
   1.6147184e+00   7.0726552e+00
   1.6308656e+00   7.0818197e+00
   1.6470128e+00   7.0907532e+00
   1.6631600e+00   7.0994614e+00
   1.6793072e+00   7.1079495e+00
   1.6954544e+00   7.1162229e+00
   1.7116015e+00   7.1242867e+00
   1.7277487e+00   7.1321461e+00
   1.7438959e+00   7.1398060e+00
   1.7600431e+00   7.1472714e+00
   1.7761903e+00   7.1545471e+00
   1.7923375e+00   7.1616378e+00
   1.8084846e+00   7.1685480e+00
   1.8246318e+00   7.1752824e+00
   1.8407790e+00   7.1818453e+00
   1.8569262e+00   7.1882410e+00
   1.8730734e+00   7.1944739e+00
   1.8892206e+00   7.2005480e+00
   1.9053678e+00   7.2064674e+00
   1.9215149e+00   7.2122361e+00
   1.9376621e+00   7.2178579e+00
   1.9538093e+00   7.2233366e+00
   1.9699565e+00   7.2286759e+00
   1.9861037e+00   7.2338794e+00
   2.0022509e+00   7.2389506e+00
   2.0183980e+00   7.2438929e+00
   2.0345452e+00   7.2487098e+00
   2.0506924e+00   7.2534044e+00
   2.0668396e+00   7.2579799e+00
   2.0829868e+00   7.2624396e+00
   2.0991340e+00   7.2667863e+00
   2.1152812e+00   7.2710231e+00
   2.1314283e+00   7.2751529e+00
   2.1475755e+00   7.2791784e+00
   2.1637227e+00   7.2831024e+00
   2.1798699e+00   7.2869275e+00
   2.1960171e+00   7.2906564e+00
   2.2121643e+00   7.2942916e+00
   2.2283114e+00   7.2978356e+00
   2.2444586e+00   7.3012908e+00
   2.2606058e+00   7.3046594e+00
   2.2767530e+00   7.3079439e+00
   2.2929002e+00   7.3111463e+00
   2.3090474e+00   7.3142690e+00
   2.3251945e+00   7.3173139e+00
   2.3413417e+00   7.3202831e+00
   2.3574889e+00   7.3231787e+00
   2.3736361e+00   7.3260026e+00
   2.3897833e+00   7.3287566e+00
   2.4059305e+00   7.3314426e+00
   2.4220777e+00   7.3340624e+00
   2.4382248e+00   7.3366177e+00
   2.4543720e+00   7.3391102e+00
   2.4705192e+00   7.3415417e+00
   2.4866664e+00   7.3439136e+00
   2.5028136e+00   7.3462275e+00
   2.5189608e+00   7.3484851e+00
   2.5351079e+00   7.3506877e+00
   2.5512551e+00   7.3528367e+00
   2.5674023e+00   7.3549337e+00
   2.5835495e+00   7.3569799e+00
   2.5996967e+00   7.3589767e+00
   2.6158439e+00   7.3609253e+00
   2.6319911e+00   7.3628271e+00
   2.6481382e+00   7.3646832e+00
   2.6642854e+00   7.3664949e+00
   2.6804326e+00   7.3682632e+00
   2.6965798e+00   7.3699894e+00
   2.7127270e+00   7.3716744e+00
   2.7288742e+00   7.3733195e+00
   2.7450213e+00   7.3749255e+00
   2.7611685e+00   7.3764935e+00
   2.7773157e+00   7.3780246e+00
   2.7934629e+00   7.3795195e+00
   2.8096101e+00   7.3809794e+00
   2.8257573e+00   7.3824050e+00
   2.8419044e+00   7.3837972e+00
   2.8580516e+00   7.3851570e+00
   2.8741988e+00   7.3864851e+00
   2.8903460e+00   7.3877823e+00
   2.9064932e+00   7.3890495e+00
   2.9226404e+00   7.3902873e+00
   2.9387876e+00   7.3914966e+00
   2.9549347e+00   7.3926780e+00
   2.9710819e+00   7.3938323e+00
   2.9872291e+00   7.3949602e+00
   3.0033763e+00   7.3960622e+00
   3.0195235e+00   7.3971392e+00
   3.0356707e+00   7.3981916e+00
   3.0518178e+00   7.3992202e+00
   3.0679650e+00   7.4002254e+00
   3.0841122e+00   7.4012080e+00
   3.1002594e+00   7.4021684e+00
   3.1164066e+00   7.4031072e+00
   3.1325538e+00   7.4040249e+00
   3.1487010e+00   7.4049221e+00
   3.1648481e+00   7.4057993e+00
   3.1809953e+00   7.4066570e+00
   3.1971425e+00   7.4074956e+00
   3.2132897e+00   7.4083157e+00
   3.2294369e+00   7.4091176e+00
   3.2455841e+00   7.4099019e+00
   3.2617312e+00   7.4106689e+00
   3.2778784e+00   7.4114190e+00
   3.2940256e+00   7.4121528e+00
   3.3101728e+00   7.4128705e+00
   3.3263200e+00   7.4135727e+00
   3.3424672e+00   7.4142595e+00
   3.3586143e+00   7.4149315e+00
   3.3747615e+00   7.4155890e+00
   3.3909087e+00   7.4162323e+00
   3.4070559e+00   7.4168618e+00
   3.4232031e+00   7.4174777e+00
   3.4393503e+00   7.4180805e+00
   3.4554975e+00   7.4186705e+00
   3.4716446e+00   7.4192478e+00
   3.4877918e+00   7.4198129e+00
   3.5039390e+00   7.4203661e+00
   3.5200862e+00   7.4209076e+00
   3.5362334e+00   7.4214376e+00
   3.5523806e+00   7.4219565e+00
   3.5685277e+00   7.4224646e+00
   3.5846749e+00   7.4229620e+00
   3.6008221e+00   7.4234490e+00
   3.6169693e+00   7.4239260e+00
   3.6331165e+00   7.4243930e+00
   3.6492637e+00   7.4248503e+00
   3.6654109e+00   7.4252982e+00
   3.6815580e+00   7.4257369e+00
   3.6977052e+00   7.4261666e+00
   3.7138524e+00   7.4265875e+00
   3.7299996e+00   7.4269998e+00
   3.7461468e+00   7.4274036e+00
   3.7622940e+00   7.4277993e+00
   3.7784411e+00   7.4281869e+00
   3.7945883e+00   7.4285667e+00
   3.8107355e+00   7.4289389e+00
   3.8268827e+00   7.4293035e+00
   3.8430299e+00   7.4296609e+00
   3.8591771e+00   7.4300110e+00
   3.8753242e+00   7.4303542e+00
   3.8914714e+00   7.4306906e+00
   3.9076186e+00   7.4310202e+00
   3.9237658e+00   7.4313434e+00
   3.9399130e+00   7.4316601e+00
   3.9560602e+00   7.4319706e+00
   3.9722074e+00   7.4322750e+00
   3.9883545e+00   7.4325735e+00
   4.0045017e+00   7.4328661e+00
   4.0206489e+00   7.4331530e+00
   4.0367961e+00   7.4334343e+00
   4.0529433e+00   7.4337101e+00
   4.0690905e+00   7.4339806e+00
   4.0852376e+00   7.4342459e+00
   4.1013848e+00   7.4345060e+00
   4.1175320e+00   7.4347612e+00
   4.1336792e+00   7.4350115e+00
   4.1498264e+00   7.4352569e+00
   4.1659736e+00   7.4354977e+00
   4.1821208e+00   7.4357340e+00
   4.1982679e+00   7.4359657e+00
   4.2144151e+00   7.4361931e+00
   4.2305623e+00   7.4364161e+00
   4.2467095e+00   7.4366350e+00
   4.2628567e+00   7.4368498e+00
   4.2790039e+00   7.4370605e+00
   4.2951510e+00   7.4372673e+00
   4.3112982e+00   7.4374702e+00
   4.3274454e+00   7.4376694e+00
   4.3435926e+00   7.4378648e+00
   4.3597398e+00   7.4380567e+00
   4.3758870e+00   7.4382450e+00
   4.3920341e+00   7.4384299e+00
   4.4081813e+00   7.4386113e+00
   4.4243285e+00   7.4387894e+00
   4.4404757e+00   7.4389643e+00
   4.4566229e+00   7.4391360e+00
   4.4727701e+00   7.4393046e+00
   4.4889173e+00   7.4394701e+00
   4.5050644e+00   7.4396326e+00
   4.5212116e+00   7.4397922e+00
   4.5373588e+00   7.4399489e+00
   4.5535060e+00   7.4401028e+00
   4.5696532e+00   7.4402539e+00
   4.5858004e+00   7.4404024e+00
   4.6019475e+00   7.4405482e+00
   4.6180947e+00   7.4406914e+00
   4.6342419e+00   7.4408320e+00
   4.6503891e+00   7.4409702e+00
   4.6665363e+00   7.4411060e+00
   4.6826835e+00   7.4412393e+00
   4.6988307e+00   7.4413703e+00
   4.7149778e+00   7.4414990e+00
   4.7311250e+00   7.4416255e+00
   4.7472722e+00   7.4417498e+00
   4.7634194e+00   7.4418719e+00
   4.7795666e+00   7.4419919e+00
   4.7957138e+00   7.4421098e+00
   4.8118609e+00   7.4422256e+00
   4.8280081e+00   7.4423395e+00
   4.8441553e+00   7.4424514e+00
   4.8603025e+00   7.4425614e+00
   4.8764497e+00   7.4426696e+00
   4.8925969e+00   7.4427759e+00
   4.9087440e+00   7.4428803e+00
   4.9248912e+00   7.4429830e+00
   4.9410384e+00   7.4430840e+00
   4.9571856e+00   7.4431833e+00
   4.9733328e+00   7.4432808e+00
   4.9894800e+00   7.4433768e+00
   5.0056272e+00   7.4434711e+00
   5.0217743e+00   7.4435639e+00
   5.0379215e+00   7.4436551e+00
   5.0540687e+00   7.4437448e+00
   5.0702159e+00   7.4438330e+00
   5.0863631e+00   7.4439197e+00
   5.1025103e+00   7.4440051e+00
   5.1186574e+00   7.4440890e+00
   5.1348046e+00   7.4441715e+00
   5.1509518e+00   7.4442527e+00
   5.1670990e+00   7.4443325e+00
   5.1832462e+00   7.4444110e+00
   5.1993934e+00   7.4444883e+00
   5.2155406e+00   7.4445643e+00
   5.2316877e+00   7.4446391e+00
   5.2478349e+00   7.4447126e+00
   5.2639821e+00   7.4447850e+00
   5.2801293e+00   7.4448562e+00
   5.2962765e+00   7.4449263e+00
   5.3124237e+00   7.4449952e+00
   5.3285708e+00   7.4450631e+00
   5.3447180e+00   7.4451298e+00
   5.3608652e+00   7.4451955e+00
   5.3770124e+00   7.4452602e+00
   5.3931596e+00   7.4453238e+00
   5.4093068e+00   7.4453864e+00
   5.4254539e+00   7.4454481e+00
   5.4416011e+00   7.4455087e+00
   5.4577483e+00   7.4455684e+00
   5.4738955e+00   7.4456272e+00
   5.4900427e+00   7.4456851e+00
   5.5061899e+00   7.4457420e+00
   5.5223371e+00   7.4457981e+00
   5.5384842e+00   7.4458533e+00
   5.5546314e+00   7.4459077e+00
   5.5707786e+00   7.4459612e+00
   5.5869258e+00   7.4460138e+00
   5.6030730e+00   7.4460657e+00
   5.6192202e+00   7.4461168e+00
   5.6353673e+00   7.4461671e+00
   5.6515145e+00   7.4462166e+00
   5.6676617e+00   7.4462654e+00
   5.6838089e+00   7.4463134e+00
   5.6999561e+00   7.4463607e+00
   5.7161033e+00   7.4464073e+00
   5.7322505e+00   7.4464532e+00
   5.7483976e+00   7.4464984e+00
   5.7645448e+00   7.4465429e+00
   5.7806920e+00   7.4465868e+00
   5.7968392e+00   7.4466300e+00
   5.8129864e+00   7.4466725e+00
   5.8291336e+00   7.4467144e+00
   5.8452807e+00   7.4467557e+00
   5.8614279e+00   7.4467964e+00
   5.8775751e+00   7.4468365e+00
   5.8937223e+00   7.4468759e+00
   5.9098695e+00   7.4469148e+00
   5.9260167e+00   7.4469532e+00
   5.9421638e+00   7.4469909e+00
   5.9583110e+00   7.4470282e+00
   5.9744582e+00   7.4470648e+00
   5.9906054e+00   7.4471010e+00
   6.0067526e+00   7.4471366e+00
   6.0228998e+00   7.4471717e+00
   6.0390470e+00   7.4472063e+00
   6.0551941e+00   7.4472403e+00
   6.0713413e+00   7.4472739e+00
   6.0874885e+00   7.4473071e+00
   6.1036357e+00   7.4473397e+00
   6.1197829e+00   7.4473719e+00
   6.1359301e+00   7.4474036e+00
   6.1520772e+00   7.4474348e+00
   6.1682244e+00   7.4474656e+00
   6.1843716e+00   7.4474960e+00
   6.2005188e+00   7.4475260e+00
   6.2166660e+00   7.4475555e+00
   6.2328132e+00   7.4475846e+00
   6.2489603e+00   7.4476133e+00
   6.2651075e+00   7.4476416e+00
   6.2812547e+00   7.4476695e+00
   6.2974019e+00   7.4476970e+00
   6.3135491e+00   7.4477241e+00
   6.3296963e+00   7.4477508e+00
   6.3458435e+00   7.4477772e+00
   6.3619906e+00   7.4478032e+00
   6.3781378e+00   7.4478289e+00
   6.3942850e+00   7.4478542e+00
   6.4104322e+00   7.4478791e+00
   6.4265794e+00   7.4479037e+00
   6.4427266e+00   7.4479280e+00
   6.4588737e+00   7.4479519e+00
   6.4750209e+00   7.4479755e+00
   6.4911681e+00   7.4479988e+00
   6.5073153e+00   7.4480218e+00
   6.5234625e+00   7.4480444e+00
   6.5396097e+00   7.4480668e+00
   6.5557569e+00   7.4480888e+00
   6.5719040e+00   7.4481106e+00
   6.5880512e+00   7.4481320e+00
   6.6041984e+00   7.4481532e+00
   6.6203456e+00   7.4481741e+00
   6.6364928e+00   7.4481947e+00
   6.6526400e+00   7.4482150e+00
   6.6687871e+00   7.4482350e+00
   6.6849343e+00   7.4482548e+00
   6.7010815e+00   7.4482744e+00
   6.7172287e+00   7.4482936e+00
   6.7333759e+00   7.4483126e+00
   6.7495231e+00   7.4483314e+00
   6.7656702e+00   7.4483499e+00
   6.7818174e+00   7.4483682e+00
   6.7979646e+00   7.4483862e+00
   6.8141118e+00   7.4484040e+00
   6.8302590e+00   7.4484216e+00
   6.8464062e+00   7.4484389e+00
   6.8625534e+00   7.4484560e+00
   6.8787005e+00   7.4484729e+00
   6.8948477e+00   7.4484896e+00
   6.9109949e+00   7.4485060e+00
   6.9271421e+00   7.4485223e+00
   6.9432893e+00   7.4485383e+00
   6.9594365e+00   7.4485541e+00
   6.9755836e+00   7.4485697e+00
   6.9917308e+00   7.4485851e+00
   7.0078780e+00   7.4486004e+00
   7.0240252e+00   7.4486154e+00
   7.0401724e+00   7.4486302e+00
   7.0563196e+00   7.4486449e+00
   7.0724668e+00   7.4486594e+00
   7.0886139e+00   7.4486736e+00
   7.1047611e+00   7.4486877e+00
   7.1209083e+00   7.4487017e+00
   7.1370555e+00   7.4487154e+00
   7.1532027e+00   7.4487290e+00
   7.1693499e+00   7.4487424e+00
   7.1854970e+00   7.4487556e+00
   7.2016442e+00   7.4487687e+00
   7.2177914e+00   7.4487816e+00
   7.2339386e+00   7.4487944e+00
   7.2500858e+00   7.4488069e+00
   7.2662330e+00   7.4488194e+00
   7.2823801e+00   7.4488317e+00
   7.2985273e+00   7.4488438e+00
   7.3146745e+00   7.4488558e+00
   7.3308217e+00   7.4488676e+00
   7.3469689e+00   7.4488793e+00
   7.3631161e+00   7.4488908e+00
   7.3792633e+00   7.4489022e+00
   7.3954104e+00   7.4489135e+00
   7.4115576e+00   7.4489246e+00
   7.4277048e+00   7.4489356e+00
   7.4438520e+00   7.4489465e+00
   7.4599992e+00   7.4489572e+00
   7.4761464e+00   7.4489678e+00
   7.4922935e+00   7.4489783e+00
   7.5084407e+00   7.4489886e+00
   7.5245879e+00   7.4489988e+00
   7.5407351e+00   7.4490089e+00
   7.5568823e+00   7.4490189e+00
   7.5730295e+00   7.4490288e+00
   7.5891767e+00   7.4490385e+00
   7.6053238e+00   7.4490481e+00
   7.6214710e+00   7.4490576e+00
   7.6376182e+00   7.4490670e+00
   7.6537654e+00   7.4490763e+00
   7.6699126e+00   7.4490855e+00
   7.6860598e+00   7.4490945e+00
   7.7022069e+00   7.4491035e+00
   7.7183541e+00   7.4491124e+00
   7.7345013e+00   7.4491211e+00
   7.7506485e+00   7.4491298e+00
   7.7667957e+00   7.4491383e+00
   7.7829429e+00   7.4491467e+00
   7.7990900e+00   7.4491551e+00
   7.8152372e+00   7.4491633e+00
   7.8313844e+00   7.4491715e+00
   7.8475316e+00   7.4491796e+00
   7.8636788e+00   7.4491875e+00
   7.8798260e+00   7.4491954e+00
   7.8959732e+00   7.4492032e+00
   7.9121203e+00   7.4492109e+00
   7.9282675e+00   7.4492185e+00
   7.9444147e+00   7.4492260e+00
   7.9605619e+00   7.4492335e+00
   7.9767091e+00   7.4492408e+00
   7.9928563e+00   7.4492481e+00
   8.0090034e+00   7.4492553e+00
   8.0251506e+00   7.4492624e+00
   8.0412978e+00   7.4492694e+00
   8.0574450e+00   7.4492763e+00
   8.0735922e+00   7.4492832e+00
   8.0897394e+00   7.4492900e+00
   8.1058866e+00   7.4492967e+00
   8.1220337e+00   7.4493033e+00
   8.1381809e+00   7.4493099e+00
   8.1543281e+00   7.4493164e+00
   8.1704753e+00   7.4493228e+00
   8.1866225e+00   7.4493291e+00
   8.2027697e+00   7.4493354e+00
   8.2189168e+00   7.4493416e+00
   8.2350640e+00   7.4493477e+00
   8.2512112e+00   7.4493538e+00
   8.2673584e+00   7.4493598e+00
   8.2835056e+00   7.4493657e+00
   8.2996528e+00   7.4493716e+00
   8.3157999e+00   7.4493774e+00
   8.3319471e+00   7.4493831e+00
   8.3480943e+00   7.4493888e+00
   8.3642415e+00   7.4493944e+00
   8.3803887e+00   7.4494000e+00
   8.3965359e+00   7.4494055e+00
   8.4126831e+00   7.4494109e+00
   8.4288302e+00   7.4494163e+00
   8.4449774e+00   7.4494216e+00
   8.4611246e+00   7.4494268e+00
   8.4772718e+00   7.4494320e+00
   8.4934190e+00   7.4494372e+00
   8.5095662e+00   7.4494423e+00
   8.5257133e+00   7.4494473e+00
   8.5418605e+00   7.4494523e+00
   8.5580077e+00   7.4494572e+00
   8.5741549e+00   7.4494621e+00
   8.5903021e+00   7.4494669e+00
   8.6064493e+00   7.4494717e+00
   8.6225965e+00   7.4494764e+00
   8.6387436e+00   7.4494811e+00
   8.6548908e+00   7.4494857e+00
   8.6710380e+00   7.4494903e+00
   8.6871852e+00   7.4494948e+00
   8.7033324e+00   7.4494992e+00
   8.7194796e+00   7.4495037e+00
   8.7356267e+00   7.4495081e+00
   8.7517739e+00   7.4495124e+00
   8.7679211e+00   7.4495167e+00
   8.7840683e+00   7.4495209e+00
   8.8002155e+00   7.4495251e+00
   8.8163627e+00   7.4495293e+00
   8.8325098e+00   7.4495334e+00
   8.8486570e+00   7.4495375e+00
   8.8648042e+00   7.4495415e+00
   8.8809514e+00   7.4495455e+00
   8.8970986e+00   7.4495494e+00
   8.9132458e+00   7.4495533e+00
   8.9293930e+00   7.4495572e+00
   8.9455401e+00   7.4495610e+00
   8.9616873e+00   7.4495648e+00
   8.9778345e+00   7.4495685e+00
   8.9939817e+00   7.4495723e+00
   9.0101289e+00   7.4495759e+00
   9.0262761e+00   7.4495796e+00
   9.0424232e+00   7.4495832e+00
   9.0585704e+00   7.4495867e+00
   9.0747176e+00   7.4495902e+00
   9.0908648e+00   7.4495937e+00
   9.1070120e+00   7.4495972e+00
   9.1231592e+00   7.4496006e+00
   9.1393064e+00   7.4496040e+00
   9.1554535e+00   7.4496073e+00
   9.1716007e+00   7.4496106e+00
   9.1877479e+00   7.4496139e+00
   9.2038951e+00   7.4496172e+00
   9.2200423e+00   7.4496204e+00
   9.2361895e+00   7.4496236e+00
   9.2523366e+00   7.4496267e+00
   9.2684838e+00   7.4496298e+00
   9.2846310e+00   7.4496329e+00
   9.3007782e+00   7.4496360e+00
   9.3169254e+00   7.4496390e+00
   9.3330726e+00   7.4496420e+00
   9.3492197e+00   7.4496450e+00
   9.3653669e+00   7.4496479e+00
   9.3815141e+00   7.4496508e+00
   9.3976613e+00   7.4496537e+00
   9.4138085e+00   7.4496566e+00
   9.4299557e+00   7.4496594e+00
   9.4461029e+00   7.4496622e+00
   9.4622500e+00   7.4496649e+00
   9.4783972e+00   7.4496677e+00
   9.4945444e+00   7.4496704e+00
   9.5106916e+00   7.4496731e+00
   9.5268388e+00   7.4496758e+00
   9.5429860e+00   7.4496784e+00
   9.5591331e+00   7.4496810e+00
   9.5752803e+00   7.4496836e+00
   9.5914275e+00   7.4496862e+00
   9.6075747e+00   7.4496887e+00
   9.6237219e+00   7.4496912e+00
   9.6398691e+00   7.4496937e+00
   9.6560163e+00   7.4496962e+00
   9.6721634e+00   7.4496986e+00
   9.6883106e+00   7.4497010e+00
   9.7044578e+00   7.4497034e+00
   9.7206050e+00   7.4497058e+00
   9.7367522e+00   7.4497081e+00
   9.7528994e+00   7.4497105e+00
   9.7690465e+00   7.4497128e+00
   9.7851937e+00   7.4497150e+00
   9.8013409e+00   7.4497173e+00
   9.8174881e+00   7.4497195e+00
   9.8336353e+00   7.4497218e+00
   9.8497825e+00   7.4497240e+00
   9.8659296e+00   7.4497261e+00
   9.8820768e+00   7.4497283e+00
   9.8982240e+00   7.4497304e+00
   9.9143712e+00   7.4497326e+00
   9.9305184e+00   7.4497346e+00
   9.9466656e+00   7.4497367e+00
   9.9628128e+00   7.4497388e+00
   9.9789599e+00   7.4497408e+00
   9.9951071e+00   7.4497428e+00
   1.0011254e+01   7.4497448e+00
   1.0027401e+01   7.4497468e+00
   1.0043549e+01   7.4497488e+00
   1.0059696e+01   7.4497507e+00
   1.0075843e+01   7.4497527e+00
   1.0091990e+01   7.4497546e+00
   1.0108137e+01   7.4497565e+00
   1.0124285e+01   7.4497583e+00
   1.0140432e+01   7.4497602e+00
   1.0156579e+01   7.4497620e+00
   1.0172726e+01   7.4497639e+00
   1.0188873e+01   7.4497657e+00
   1.0205021e+01   7.4497675e+00
   1.0221168e+01   7.4497692e+00
   1.0237315e+01   7.4497710e+00
   1.0253462e+01   7.4497727e+00
   1.0269609e+01   7.4497745e+00
   1.0285756e+01   7.4497762e+00
   1.0301904e+01   7.4497779e+00
   1.0318051e+01   7.4497795e+00
   1.0334198e+01   7.4497812e+00
   1.0350345e+01   7.4497829e+00
   1.0366492e+01   7.4497845e+00
   1.0382640e+01   7.4497861e+00
   1.0398787e+01   7.4497877e+00
   1.0414934e+01   7.4497893e+00
   1.0431081e+01   7.4497909e+00
   1.0447228e+01   7.4497924e+00
   1.0463375e+01   7.4497940e+00
   1.0479523e+01   7.4497955e+00
   1.0495670e+01   7.4497971e+00
   1.0511817e+01   7.4497986e+00
   1.0527964e+01   7.4498001e+00
   1.0544111e+01   7.4498015e+00
   1.0560259e+01   7.4498030e+00
   1.0576406e+01   7.4498045e+00
   1.0592553e+01   7.4498059e+00
   1.0608700e+01   7.4498073e+00
   1.0624847e+01   7.4498088e+00
   1.0640994e+01   7.4498102e+00
   1.0657142e+01   7.4498115e+00
   1.0673289e+01   7.4498129e+00
   1.0689436e+01   7.4498143e+00
   1.0705583e+01   7.4498157e+00
   1.0721730e+01   7.4498170e+00
   1.0737878e+01   7.4498183e+00
   1.0754025e+01   7.4498197e+00
   1.0770172e+01   7.4498210e+00
   1.0786319e+01   7.4498223e+00
   1.0802466e+01   7.4498235e+00
   1.0818614e+01   7.4498248e+00
   1.0834761e+01   7.4498261e+00
   1.0850908e+01   7.4498273e+00
   1.0867055e+01   7.4498286e+00
   1.0883202e+01   7.4498298e+00
   1.0899349e+01   7.4498310e+00
   1.0915497e+01   7.4498323e+00
   1.0931644e+01   7.4498335e+00
   1.0947791e+01   7.4498346e+00
   1.0963938e+01   7.4498358e+00
   1.0980085e+01   7.4498370e+00
   1.0996233e+01   7.4498382e+00
   1.1012380e+01   7.4498393e+00
   1.1028527e+01   7.4498405e+00
   1.1044674e+01   7.4498416e+00
   1.1060821e+01   7.4498427e+00
   1.1076968e+01   7.4498438e+00
   1.1093116e+01   7.4498449e+00
   1.1109263e+01   7.4498460e+00
   1.1125410e+01   7.4498471e+00
   1.1141557e+01   7.4498482e+00
   1.1157704e+01   7.4498492e+00
   1.1173852e+01   7.4498503e+00
   1.1189999e+01   7.4498513e+00
   1.1206146e+01   7.4498524e+00
   1.1222293e+01   7.4498534e+00
   1.1238440e+01   7.4498544e+00
   1.1254588e+01   7.4498555e+00
   1.1270735e+01   7.4498565e+00
   1.1286882e+01   7.4498575e+00
   1.1303029e+01   7.4498584e+00
   1.1319176e+01   7.4498594e+00
   1.1335323e+01   7.4498604e+00
   1.1351471e+01   7.4498614e+00
   1.1367618e+01   7.4498623e+00
   1.1383765e+01   7.4498633e+00
   1.1399912e+01   7.4498642e+00
   1.1416059e+01   7.4498651e+00
   1.1432207e+01   7.4498661e+00
   1.1448354e+01   7.4498670e+00
   1.1464501e+01   7.4498679e+00
   1.1480648e+01   7.4498688e+00
   1.1496795e+01   7.4498697e+00
   1.1512942e+01   7.4498706e+00
   1.1529090e+01   7.4498715e+00
   1.1545237e+01   7.4498723e+00
   1.1561384e+01   7.4498732e+00
   1.1577531e+01   7.4498741e+00
   1.1593678e+01   7.4498749e+00
   1.1609826e+01   7.4498758e+00
   1.1625973e+01   7.4498766e+00
   1.1642120e+01   7.4498774e+00
   1.1658267e+01   7.4498783e+00
   1.1674414e+01   7.4498791e+00
   1.1690561e+01   7.4498799e+00
   1.1706709e+01   7.4498807e+00
   1.1722856e+01   7.4498815e+00
   1.1739003e+01   7.4498823e+00
   1.1755150e+01   7.4498831e+00
   1.1771297e+01   7.4498839e+00
   1.1787445e+01   7.4498846e+00
   1.1803592e+01   7.4498854e+00
   1.1819739e+01   7.4498862e+00
   1.1835886e+01   7.4498869e+00
   1.1852033e+01   7.4498877e+00
   1.1868181e+01   7.4498884e+00
   1.1884328e+01   7.4498892e+00
   1.1900475e+01   7.4498899e+00
   1.1916622e+01   7.4498906e+00
   1.1932769e+01   7.4498913e+00
   1.1948916e+01   7.4498921e+00
   1.1965064e+01   7.4498928e+00
   1.1981211e+01   7.4498935e+00
   1.1997358e+01   7.4498942e+00
   1.2013505e+01   7.4498949e+00
   1.2029652e+01   7.4498955e+00
   1.2045800e+01   7.4498962e+00
   1.2061947e+01   7.4498969e+00
   1.2078094e+01   7.4498976e+00
   1.2094241e+01   7.4498982e+00
   1.2110388e+01   7.4498989e+00
   1.2126535e+01   7.4498996e+00
   1.2142683e+01   7.4499002e+00
   1.2158830e+01   7.4499009e+00
   1.2174977e+01   7.4499015e+00
   1.2191124e+01   7.4499021e+00
   1.2207271e+01   7.4499028e+00
   1.2223419e+01   7.4499034e+00
   1.2239566e+01   7.4499040e+00
   1.2255713e+01   7.4499046e+00
   1.2271860e+01   7.4499052e+00
   1.2288007e+01   7.4499058e+00
   1.2304154e+01   7.4499065e+00
   1.2320302e+01   7.4499070e+00
   1.2336449e+01   7.4499076e+00
   1.2352596e+01   7.4499082e+00
   1.2368743e+01   7.4499088e+00
   1.2384890e+01   7.4499094e+00
   1.2401038e+01   7.4499100e+00
   1.2417185e+01   7.4499105e+00
   1.2433332e+01   7.4499111e+00
   1.2449479e+01   7.4499117e+00
   1.2465626e+01   7.4499122e+00
   1.2481774e+01   7.4499128e+00
   1.2497921e+01   7.4499133e+00
   1.2514068e+01   7.4499139e+00
   1.2530215e+01   7.4499144e+00
   1.2546362e+01   7.4499150e+00
   1.2562509e+01   7.4499155e+00
   1.2578657e+01   7.4499160e+00
   1.2594804e+01   7.4499165e+00
   1.2610951e+01   7.4499171e+00
   1.2627098e+01   7.4499176e+00
   1.2643245e+01   7.4499181e+00
   1.2659393e+01   7.4499186e+00
   1.2675540e+01   7.4499191e+00
   1.2691687e+01   7.4499196e+00
   1.2707834e+01   7.4499201e+00
   1.2723981e+01   7.4499206e+00
   1.2740128e+01   7.4499211e+00
   1.2756276e+01   7.4499216e+00
   1.2772423e+01   7.4499221e+00
   1.2788570e+01   7.4499226e+00
   1.2804717e+01   7.4499230e+00
   1.2820864e+01   7.4499235e+00
   1.2837012e+01   7.4499240e+00
   1.2853159e+01   7.4499244e+00
   1.2869306e+01   7.4499249e+00
   1.2885453e+01   7.4499254e+00
   1.2901600e+01   7.4499258e+00
   1.2917747e+01   7.4499263e+00
   1.2933895e+01   7.4499267e+00
   1.2950042e+01   7.4499272e+00
   1.2966189e+01   7.4499276e+00
   1.2982336e+01   7.4499281e+00
   1.2998483e+01   7.4499285e+00
   1.3014631e+01   7.4499289e+00
   1.3030778e+01   7.4499294e+00
   1.3046925e+01   7.4499298e+00
   1.3063072e+01   7.4499302e+00
   1.3079219e+01   7.4499306e+00
   1.3095367e+01   7.4499310e+00
   1.3111514e+01   7.4499315e+00
   1.3127661e+01   7.4499319e+00
   1.3143808e+01   7.4499323e+00
   1.3159955e+01   7.4499327e+00
   1.3176102e+01   7.4499331e+00
   1.3192250e+01   7.4499335e+00
   1.3208397e+01   7.4499339e+00
   1.3224544e+01   7.4499343e+00
   1.3240691e+01   7.4499347e+00
   1.3256838e+01   7.4499351e+00
   1.3272986e+01   7.4499355e+00
   1.3289133e+01   7.4499358e+00
   1.3305280e+01   7.4499362e+00
   1.3321427e+01   7.4499366e+00
   1.3337574e+01   7.4499370e+00
   1.3353721e+01   7.4499373e+00
   1.3369869e+01   7.4499377e+00
   1.3386016e+01   7.4499381e+00
   1.3402163e+01   7.4499385e+00
   1.3418310e+01   7.4499388e+00
   1.3434457e+01   7.4499392e+00
   1.3450605e+01   7.4499395e+00
   1.3466752e+01   7.4499399e+00
   1.3482899e+01   7.4499402e+00
   1.3499046e+01   7.4499406e+00
   1.3515193e+01   7.4499409e+00
   1.3531340e+01   7.4499413e+00
   1.3547488e+01   7.4499416e+00
   1.3563635e+01   7.4499420e+00
   1.3579782e+01   7.4499423e+00
   1.3595929e+01   7.4499426e+00
   1.3612076e+01   7.4499430e+00
   1.3628224e+01   7.4499433e+00
   1.3644371e+01   7.4499436e+00
   1.3660518e+01   7.4499440e+00
   1.3676665e+01   7.4499443e+00
   1.3692812e+01   7.4499446e+00
   1.3708960e+01   7.4499449e+00
   1.3725107e+01   7.4499452e+00
   1.3741254e+01   7.4499456e+00
   1.3757401e+01   7.4499459e+00
   1.3773548e+01   7.4499462e+00
   1.3789695e+01   7.4499465e+00
   1.3805843e+01   7.4499468e+00
   1.3821990e+01   7.4499471e+00
   1.3838137e+01   7.4499474e+00
   1.3854284e+01   7.4499477e+00
   1.3870431e+01   7.4499480e+00
   1.3886579e+01   7.4499483e+00
   1.3902726e+01   7.4499486e+00
   1.3918873e+01   7.4499489e+00
   1.3935020e+01   7.4499492e+00
   1.3951167e+01   7.4499495e+00
   1.3967314e+01   7.4499497e+00
   1.3983462e+01   7.4499500e+00
   1.3999609e+01   7.4499503e+00
   1.4015756e+01   7.4499506e+00
   1.4031903e+01   7.4499509e+00
   1.4048050e+01   7.4499512e+00
   1.4064198e+01   7.4499514e+00
   1.4080345e+01   7.4499517e+00
   1.4096492e+01   7.4499520e+00
   1.4112639e+01   7.4499522e+00
   1.4128786e+01   7.4499525e+00
   1.4144934e+01   7.4499528e+00
   1.4161081e+01   7.4499530e+00
   1.4177228e+01   7.4499533e+00
   1.4193375e+01   7.4499536e+00
   1.4209522e+01   7.4499538e+00
   1.4225669e+01   7.4499541e+00
   1.4241817e+01   7.4499543e+00
   1.4257964e+01   7.4499546e+00
   1.4274111e+01   7.4499548e+00
   1.4290258e+01   7.4499551e+00
   1.4306405e+01   7.4499553e+00
   1.4322553e+01   7.4499556e+00
   1.4338700e+01   7.4499558e+00
   1.4354847e+01   7.4499561e+00
   1.4370994e+01   7.4499563e+00
   1.4387141e+01   7.4499566e+00
   1.4403288e+01   7.4499568e+00
   1.4419436e+01   7.4499570e+00
   1.4435583e+01   7.4499573e+00
   1.4451730e+01   7.4499575e+00
   1.4467877e+01   7.4499577e+00
   1.4484024e+01   7.4499580e+00
   1.4500172e+01   7.4499582e+00
   1.4516319e+01   7.4499584e+00
   1.4532466e+01   7.4499586e+00
   1.4548613e+01   7.4499589e+00
   1.4564760e+01   7.4499591e+00
   1.4580907e+01   7.4499593e+00
   1.4597055e+01   7.4499595e+00
   1.4613202e+01   7.4499598e+00
   1.4629349e+01   7.4499600e+00
   1.4645496e+01   7.4499602e+00
   1.4661643e+01   7.4499604e+00
   1.4677791e+01   7.4499606e+00
   1.4693938e+01   7.4499608e+00
   1.4710085e+01   7.4499610e+00
   1.4726232e+01   7.4499613e+00
   1.4742379e+01   7.4499615e+00
   1.4758527e+01   7.4499617e+00
   1.4774674e+01   7.4499619e+00
   1.4790821e+01   7.4499621e+00
   1.4806968e+01   7.4499623e+00
   1.4823115e+01   7.4499625e+00
   1.4839262e+01   7.4499627e+00
   1.4855410e+01   7.4499629e+00
   1.4871557e+01   7.4499631e+00
   1.4887704e+01   7.4499633e+00
   1.4903851e+01   7.4499635e+00
   1.4919998e+01   7.4499637e+00
   1.4936146e+01   7.4499639e+00
   1.4952293e+01   7.4499641e+00
   1.4968440e+01   7.4499642e+00
   1.4984587e+01   7.4499644e+00
   1.5000734e+01   7.4499646e+00
   1.5016881e+01   7.4499648e+00
   1.5033029e+01   7.4499650e+00
   1.5049176e+01   7.4499652e+00
   1.5065323e+01   7.4499654e+00
   1.5081470e+01   7.4499655e+00
   1.5097617e+01   7.4499657e+00
   1.5113765e+01   7.4499659e+00
   1.5129912e+01   7.4499661e+00
   1.5146059e+01   7.4499663e+00
   1.5162206e+01   7.4499664e+00
   1.5178353e+01   7.4499666e+00
   1.5194500e+01   7.4499668e+00
   1.5210648e+01   7.4499670e+00
   1.5226795e+01   7.4499671e+00
   1.5242942e+01   7.4499673e+00
   1.5259089e+01   7.4499675e+00
   1.5275236e+01   7.4499676e+00
   1.5291384e+01   7.4499678e+00
   1.5307531e+01   7.4499680e+00
   1.5323678e+01   7.4499681e+00
   1.5339825e+01   7.4499683e+00
   1.5355972e+01   7.4499685e+00
   1.5372120e+01   7.4499686e+00
   1.5388267e+01   7.4499688e+00
   1.5404414e+01   7.4499690e+00
   1.5420561e+01   7.4499691e+00
   1.5436708e+01   7.4499693e+00
   1.5452855e+01   7.4499694e+00
   1.5469003e+01   7.4499696e+00
   1.5485150e+01   7.4499698e+00
   1.5501297e+01   7.4499699e+00
   1.5517444e+01   7.4499701e+00
   1.5533591e+01   7.4499702e+00
   1.5549739e+01   7.4499704e+00
   1.5565886e+01   7.4499705e+00
   1.5582033e+01   7.4499707e+00
   1.5598180e+01   7.4499708e+00
   1.5614327e+01   7.4499710e+00
   1.5630474e+01   7.4499711e+00
   1.5646622e+01   7.4499713e+00
   1.5662769e+01   7.4499714e+00
   1.5678916e+01   7.4499715e+00
   1.5695063e+01   7.4499717e+00
   1.5711210e+01   7.4499718e+00
   1.5727358e+01   7.4499720e+00
   1.5743505e+01   7.4499721e+00
   1.5759652e+01   7.4499723e+00
   1.5775799e+01   7.4499724e+00
   1.5791946e+01   7.4499725e+00
   1.5808093e+01   7.4499727e+00
   1.5824241e+01   7.4499728e+00
   1.5840388e+01   7.4499730e+00
   1.5856535e+01   7.4499731e+00
   1.5872682e+01   7.4499732e+00
   1.5888829e+01   7.4499734e+00
   1.5904977e+01   7.4499735e+00
   1.5921124e+01   7.4499736e+00
   1.5937271e+01   7.4499738e+00
   1.5953418e+01   7.4499739e+00
   1.5969565e+01   7.4499740e+00
   1.5985713e+01   7.4499741e+00
   1.6001860e+01   7.4499743e+00
   1.6018007e+01   7.4499744e+00
   1.6034154e+01   7.4499745e+00
   1.6050301e+01   7.4499747e+00
   1.6066448e+01   7.4499748e+00
   1.6082596e+01   7.4499749e+00
   1.6098743e+01   7.4499750e+00
   1.6114890e+01   7.4499751e+00
   1.6131037e+01   7.4499753e+00
