   2.2573465e-04   5.2409655e-02
   4.5190367e-04   5.3368003e-02
   6.7852322e-04   5.4326351e-02
   9.0560955e-04   5.5284699e-02
   1.1331790e-03   5.6243048e-02
   1.3612479e-03   5.7201395e-02
   1.5898329e-03   5.8159743e-02
   1.8189504e-03   5.9118091e-02
   2.0486172e-03   6.0076439e-02
   2.2788501e-03   6.1094684e-02
   2.5096658e-03   6.2112929e-02
   2.7410813e-03   6.3071277e-02
   2.9731136e-03   6.4029624e-02
   3.2057799e-03   6.4987973e-02
   3.4390973e-03   6.5510198e-02
   3.6730830e-03   6.5946321e-02
   3.9077545e-03   6.6708099e-02
   4.1431291e-03   6.6904668e-02
   4.3792245e-03   6.7863017e-02
   4.6160582e-03   6.7906000e-02
   4.8536479e-03   6.8821364e-02
   5.0920115e-03   6.9103901e-02
   5.3311668e-03   6.9779713e-02
   5.5711317e-03   7.0301801e-02
   5.8119243e-03   7.0738061e-02
   6.0535628e-03   7.1499702e-02
   6.2960653e-03   7.1696408e-02
   6.5394502e-03   7.2654757e-02
   6.7837359e-03   7.2697603e-02
   7.0289408e-03   7.3613104e-02
   7.2750835e-03   7.3895504e-02
   7.5221826e-03   7.4571453e-02
   7.7702570e-03   7.5093404e-02
   8.0193253e-03   7.5529801e-02
   8.2694065e-03   7.6366174e-02
   8.5205197e-03   7.6488148e-02
   8.7726838e-03   7.7446497e-02
   9.0259180e-03   7.7638944e-02
   9.2802417e-03   7.8404844e-02
   9.5356741e-03   7.8609494e-02
   9.7922347e-03   7.8836844e-02
   1.0049943e-02   7.9363192e-02
   1.0308818e-02   8.0034748e-02
   1.0568881e-02   8.0046923e-02
   1.0830150e-02   8.0321537e-02
   1.1092646e-02   8.1232643e-02
   1.1356388e-02   8.1279888e-02
   1.1621397e-02   8.1484355e-02
   1.1887692e-02   8.2238240e-02
   1.2155294e-02   8.2430547e-02
   1.2424223e-02   8.2921786e-02
   1.2694500e-02   8.3196583e-02
   1.2966145e-02   8.3628450e-02
   1.3239178e-02   8.4154935e-02
   1.3513620e-02   8.4359218e-02
   1.3789493e-02   8.4826346e-02
   1.4066815e-02   8.5113278e-02
   1.4345610e-02   8.5796650e-02
   1.4625896e-02   8.6024249e-02
   1.4907697e-02   8.6071630e-02
   1.5191031e-02   8.7029973e-02
   1.5475922e-02   8.7222153e-02
   1.5762390e-02   8.7234082e-02
   1.6050457e-02   8.7988325e-02
   1.6340144e-02   8.8420049e-02
   1.6631472e-02   8.8671505e-02
   1.6924464e-02   8.8946668e-02
   1.7219141e-02   8.9617952e-02
   1.7515524e-02   8.9905020e-02
   1.7813637e-02   9.0108937e-02
   1.8113500e-02   9.0815856e-02
   1.8415137e-02   9.0863371e-02
   1.8718568e-02   9.1636212e-02
   1.9023817e-02   9.1707290e-02
   1.9330905e-02   9.1881613e-02
   1.9639856e-02   9.2013751e-02
   1.9950691e-02   9.2899854e-02
   2.0263433e-02   9.3163479e-02
   2.0578106e-02   9.3211655e-02
   2.0894731e-02   9.3384227e-02
   2.1213331e-02   9.3858206e-02
   2.1533931e-02   9.4409550e-02
   2.1856551e-02   9.4600910e-02
   2.2181217e-02   9.4816557e-02
   2.2507950e-02   9.5061163e-02
   2.2836774e-02   9.5607454e-02
   2.3167713e-02   9.5774901e-02
   2.3500790e-02   9.6038342e-02
   2.3836029e-02   9.6733252e-02
   2.4173453e-02   9.6738091e-02
   2.4513085e-02   9.6805358e-02
   2.4854951e-02   9.7475774e-02
   2.5199073e-02   9.7691596e-02
   2.5545476e-02   9.8003253e-02
   2.5894183e-02   9.8415027e-02
   2.6245219e-02   9.8649947e-02
   2.6598608e-02   9.8913206e-02
   2.6954375e-02   9.9201157e-02
   2.7312543e-02   9.9608291e-02
   2.7673138e-02   1.0009196e-01
   2.8036184e-02   1.0035064e-01
   2.8401422e-02   1.0039906e-01
   2.8769734e-02   1.0056664e-01
   2.9139664e-02   1.0152499e-01
   2.9513004e-02   1.0159696e-01
   2.9889207e-02   1.0176889e-01
   3.0267800e-02   1.0178806e-01
   3.0647927e-02   1.0248334e-01
   3.1030957e-02   1.0279486e-01
   3.1416734e-02   1.0322549e-01
   3.1805774e-02   1.0344169e-01
   3.2197021e-02   1.0344583e-01
   3.2590369e-02   1.0399276e-01
   3.2987145e-02   1.0440003e-01
   3.3386229e-02   1.0466292e-01
   3.3788572e-02   1.0480335e-01
   3.4193630e-02   1.0512276e-01
   3.4602254e-02   1.0519066e-01
   3.5014550e-02   1.0535838e-01
   3.5430308e-02   1.0610036e-01
   3.5848042e-02   1.0631673e-01
   3.6268318e-02   1.0638856e-01
   3.6692091e-02   1.0671975e-01
   3.7119616e-02   1.0690450e-01
   3.7550507e-02   1.0727508e-01
   3.7983778e-02   1.0753779e-01
   3.8419576e-02   1.0758647e-01
   3.8858829e-02   1.0823342e-01
   3.9300228e-02   1.0863616e-01
   3.9745192e-02   1.0868624e-01
   4.0194024e-02   1.0878436e-01
   4.0646654e-02   1.0897522e-01
   4.1102657e-02   1.0919177e-01
   4.1561600e-02   1.0998226e-01
   4.2023081e-02   1.1015012e-01
   4.2488473e-02   1.1036318e-01
   4.2957668e-02   1.1041265e-01
   4.3429142e-02   1.1055256e-01
   4.3903124e-02   1.1110847e-01
   4.4381187e-02   1.1118017e-01
   4.4863348e-02   1.1185008e-01
   4.5349313e-02   1.1204011e-01
   4.5838291e-02   1.1206682e-01
   4.6331113e-02   1.1237806e-01
   4.6827044e-02   1.1246897e-01
   4.7326988e-02   1.1302516e-01
   4.7830425e-02   1.1328751e-01
   4.8339185e-02   1.1357597e-01
   4.8851811e-02   1.1371704e-01
   4.9368656e-02   1.1398352e-01
   4.9889917e-02   1.1438537e-01
   5.0413664e-02   1.1472494e-01
   5.0942850e-02   1.1484874e-01
   5.1475143e-02   1.1494186e-01
   5.2011154e-02   1.1539398e-01
   5.2550920e-02   1.1590021e-01
   5.3095135e-02   1.1612151e-01
   5.3644176e-02   1.1616237e-01
   5.4197680e-02   1.1630177e-01
   5.4754299e-02   1.1685855e-01
   5.5314717e-02   1.1707091e-01
   5.5878098e-02   1.1731940e-01
   5.6446252e-02   1.1759980e-01
   5.7019303e-02   1.1781691e-01
   5.7596133e-02   1.1789741e-01
   5.8177014e-02   1.1821817e-01
   5.8762687e-02   1.1851731e-01
   5.9353450e-02   1.1874784e-01
   5.9947507e-02   1.1877526e-01
   6.0547932e-02   1.1903723e-01
   6.1152798e-02   1.1971521e-01
   6.1761670e-02   1.1973360e-01
   6.2374243e-02   1.2005324e-01
   6.2991693e-02   1.2013458e-01
   6.3614299e-02   1.2042478e-01
   6.4243205e-02   1.2047467e-01
   6.4876253e-02   1.2069195e-01
   6.5513414e-02   1.2091311e-01
   6.6155637e-02   1.2165030e-01
   6.6803272e-02   1.2191210e-01
   6.7456089e-02   1.2210171e-01
   6.8113295e-02   1.2211101e-01
   6.8774216e-02   1.2217076e-01
   6.9440877e-02   1.2220908e-01
   7.0112929e-02   1.2266855e-01
   7.0790048e-02   1.2330891e-01
   7.1472856e-02   1.2334953e-01
   7.2159299e-02   1.2368679e-01
   7.2850098e-02   1.2377864e-01
   7.3546428e-02   1.2420694e-01
   7.4248916e-02   1.2436492e-01
   7.4955160e-02   1.2450681e-01
   7.5666738e-02   1.2464514e-01
   7.6383579e-02   1.2478695e-01
   7.7107130e-02   1.2545558e-01
   7.7834287e-02   1.2560348e-01
   7.8566167e-02   1.2570471e-01
   7.9302800e-02   1.2612334e-01
   8.0045214e-02   1.2622438e-01
   8.0793329e-02   1.2652076e-01
   8.1545489e-02   1.2656183e-01
   8.2301213e-02   1.2690262e-01
   8.3063708e-02   1.2713251e-01
   8.3831954e-02   1.2752018e-01
   8.4605997e-02   1.2766182e-01
   8.5385433e-02   1.2803975e-01
   8.6168871e-02   1.2810051e-01
   8.6955974e-02   1.2847853e-01
   8.7748942e-02   1.2867660e-01
   8.8547613e-02   1.2880944e-01
   8.9351336e-02   1.2909925e-01
   9.0161762e-02   1.2929841e-01
   9.0976962e-02   1.2943687e-01
   9.1796436e-02   1.2995615e-01
   9.2621931e-02   1.3039522e-01
   9.3451655e-02   1.3048638e-01
   9.4286902e-02   1.3049632e-01
   9.5127242e-02   1.3053668e-01
   9.5972902e-02   1.3083243e-01
   9.6825292e-02   1.3098922e-01
   9.7681830e-02   1.3135357e-01
   9.8545119e-02   1.3169421e-01
   9.9413888e-02   1.3187256e-01
   1.0028793e-01   1.3197411e-01
   1.0116674e-01   1.3216331e-01
   1.0205074e-01   1.3231192e-01
   1.0293959e-01   1.3289212e-01
   1.0383425e-01   1.3298827e-01
   1.0473458e-01   1.3327027e-01
   1.0563929e-01   1.3338445e-01
   1.0654952e-01   1.3341154e-01
   1.0746502e-01   1.3378896e-01
   1.0838576e-01   1.3384024e-01
   1.0931202e-01   1.3409002e-01
   1.1024339e-01   1.3422861e-01
   1.1117950e-01   1.3484898e-01
   1.1212138e-01   1.3514411e-01
   1.1306731e-01   1.3518696e-01
   1.1401769e-01   1.3528792e-01
   1.1497444e-01   1.3551718e-01
   1.1593584e-01   1.3570536e-01
   1.1690295e-01   1.3577968e-01
   1.1787511e-01   1.3614531e-01
   1.1885341e-01   1.3628640e-01
   1.1983737e-01   1.3648582e-01
   1.2082673e-01   1.3710366e-01
   1.2182163e-01   1.3719411e-01
   1.2282206e-01   1.3743469e-01
   1.2382740e-01   1.3762176e-01
   1.2483777e-01   1.3768372e-01
   1.2585344e-01   1.3781367e-01
   1.2687296e-01   1.3806200e-01
   1.2789805e-01   1.3817491e-01
   1.2892848e-01   1.3887104e-01
   1.2996451e-01   1.3888162e-01
   1.3100523e-01   1.3902035e-01
   1.3205234e-01   1.3934094e-01
   1.3310533e-01   1.3953817e-01
   1.3416329e-01   1.3972527e-01
   1.3522606e-01   1.3997871e-01
   1.3629465e-01   1.4007952e-01
   1.3736766e-01   1.4054798e-01
   1.3844424e-01   1.4057014e-01
   1.3952635e-01   1.4077837e-01
   1.4061456e-01   1.4093705e-01
   1.4170661e-01   1.4127742e-01
   1.4280384e-01   1.4145457e-01
   1.4390511e-01   1.4188110e-01
   1.4500992e-01   1.4189540e-01
   1.4612087e-01   1.4221580e-01
   1.4723767e-01   1.4222491e-01
   1.4835915e-01   1.4247532e-01
   1.4948704e-01   1.4285374e-01
   1.5061960e-01   1.4296538e-01
   1.5175675e-01   1.4337097e-01
   1.5289855e-01   1.4365324e-01
   1.5404650e-01   1.4367323e-01
   1.5520056e-01   1.4381210e-01
   1.5635911e-01   1.4390184e-01
   1.5752306e-01   1.4403694e-01
   1.5869154e-01   1.4407854e-01
   1.5986521e-01   1.4477044e-01
   1.6104352e-01   1.4487112e-01
   1.6222624e-01   1.4509067e-01
   1.6341333e-01   1.4528738e-01
   1.6460613e-01   1.4536060e-01
   1.6580330e-01   1.4557878e-01
   1.6700411e-01   1.4572879e-01
   1.6821075e-01   1.4606902e-01
   1.6942127e-01   1.4619278e-01
   1.7063742e-01   1.4652810e-01
   1.7185729e-01   1.4668713e-01
   1.7308241e-01   1.4671312e-01
   1.7431150e-01   1.4720378e-01
   1.7554346e-01   1.4725571e-01
   1.7677986e-01   1.4726693e-01
   1.7802076e-01   1.4764549e-01
   1.7926731e-01   1.4775584e-01
   1.8051700e-01   1.4796553e-01
   1.8176922e-01   1.4834862e-01
   1.8302495e-01   1.4846482e-01
   1.8428495e-01   1.4860384e-01
   1.8554891e-01   1.4893264e-01
   1.8681747e-01   1.4912019e-01
   1.8809035e-01   1.4934770e-01
   1.8936562e-01   1.4940295e-01
   1.9064387e-01   1.4956218e-01
   1.9192653e-01   1.4966273e-01
   1.9321365e-01   1.5015107e-01
   1.9450370e-01   1.5050446e-01
   1.9579715e-01   1.5052053e-01
   1.9709319e-01   1.5060958e-01
   1.9839131e-01   1.5084039e-01
   1.9969403e-01   1.5086063e-01
   2.0099923e-01   1.5103659e-01
   2.0230732e-01   1.5147888e-01
   2.0361789e-01   1.5198228e-01
   2.0493251e-01   1.5205853e-01
   2.0624906e-01   1.5227782e-01
   2.0756697e-01   1.5228651e-01
   2.0888645e-01   1.5243723e-01
   2.1020848e-01   1.5266030e-01
   2.1153336e-01   1.5269601e-01
   2.1285998e-01   1.5295300e-01
   2.1418830e-01   1.5333130e-01
   2.1551817e-01   1.5345547e-01
   2.1685009e-01   1.5371525e-01
   2.1818431e-01   1.5396344e-01
   2.1952023e-01   1.5447372e-01
   2.2085869e-01   1.5460407e-01
   2.2219799e-01   1.5461685e-01
   2.2353890e-01   1.5481613e-01
   2.2488067e-01   1.5486940e-01
   2.2622325e-01   1.5515268e-01
   2.2756785e-01   1.5524093e-01
   2.2891488e-01   1.5543206e-01
   2.3026227e-01   1.5564038e-01
   2.3161045e-01   1.5580197e-01
   2.3296080e-01   1.5639041e-01
   2.3431283e-01   1.5659011e-01
   2.3566547e-01   1.5678580e-01
   2.3701856e-01   1.5697197e-01
   2.3837253e-01   1.5699987e-01
   2.3972911e-01   1.5716512e-01
   2.4108571e-01   1.5725143e-01
   2.4244297e-01   1.5731731e-01
   2.4380175e-01   1.5734876e-01
   2.4516098e-01   1.5763617e-01
   2.4651989e-01   1.5802755e-01
   2.4787969e-01   1.5819777e-01
   2.4923983e-01   1.5830711e-01
   2.5060008e-01   1.5870221e-01
   2.5196159e-01   1.5899424e-01
   2.5332247e-01   1.5912781e-01
   2.5468425e-01   1.5926545e-01
   2.5604694e-01   1.5939567e-01
   2.5741073e-01   1.5946498e-01
   2.5877426e-01   1.5988601e-01
   2.6013892e-01   1.6003140e-01
   2.6150235e-01   1.6003899e-01
   2.6286628e-01   1.6022380e-01
   2.6423097e-01   1.6059357e-01
   2.6559719e-01   1.6061861e-01
   2.6696265e-01   1.6077598e-01
   2.6832855e-01   1.6090240e-01
   2.6969487e-01   1.6118216e-01
   2.7106086e-01   1.6128365e-01
   2.7242580e-01   1.6179147e-01
   2.7379034e-01   1.6214050e-01
   2.7515525e-01   1.6233983e-01
   2.7651846e-01   1.6242663e-01
   2.7787987e-01   1.6252059e-01
   2.7924101e-01   1.6253502e-01
   2.8060239e-01   1.6255773e-01
   2.8196240e-01   1.6291286e-01
   2.8332157e-01   1.6298938e-01
   2.8467891e-01   1.6309885e-01
   2.8603637e-01   1.6343949e-01
   2.8739440e-01   1.6377726e-01
   2.8875135e-01   1.6405719e-01
   2.9010714e-01   1.6418727e-01
   2.9146131e-01   1.6423466e-01
   2.9281488e-01   1.6445142e-01
   2.9416829e-01   1.6482186e-01
   2.9551947e-01   1.6501555e-01
   2.9686876e-01   1.6515517e-01
   2.9821763e-01   1.6521470e-01
   2.9956406e-01   1.6538517e-01
   3.0091061e-01   1.6559532e-01
   3.0225594e-01   1.6578674e-01
   3.0359958e-01   1.6591160e-01
   3.0494027e-01   1.6597389e-01
   3.0628096e-01   1.6636783e-01
   3.0761909e-01   1.6658308e-01
   3.0895533e-01   1.6665213e-01
   3.1028858e-01   1.6693224e-01
   3.1162091e-01   1.6721710e-01
   3.1295159e-01   1.6758852e-01
   3.1428012e-01   1.6775116e-01
   3.1560653e-01   1.6778097e-01
   3.1693053e-01   1.6789058e-01
   3.1825283e-01   1.6795441e-01
   3.1957500e-01   1.6808956e-01
   3.2089380e-01   1.6828423e-01
   3.2221063e-01   1.6866062e-01
   3.2352525e-01   1.6884894e-01
   3.2483771e-01   1.6897888e-01
   3.2614838e-01   1.6926546e-01
   3.2745913e-01   1.6952699e-01
   3.2876880e-01   1.6961232e-01
   3.3007664e-01   1.6980729e-01
   3.3138225e-01   1.6990701e-01
   3.3268436e-01   1.7017678e-01
   3.3398383e-01   1.7020063e-01
   3.3528205e-01   1.7024870e-01
   3.3657801e-01   1.7075365e-01
   3.3787260e-01   1.7076563e-01
   3.3916568e-01   1.7094240e-01
   3.4045645e-01   1.7096442e-01
   3.4174492e-01   1.7137468e-01
   3.4303175e-01   1.7153449e-01
   3.4431679e-01   1.7172398e-01
   3.4559868e-01   1.7200756e-01
   3.4687924e-01   1.7206284e-01
   3.4815748e-01   1.7211704e-01
   3.4943367e-01   1.7240185e-01
   3.5070796e-01   1.7257258e-01
   3.5198085e-01   1.7261932e-01
   3.5325060e-01   1.7268233e-01
   3.5451795e-01   1.7336181e-01
   3.5578375e-01   1.7338823e-01
   3.5704738e-01   1.7364068e-01
   3.5830920e-01   1.7377048e-01
   3.5956824e-01   1.7383928e-01
   3.6082483e-01   1.7403344e-01
   3.6207834e-01   1.7421868e-01
   3.6333027e-01   1.7429626e-01
   3.6457861e-01   1.7440279e-01
   3.6582515e-01   1.7440837e-01
   3.6706996e-01   1.7459902e-01
   3.6831389e-01   1.7496838e-01
   3.6955623e-01   1.7527671e-01
   3.7079623e-01   1.7555737e-01
   3.7203387e-01   1.7594985e-01
   3.7326918e-01   1.7597320e-01
   3.7450217e-01   1.7602280e-01
   3.7573240e-01   1.7616628e-01
   3.7696052e-01   1.7637451e-01
   3.7818503e-01   1.7647493e-01
   3.7940720e-01   1.7651572e-01
   3.8062777e-01   1.7671414e-01
   3.8184593e-01   1.7679802e-01
   3.8306237e-01   1.7728225e-01
   3.8427700e-01   1.7736419e-01
   3.8548850e-01   1.7747407e-01
   3.8669822e-01   1.7765012e-01
   3.8790609e-01   1.7786625e-01
   3.8911216e-01   1.7815157e-01
   3.9031486e-01   1.7843242e-01
   3.9151457e-01   1.7853035e-01
   3.9271179e-01   1.7856208e-01
   3.9390766e-01   1.7865738e-01
   3.9510165e-01   1.7919325e-01
   3.9629487e-01   1.7932706e-01
   3.9748532e-01   1.7939076e-01
   3.9867444e-01   1.7958805e-01
   3.9986222e-01   1.7958901e-01
   4.0104731e-01   1.7975999e-01
   4.0223021e-01   1.7978266e-01
   4.0341209e-01   1.8015612e-01
   4.0459134e-01   1.8034911e-01
   4.0576807e-01   1.8068620e-01
   4.0694216e-01   1.8095788e-01
   4.0811543e-01   1.8100400e-01
   4.0928631e-01   1.8102644e-01
   4.1045460e-01   1.8129196e-01
   4.1162096e-01   1.8130746e-01
   4.1278573e-01   1.8158848e-01
   4.1394832e-01   1.8169906e-01
   4.1510834e-01   1.8215578e-01
   4.1626670e-01   1.8226581e-01
   4.1742284e-01   1.8246387e-01
   4.1857740e-01   1.8268092e-01
   4.1972890e-01   1.8270118e-01
   4.2087671e-01   1.8284203e-01
   4.2202204e-01   1.8320962e-01
   4.2316505e-01   1.8322415e-01
   4.2430587e-01   1.8335369e-01
   4.2544473e-01   1.8373524e-01
   4.2658251e-01   1.8392654e-01
   4.2771785e-01   1.8398371e-01
   4.2884966e-01   1.8399114e-01
   4.2997926e-01   1.8424240e-01
   4.3110719e-01   1.8435786e-01
   4.3223350e-01   1.8455158e-01
   4.3335862e-01   1.8499787e-01
   4.3448065e-01   1.8526064e-01
   4.3560043e-01   1.8551840e-01
   4.3671688e-01   1.8574949e-01
   4.3783285e-01   1.8577142e-01
   4.3894662e-01   1.8581430e-01
   4.4005756e-01   1.8603480e-01
   4.4116630e-01   1.8621899e-01
   4.4227311e-01   1.8626311e-01
   4.4337675e-01   1.8637895e-01
   4.4447818e-01   1.8656112e-01
   4.4557728e-01   1.8694739e-01
   4.4667396e-01   1.8695583e-01
   4.4776744e-01   1.8715371e-01
   4.4885882e-01   1.8717734e-01
   4.4994958e-01   1.8768782e-01
   4.5103793e-01   1.8771172e-01
   4.5212366e-01   1.8813569e-01
   4.5320850e-01   1.8814529e-01
   4.5428982e-01   1.8839327e-01
   4.5537063e-01   1.8877417e-01
   4.5644932e-01   1.8892741e-01
   4.5752587e-01   1.8909403e-01
   4.5859836e-01   1.8913699e-01
   4.5966805e-01   1.8919570e-01
   4.6073629e-01   1.8930954e-01
   4.6180282e-01   1.8934319e-01
   4.6286761e-01   1.8938866e-01
   4.6392954e-01   1.8960423e-01
   4.6498981e-01   1.8983070e-01
   4.6604743e-01   1.9005238e-01
   4.6710368e-01   1.9054109e-01
   4.6815856e-01   1.9101074e-01
   4.6921099e-01   1.9106560e-01
   4.7026067e-01   1.9116941e-01
   4.7130854e-01   1.9126813e-01
   4.7235655e-01   1.9146539e-01
   4.7340179e-01   1.9152063e-01
   4.7444451e-01   1.9181386e-01
   4.7548599e-01   1.9183028e-01
   4.7652477e-01   1.9196908e-01
   4.7756342e-01   1.9201087e-01
   4.7860003e-01   1.9204053e-01
   4.7963548e-01   1.9270556e-01
   4.8066857e-01   1.9274252e-01
   4.8169945e-01   1.9292743e-01
   4.8272839e-01   1.9308663e-01
   4.8375592e-01   1.9343704e-01
   4.8478132e-01   1.9356464e-01
   4.8580383e-01   1.9362122e-01
   4.8682465e-01   1.9388577e-01
   4.8784368e-01   1.9414299e-01
   4.8886076e-01   1.9428453e-01
   4.8987608e-01   1.9441946e-01
   4.9089051e-01   1.9446486e-01
   4.9190244e-01   1.9484413e-01
   4.9291287e-01   1.9488474e-01
   4.9392111e-01   1.9515365e-01
   4.9492888e-01   1.9535344e-01
   4.9593553e-01   1.9548243e-01
   4.9694046e-01   1.9558042e-01
   4.9794422e-01   1.9577706e-01
   4.9894551e-01   1.9580247e-01
   4.9994500e-01   1.9595987e-01
   5.0094077e-01   1.9609640e-01
   5.0193534e-01   1.9668034e-01
   5.0292923e-01   1.9676082e-01
   5.0392210e-01   1.9701785e-01
   5.0491294e-01   1.9709944e-01
   5.0590250e-01   1.9726984e-01
   5.0688931e-01   1.9771916e-01
   5.0787456e-01   1.9775862e-01
   5.0885828e-01   1.9777333e-01
   5.0984120e-01   1.9787823e-01
   5.1082210e-01   1.9793290e-01
   5.1180159e-01   1.9835510e-01
   5.1277934e-01   1.9845528e-01
   5.1375775e-01   1.9846134e-01
   5.1473516e-01   1.9867752e-01
   5.1571111e-01   1.9907614e-01
   5.1668529e-01   1.9918625e-01
   5.1765818e-01   1.9945026e-01
   5.1862966e-01   1.9963587e-01
   5.1959960e-01   1.9973402e-01
   5.2056829e-01   1.9989271e-01
   5.2153654e-01   2.0008874e-01
   5.2250274e-01   2.0027403e-01
   5.2346791e-01   2.0059421e-01
   5.2443271e-01   2.0063250e-01
   5.2539636e-01   2.0075033e-01
   5.2635887e-01   2.0110265e-01
   5.2732077e-01   2.0112720e-01
   5.2828021e-01   2.0133014e-01
   5.2923770e-01   2.0147193e-01
   5.3019409e-01   2.0155256e-01
   5.3114974e-01   2.0176903e-01
   5.3210410e-01   2.0224458e-01
   5.3305743e-01   2.0236860e-01
   5.3400898e-01   2.0251091e-01
   5.3496018e-01   2.0266984e-01
   5.3591051e-01   2.0276758e-01
   5.3686009e-01   2.0280413e-01
   5.3780827e-01   2.0301906e-01
   5.3875613e-01   2.0314556e-01
   5.3970334e-01   2.0346926e-01
   5.4064966e-01   2.0350637e-01
   5.4159496e-01   2.0386773e-01
   5.4253982e-01   2.0420501e-01
   5.4348362e-01   2.0440042e-01
   5.4442740e-01   2.0442760e-01
   5.4537069e-01   2.0448106e-01
   5.4631240e-01   2.0488215e-01
   5.4725484e-01   2.0493546e-01
   5.4819738e-01   2.0500318e-01
   5.4913811e-01   2.0506564e-01
   5.5007758e-01   2.0538595e-01
   5.5101554e-01   2.0554079e-01
   5.5195306e-01   2.0564244e-01
   5.5289060e-01   2.0615800e-01
   5.5382976e-01   2.0626354e-01
   5.5476868e-01   2.0634430e-01
   5.5570708e-01   2.0638025e-01
   5.5664558e-01   2.0669099e-01
   5.5758277e-01   2.0685187e-01
   5.5851979e-01   2.0707987e-01
   5.5945620e-01   2.0730265e-01
   5.6039063e-01   2.0746144e-01
   5.6132540e-01   2.0763776e-01
   5.6226047e-01   2.0783493e-01
   5.6319389e-01   2.0793603e-01
   5.6412636e-01   2.0799527e-01
   5.6505828e-01   2.0826100e-01
   5.6598984e-01   2.0851729e-01
   5.6692038e-01   2.0865934e-01
   5.6785043e-01   2.0876827e-01
   5.6878031e-01   2.0898157e-01
   5.6971020e-01   2.0921934e-01
   5.7063871e-01   2.0925412e-01
   5.7156683e-01   2.0951186e-01
   5.7249460e-01   2.0985724e-01
   5.7342248e-01   2.0995473e-01
   5.7435091e-01   2.1017769e-01
   5.7527870e-01   2.1027234e-01
   5.7620697e-01   2.1033125e-01
   5.7713517e-01   2.1068467e-01
   5.7806266e-01   2.1105514e-01
   5.7898932e-01   2.1110838e-01
   5.7991489e-01   2.1113604e-01
   5.8083939e-01   2.1113741e-01
   5.8176329e-01   2.1118880e-01
   5.8268652e-01   2.1139216e-01
   5.8360901e-01   2.1212799e-01
   5.8453122e-01   2.1225304e-01
   5.8545283e-01   2.1260107e-01
   5.8637496e-01   2.1272649e-01
   5.8729642e-01   2.1282959e-01
   5.8821661e-01   2.1286573e-01
   5.8913637e-01   2.1290691e-01
   5.9005646e-01   2.1329325e-01
   5.9097495e-01   2.1345095e-01
   5.9189344e-01   2.1422150e-01
   5.9281121e-01   2.1426702e-01
   5.9372970e-01   2.1451748e-01
   5.9464701e-01   2.1464747e-01
   5.9556448e-01   2.1464884e-01
   5.9648292e-01   2.1500187e-01
   5.9740052e-01   2.1512172e-01
   5.9831731e-01   2.1544908e-01
   5.9923317e-01   2.1554149e-01
   6.0014966e-01   2.1570445e-01
   6.0106480e-01   2.1584675e-01
   6.0197805e-01   2.1642921e-01
   6.0289119e-01   2.1643388e-01
   6.0380351e-01   2.1704465e-01
   6.0471544e-01   2.1714188e-01
   6.0562637e-01   2.1733462e-01
   6.0653764e-01   2.1751695e-01
   6.0744921e-01   2.1760492e-01
   6.0836018e-01   2.1787575e-01
   6.0926924e-01   2.1810615e-01
   6.1017762e-01   2.1817607e-01
   6.1108615e-01   2.1824254e-01
   6.1199280e-01   2.1835028e-01
   6.1289862e-01   2.1857932e-01
   6.1380350e-01   2.1944045e-01
   6.1470821e-01   2.1976076e-01
   6.1561198e-01   2.1978308e-01
   6.1651565e-01   2.1991218e-01
   6.1741841e-01   2.2001674e-01
   6.1832123e-01   2.2026669e-01
   6.1922425e-01   2.2044774e-01
   6.2012781e-01   2.2063835e-01
   6.2103032e-01   2.2074962e-01
   6.2193272e-01   2.2081064e-01
   6.2283514e-01   2.2145417e-01
   6.2373514e-01   2.2146001e-01
   6.2463553e-01   2.2183625e-01
   6.2553505e-01   2.2191660e-01
   6.2643480e-01   2.2218309e-01
   6.2733274e-01   2.2230742e-01
   6.2823063e-01   2.2289160e-01
   6.2912828e-01   2.2303415e-01
   6.3002527e-01   2.2313695e-01
   6.3092186e-01   2.2344522e-01
   6.3181758e-01   2.2356086e-01
   6.3271110e-01   2.2362350e-01
   6.3360473e-01   2.2407244e-01
   6.3449857e-01   2.2409949e-01
   6.3539189e-01   2.2423205e-01
   6.3628459e-01   2.2432904e-01
   6.3717588e-01   2.2470264e-01
   6.3806759e-01   2.2481388e-01
   6.3895881e-01   2.2542995e-01
   6.3984925e-01   2.2576647e-01
   6.4073941e-01   2.2601590e-01
   6.4162817e-01   2.2607980e-01
   6.4251432e-01   2.2622828e-01
   6.4339980e-01   2.2649081e-01
   6.4428401e-01   2.2649738e-01
   6.4516739e-01   2.2662785e-01
   6.4604997e-01   2.2667398e-01
   6.4692917e-01   2.2709788e-01
   6.4780774e-01   2.2720390e-01
   6.4868665e-01   2.2782575e-01
   6.4956481e-01   2.2793230e-01
   6.5044175e-01   2.2816774e-01
   6.5131682e-01   2.2838411e-01
   6.5219062e-01   2.2864133e-01
   6.5306356e-01   2.2871438e-01
   6.5393521e-01   2.2902365e-01
   6.5480470e-01   2.2937126e-01
   6.5567262e-01   2.2964281e-01
   6.5653799e-01   2.2978710e-01
   6.5740216e-01   2.2984468e-01
   6.5826609e-01   2.2984871e-01
   6.5912885e-01   2.3016860e-01
   6.5999079e-01   2.3029642e-01
   6.6084939e-01   2.3053995e-01
   6.6170635e-01   2.3134896e-01
   6.6256215e-01   2.3152161e-01
   6.6341653e-01   2.3156919e-01
   6.6426991e-01   2.3169587e-01
   6.6511909e-01   2.3176511e-01
   6.6596677e-01   2.3218774e-01
   6.6681325e-01   2.3224513e-01
   6.6765800e-01   2.3269579e-01
   6.6850126e-01   2.3276710e-01
   6.6934307e-01   2.3290022e-01
   6.7018194e-01   2.3313330e-01
   6.7101878e-01   2.3319854e-01
   6.7185384e-01   2.3368152e-01
   6.7268720e-01   2.3396499e-01
   6.7351885e-01   2.3398354e-01
   6.7434863e-01   2.3457073e-01
   6.7517631e-01   2.3458297e-01
   6.7600101e-01   2.3485163e-01
   6.7682479e-01   2.3487548e-01
   6.7764641e-01   2.3511901e-01
   6.7846619e-01   2.3516290e-01
   6.7928212e-01   2.3559792e-01
   6.8009706e-01   2.3600816e-01
   6.8091013e-01   2.3601334e-01
   6.8172063e-01   2.3636080e-01
   6.8252933e-01   2.3655241e-01
   6.8333577e-01   2.3661812e-01
   6.8414028e-01   2.3697821e-01
   6.8494263e-01   2.3700747e-01
   6.8574287e-01   2.3744559e-01
   6.8654030e-01   2.3751433e-01
   6.8733542e-01   2.3755869e-01
   6.8812901e-01   2.3799289e-01
   6.8892037e-01   2.3822934e-01
   6.8970994e-01   2.3875660e-01
   6.9049730e-01   2.3888302e-01
   6.9128202e-01   2.3912646e-01
   6.9206348e-01   2.3916330e-01
   6.9284257e-01   2.3925270e-01
   6.9361903e-01   2.3937344e-01
   6.9439241e-01   2.3943073e-01
   6.9516334e-01   2.3990628e-01
   6.9593255e-01   2.3995449e-01
   6.9669992e-01   2.4032045e-01
   6.9746644e-01   2.4086676e-01
   6.9823040e-01   2.4115240e-01
   6.9899200e-01   2.4131914e-01
   6.9975104e-01   2.4134713e-01
   7.0050617e-01   2.4158321e-01
   7.0125914e-01   2.4175789e-01
   7.0200916e-01   2.4176867e-01
   7.0275722e-01   2.4188728e-01
   7.0350253e-01   2.4223958e-01
   7.0424524e-01   2.4235030e-01
   7.0498594e-01   2.4319532e-01
   7.0572392e-01   2.4326014e-01
   7.0646016e-01   2.4326354e-01
   7.0719334e-01   2.4347499e-01
   7.0792405e-01   2.4354820e-01
   7.0865267e-01   2.4374064e-01
   7.0937845e-01   2.4416390e-01
   7.1010217e-01   2.4452186e-01
   7.1082284e-01   2.4463274e-01
   7.1154066e-01   2.4474610e-01
   7.1225484e-01   2.4493708e-01
   7.1296746e-01   2.4529972e-01
   7.1367725e-01   2.4535270e-01
   7.1438423e-01   2.4563082e-01
   7.1508876e-01   2.4594400e-01
   7.1579158e-01   2.4607017e-01
   7.1649221e-01   2.4655913e-01
   7.1718961e-01   2.4661401e-01
   7.1788418e-01   2.4661452e-01
   7.1857604e-01   2.4714190e-01
   7.1926638e-01   2.4715644e-01
   7.1995281e-01   2.4733589e-01
   7.2063645e-01   2.4750761e-01
   7.2131757e-01   2.4778666e-01
   7.2199558e-01   2.4829094e-01
   7.2267119e-01   2.4833980e-01
   7.2334472e-01   2.4846581e-01
   7.2401581e-01   2.4894504e-01
   7.2468248e-01   2.4895436e-01
   7.2534648e-01   2.4925230e-01
   7.2600799e-01   2.4948839e-01
   7.2666705e-01   2.4953771e-01
   7.2732388e-01   2.4979102e-01
   7.2797847e-01   2.4994249e-01
   7.2863061e-01   2.4996788e-01
   7.2928006e-01   2.5038247e-01
   7.2992685e-01   2.5073560e-01
   7.3057121e-01   2.5116870e-01
   7.3121262e-01   2.5134960e-01
   7.3185176e-01   2.5157893e-01
   7.3248818e-01   2.5164481e-01
   7.3312258e-01   2.5181990e-01
   7.3375430e-01   2.5193351e-01
   7.3438422e-01   2.5209833e-01
   7.3501121e-01   2.5236227e-01
   7.3563549e-01   2.5259026e-01
   7.3625734e-01   2.5308511e-01
   7.3687559e-01   2.5313141e-01
   7.3749110e-01   2.5325733e-01
   7.3810330e-01   2.5332174e-01
   7.3871250e-01   2.5374482e-01
   7.3931952e-01   2.5425418e-01
   7.3992382e-01   2.5432930e-01
   7.4052574e-01   2.5469205e-01
   7.4112640e-01   2.5469476e-01
   7.4172374e-01   2.5499868e-01
   7.4231864e-01   2.5500151e-01
   7.4291124e-01   2.5523615e-01
   7.4350147e-01   2.5538950e-01
   7.4408921e-01   2.5552721e-01
   7.4467461e-01   2.5613219e-01
   7.4525725e-01   2.5614006e-01
   7.4583732e-01   2.5641001e-01
   7.4641509e-01   2.5667561e-01
   7.4699096e-01   2.5672511e-01
   7.4756551e-01   2.5691792e-01
   7.4813836e-01   2.5756962e-01
   7.4870833e-01   2.5780517e-01
   7.4927609e-01   2.5792301e-01
   7.4984179e-01   2.5802408e-01
   7.5040509e-01   2.5811002e-01
   7.5096490e-01   2.5835254e-01
   7.5152282e-01   2.5853529e-01
   7.5207794e-01   2.5856585e-01
   7.5262990e-01   2.5883432e-01
   7.5317950e-01   2.5900705e-01
   7.5372597e-01   2.5912091e-01
   7.5427098e-01   2.6002948e-01
   7.5481231e-01   2.6031881e-01
   7.5535200e-01   2.6044448e-01
   7.5589041e-01   2.6065866e-01
   7.5642594e-01   2.6072169e-01
   7.5695922e-01   2.6075073e-01
   7.5749069e-01   2.6091829e-01
   7.5802075e-01   2.6093052e-01
   7.5854818e-01   2.6098390e-01
   7.5907267e-01   2.6151671e-01
   7.5959537e-01   2.6170641e-01
   7.6011624e-01   2.6188191e-01
   7.6063532e-01   2.6266713e-01
   7.6115204e-01   2.6271461e-01
   7.6166874e-01   2.6287752e-01
   7.6218272e-01   2.6329324e-01
   7.6269485e-01   2.6331935e-01
   7.6320504e-01   2.6332575e-01
   7.6371380e-01   2.6338334e-01
   7.6422125e-01   2.6385778e-01
   7.6472702e-01   2.6391251e-01
   7.6523062e-01   2.6403141e-01
   7.6573313e-01   2.6458353e-01
   7.6623306e-01   2.6475678e-01
   7.6673172e-01   2.6503337e-01
   7.6722845e-01   2.6506028e-01
   7.6772446e-01   2.6572099e-01
   7.6821911e-01   2.6592782e-01
   7.6871203e-01   2.6619421e-01
   7.6920376e-01   2.6649994e-01
   7.6969307e-01   2.6673165e-01
   7.7018147e-01   2.6673721e-01
   7.7066744e-01   2.6714452e-01
   7.7115090e-01   2.6718920e-01
   7.7163288e-01   2.6763163e-01
   7.7211328e-01   2.6811621e-01
   7.7259207e-01   2.6841634e-01
   7.7306946e-01   2.6851895e-01
   7.7354481e-01   2.6856240e-01
   7.7401797e-01   2.6906907e-01
   7.7448947e-01   2.6934504e-01
   7.7495989e-01   2.6960553e-01
   7.7542844e-01   2.7025764e-01
   7.7589428e-01   2.7030069e-01
   7.7635856e-01   2.7033275e-01
   7.7682134e-01   2.7050650e-01
   7.7728208e-01   2.7051145e-01
   7.7774189e-01   2.7119698e-01
   7.7820025e-01   2.7150088e-01
   7.7865637e-01   2.7194393e-01
   7.7911172e-01   2.7197763e-01
   7.7956574e-01   2.7224915e-01
   7.8001846e-01   2.7247940e-01
   7.8047040e-01   2.7290668e-01
   7.8092058e-01   2.7337076e-01
   7.8136767e-01   2.7338136e-01
   7.8181371e-01   2.7365457e-01
   7.8225938e-01   2.7365671e-01
   7.8270395e-01   2.7383155e-01
   7.8314644e-01   2.7416556e-01
   7.8358701e-01   2.7481879e-01
   7.8402652e-01   2.7530191e-01
   7.8446500e-01   2.7533149e-01
   7.8490271e-01   2.7553290e-01
   7.8534020e-01   2.7594730e-01
   7.8577620e-01   2.7608196e-01
   7.8621027e-01   2.7634606e-01
   7.8664399e-01   2.7646613e-01
   7.8707671e-01   2.7648389e-01
   7.8750805e-01   2.7700843e-01
   7.8793817e-01   2.7769714e-01
   7.8836701e-01   2.7787333e-01
   7.8879396e-01   2.7799836e-01
   7.8921952e-01   2.7823787e-01
   7.8964457e-01   2.7858639e-01
   7.9006810e-01   2.7868537e-01
   7.9048900e-01   2.7910071e-01
   7.9090908e-01   2.7931077e-01
   7.9132788e-01   2.7959701e-01
   7.9174497e-01   2.7991477e-01
   7.9216112e-01   2.8009238e-01
   7.9257632e-01   2.8036229e-01
   7.9299044e-01   2.8039371e-01
   7.9340368e-01   2.8074819e-01
   7.9381588e-01   2.8146026e-01
   7.9422661e-01   2.8173528e-01
   7.9463648e-01   2.8183117e-01
   7.9504634e-01   2.8203923e-01
   7.9545395e-01   2.8218562e-01
   7.9586084e-01   2.8248760e-01
   7.9626786e-01   2.8254955e-01
   7.9667440e-01   2.8271012e-01
   7.9707856e-01   2.8362305e-01
   7.9748151e-01   2.8371617e-01
   7.9788333e-01   2.8374758e-01
   7.9828404e-01   2.8433414e-01
   7.9868441e-01   2.8436986e-01
   7.9908431e-01   2.8470539e-01
   7.9948334e-01   2.8488284e-01
   7.9988135e-01   2.8506048e-01
   8.0027876e-01   2.8539309e-01
   8.0067532e-01   2.8566398e-01
   8.0106996e-01   2.8582324e-01
   8.0146326e-01   2.8649792e-01
   8.0185492e-01   2.8686123e-01
   8.0224710e-01   2.8700444e-01
   8.0263871e-01   2.8707003e-01
   8.0303043e-01   2.8720802e-01
   8.0342172e-01   2.8727806e-01
   8.0381202e-01   2.8758039e-01
   8.0420105e-01   2.8793535e-01
   8.0459032e-01   2.8874696e-01
   8.0497890e-01   2.8893636e-01
   8.0536662e-01   2.8901707e-01
   8.0575176e-01   2.8937278e-01
   8.0613626e-01   2.8949679e-01
   8.0651950e-01   2.8963902e-01
   8.0690190e-01   2.8967330e-01
   8.0728370e-01   2.9008189e-01
   8.0766505e-01   2.9042390e-01
   8.0804604e-01   2.9081021e-01
   8.0842551e-01   2.9117290e-01
   8.0880419e-01   2.9141319e-01
   8.0918202e-01   2.9204948e-01
   8.0955798e-01   2.9206853e-01
   8.0993344e-01   2.9210083e-01
   8.1030839e-01   2.9224764e-01
   8.1068323e-01   2.9227360e-01
   8.1105708e-01   2.9295577e-01
   8.1143080e-01   2.9332874e-01
   8.1180376e-01   2.9332959e-01
   8.1217603e-01   2.9368507e-01
   8.1254752e-01   2.9377776e-01
   8.1291791e-01   2.9446376e-01
   8.1328815e-01   2.9490818e-01
   8.1365707e-01   2.9512250e-01
   8.1402537e-01   2.9516260e-01
   8.1439317e-01   2.9524600e-01
   8.1476017e-01   2.9545470e-01
   8.1512582e-01   2.9548458e-01
   8.1549109e-01   2.9582965e-01
   8.1585587e-01   2.9655993e-01
   8.1622001e-01   2.9685899e-01
   8.1658346e-01   2.9713163e-01
   8.1694589e-01   2.9716240e-01
   8.1730794e-01   2.9754276e-01
   8.1766968e-01   2.9764042e-01
   8.1803110e-01   2.9799736e-01
   8.1839215e-01   2.9847028e-01
   8.1875296e-01   2.9870353e-01
   8.1911323e-01   2.9880856e-01
   8.1947290e-01   2.9907880e-01
   8.1983312e-01   2.9925423e-01
   8.2019292e-01   2.9943479e-01
   8.2055246e-01   2.9979626e-01
   8.2091161e-01   3.0017734e-01
   8.2126974e-01   3.0048550e-01
   8.2162739e-01   3.0087223e-01
   8.2198516e-01   3.0099521e-01
   8.2234303e-01   3.0157740e-01
   8.2270051e-01   3.0164945e-01
   8.2305787e-01   3.0177798e-01
   8.2341517e-01   3.0195209e-01
   8.2377204e-01   3.0216243e-01
   8.2412862e-01   3.0230966e-01
   8.2448505e-01   3.0281192e-01
   8.2484096e-01   3.0291161e-01
   8.2519610e-01   3.0374708e-01
   8.2555104e-01   3.0383936e-01
   8.2590595e-01   3.0404469e-01
   8.2626192e-01   3.0410793e-01
   8.2661755e-01   3.0445128e-01
   8.2697286e-01   3.0482802e-01
   8.2732830e-01   3.0489110e-01
   8.2768402e-01   3.0518451e-01
   8.2803986e-01   3.0544650e-01
   8.2839547e-01   3.0551630e-01
   8.2875109e-01   3.0626377e-01
   8.2910607e-01   3.0658962e-01
   8.2946095e-01   3.0662195e-01
   8.2981643e-01   3.0686419e-01
   8.3017231e-01   3.0719323e-01
   8.3052834e-01   3.0732516e-01
   8.3088457e-01   3.0800421e-01
   8.3124011e-01   3.0805938e-01
   8.3159533e-01   3.0808108e-01
   8.3195135e-01   3.0841961e-01
   8.3230727e-01   3.0887016e-01
   8.3266287e-01   3.0890038e-01
   8.3301727e-01   3.0913456e-01
   8.3337143e-01   3.0949681e-01
   8.3372626e-01   3.1019903e-01
   8.3408113e-01   3.1054710e-01
   8.3443577e-01   3.1057545e-01
   8.3479031e-01   3.1071566e-01
   8.3514536e-01   3.1081678e-01
   8.3549977e-01   3.1093424e-01
   8.3585422e-01   3.1111733e-01
   8.3620861e-01   3.1152978e-01
   8.3656308e-01   3.1222403e-01
   8.3691765e-01   3.1237167e-01
   8.3727176e-01   3.1273128e-01
   8.3762603e-01   3.1273318e-01
   8.3798058e-01   3.1307291e-01
   8.3833461e-01   3.1335024e-01
   8.3868917e-01   3.1380910e-01
   8.3904390e-01   3.1390096e-01
   8.3939897e-01   3.1392502e-01
   8.3975395e-01   3.1423045e-01
   8.4010947e-01   3.1464959e-01
   8.4046544e-01   3.1488712e-01
   8.4082133e-01   3.1524653e-01
   8.4117786e-01   3.1557790e-01
   8.4153445e-01   3.1594678e-01
   8.4189119e-01   3.1598482e-01
   8.4224783e-01   3.1632025e-01
   8.4260535e-01   3.1656599e-01
   8.4296306e-01   3.1668396e-01
   8.4332077e-01   3.1704297e-01
   8.4367850e-01   3.1725483e-01
   8.4403574e-01   3.1734357e-01
   8.4439293e-01   3.1848239e-01
   8.4475088e-01   3.1861939e-01
   8.4510844e-01   3.1871548e-01
   8.4546602e-01   3.1882065e-01
   8.4582367e-01   3.1893176e-01
   8.4618144e-01   3.1919880e-01
   8.4653894e-01   3.2039880e-01
   8.4689698e-01   3.2045669e-01
   8.4725465e-01   3.2060870e-01
   8.4761201e-01   3.2111071e-01
   8.4796991e-01   3.2125397e-01
   8.4832720e-01   3.2135464e-01
   8.4868473e-01   3.2169453e-01
   8.4904319e-01   3.2231520e-01
   8.4940171e-01   3.2239044e-01
   8.4976082e-01   3.2350594e-01
   8.5012053e-01   3.2351047e-01
   8.5047982e-01   3.2356981e-01
   8.5083941e-01   3.2388855e-01
   8.5119918e-01   3.2417218e-01
   8.5155977e-01   3.2423161e-01
   8.5191941e-01   3.2456841e-01
   8.5227960e-01   3.2566631e-01
   8.5263992e-01   3.2584911e-01
   8.5300076e-01   3.2590117e-01
   8.5336168e-01   3.2614801e-01
   8.5372314e-01   3.2652313e-01
   8.5408439e-01   3.2668293e-01
   8.5444564e-01   3.2744228e-01
   8.5480752e-01   3.2752605e-01
   8.5516892e-01   3.2782216e-01
   8.5553009e-01   3.2806442e-01
   8.5589123e-01   3.2829641e-01
   8.5625227e-01   3.2915771e-01
   8.5661335e-01   3.2920298e-01
   8.5697494e-01   3.2979605e-01
   8.5733613e-01   3.2997799e-01
   8.5769704e-01   3.2998082e-01
   8.5805764e-01   3.3031616e-01
   8.5841853e-01   3.3069163e-01
   8.5877981e-01   3.3087991e-01
   8.5914176e-01   3.3179228e-01
   8.5950435e-01   3.3189722e-01
   8.5986686e-01   3.3213383e-01
   8.6022862e-01   3.3255685e-01
   8.6059104e-01   3.3290917e-01
   8.6095305e-01   3.3308687e-01
   8.6131479e-01   3.3319004e-01
   8.6167609e-01   3.3381363e-01
   8.6203756e-01   3.3423378e-01
   8.6239901e-01   3.3428967e-01
   8.6276101e-01   3.3442686e-01
   8.6312302e-01   3.3548210e-01
   8.6348526e-01   3.3573003e-01
   8.6384711e-01   3.3591071e-01
   8.6420909e-01   3.3602229e-01
   8.6457087e-01   3.3606391e-01
   8.6493320e-01   3.3644550e-01
   8.6529543e-01   3.3722610e-01
   8.6565785e-01   3.3758765e-01
   8.6602028e-01   3.3764644e-01
   8.6638268e-01   3.3787733e-01
   8.6674502e-01   3.3860135e-01
   8.6710698e-01   3.3893779e-01
   8.6746913e-01   3.3913541e-01
   8.6783189e-01   3.3926458e-01
   8.6819458e-01   3.3956284e-01
   8.6855638e-01   3.4002534e-01
   8.6891821e-01   3.4027256e-01
   8.6927982e-01   3.4075718e-01
   8.6964061e-01   3.4094151e-01
   8.7000139e-01   3.4147925e-01
   8.7036210e-01   3.4181167e-01
   8.7072372e-01   3.4224852e-01
   8.7108475e-01   3.4261845e-01
   8.7144514e-01   3.4265992e-01
   8.7180495e-01   3.4266779e-01
   8.7216430e-01   3.4291302e-01
   8.7252366e-01   3.4339565e-01
   8.7288262e-01   3.4429538e-01
   8.7324064e-01   3.4468554e-01
   8.7359858e-01   3.4506302e-01
   8.7395649e-01   3.4520360e-01
   8.7431500e-01   3.4529450e-01
   8.7467392e-01   3.4531205e-01
   8.7503138e-01   3.4536164e-01
   8.7538840e-01   3.4597231e-01
   8.7574555e-01   3.4722846e-01
   8.7610202e-01   3.4745825e-01
   8.7645842e-01   3.4749418e-01
   8.7681459e-01   3.4755942e-01
   8.7716909e-01   3.4764925e-01
   8.7752321e-01   3.4792908e-01
   8.7787743e-01   3.4847476e-01
   8.7823134e-01   3.4914486e-01
   8.7858451e-01   3.4932618e-01
   8.7893812e-01   3.4965002e-01
   8.7929099e-01   3.4985349e-01
   8.7964364e-01   3.5043330e-01
   8.7999587e-01   3.5056366e-01
   8.8034751e-01   3.5100311e-01
   8.8069846e-01   3.5106127e-01
   8.8104903e-01   3.5158788e-01
   8.8139961e-01   3.5180585e-01
   8.8175045e-01   3.5224871e-01
   8.8210065e-01   3.5268005e-01
   8.8245098e-01   3.5297767e-01
   8.8280048e-01   3.5319824e-01
   8.8315030e-01   3.5330717e-01
   8.8349871e-01   3.5396169e-01
   8.8384690e-01   3.5435698e-01
   8.8419498e-01   3.5464395e-01
   8.8454258e-01   3.5470100e-01
   8.8489053e-01   3.5489408e-01
   8.8523781e-01   3.5583282e-01
   8.8558463e-01   3.5603391e-01
   8.8593150e-01   3.5611753e-01
   8.8627813e-01   3.5618105e-01
   8.8662463e-01   3.5681048e-01
   8.8697103e-01   3.5703918e-01
   8.8731681e-01   3.5771085e-01
   8.8766361e-01   3.5781412e-01
   8.8801024e-01   3.5827337e-01
   8.8835665e-01   3.5846740e-01
   8.8870352e-01   3.5872689e-01
   8.8905153e-01   3.5905493e-01
   8.8939907e-01   3.5938778e-01
   8.8974674e-01   3.5943441e-01
   8.9009413e-01   3.6042921e-01
   8.9044147e-01   3.6064329e-01
   8.9078837e-01   3.6092724e-01
   8.9113497e-01   3.6106471e-01
   8.9148092e-01   3.6110198e-01
   8.9182678e-01   3.6182964e-01
   8.9217260e-01   3.6192881e-01
   8.9251782e-01   3.6255969e-01
   8.9286294e-01   3.6258505e-01
   8.9320755e-01   3.6274165e-01
   8.9355156e-01   3.6373656e-01
   8.9389617e-01   3.6404035e-01
   8.9424037e-01   3.6422488e-01
   8.9458367e-01   3.6441858e-01
   8.9492626e-01   3.6447610e-01
   8.9526959e-01   3.6474088e-01
   8.9561224e-01   3.6480268e-01
   8.9595421e-01   3.6609551e-01
   8.9629624e-01   3.6637114e-01
   8.9663811e-01   3.6639250e-01
   8.9698108e-01   3.6662010e-01
   8.9732360e-01   3.6689672e-01
   8.9766450e-01   3.6715348e-01
   8.9800491e-01   3.6777245e-01
   8.9834518e-01   3.6785617e-01
   8.9868506e-01   3.6842868e-01
   8.9902441e-01   3.6900572e-01
   8.9936353e-01   3.6901534e-01
   8.9970263e-01   3.6905256e-01
   9.0004162e-01   3.6944938e-01
   9.0037986e-01   3.7026660e-01
   9.0071774e-01   3.7046486e-01
   9.0105530e-01   3.7090966e-01
   9.0139239e-01   3.7120840e-01
   9.0172934e-01   3.7141057e-01
   9.0206646e-01   3.7164030e-01
   9.0240374e-01   3.7238126e-01
   9.0274086e-01   3.7336424e-01
   9.0307692e-01   3.7337972e-01
   9.0341256e-01   3.7378354e-01
   9.0374846e-01   3.7380580e-01
   9.0408416e-01   3.7427488e-01
   9.0441977e-01   3.7429767e-01
   9.0475426e-01   3.7552007e-01
   9.0508818e-01   3.7620103e-01
   9.0542172e-01   3.7621407e-01
   9.0575479e-01   3.7649284e-01
   9.0608642e-01   3.7665742e-01
   9.0641870e-01   3.7690946e-01
   9.0675104e-01   3.7767591e-01
   9.0708275e-01   3.7813048e-01
   9.0741408e-01   3.7859627e-01
   9.0774487e-01   3.7953129e-01
   9.0807587e-01   3.7954403e-01
   9.0840596e-01   3.7960595e-01
   9.0873585e-01   3.7983175e-01
   9.0906542e-01   3.8004688e-01
   9.0939446e-01   3.8099149e-01
   9.0972457e-01   3.8196328e-01
   9.1005399e-01   3.8198759e-01
   9.1038292e-01   3.8217861e-01
   9.1071095e-01   3.8240517e-01
   9.1103801e-01   3.8271907e-01
   9.1136471e-01   3.8353643e-01
   9.1169095e-01   3.8387969e-01
   9.1201657e-01   3.8414343e-01
   9.1234184e-01   3.8481318e-01
   9.1266654e-01   3.8527905e-01
   9.1299007e-01   3.8579609e-01
   9.1331298e-01   3.8583219e-01
   9.1363535e-01   3.8608136e-01
   9.1395731e-01   3.8629926e-01
   9.1427943e-01   3.8744776e-01
   9.1460047e-01   3.8771249e-01
   9.1492018e-01   3.8815292e-01
   9.1523952e-01   3.8845510e-01
   9.1555844e-01   3.8847659e-01
   9.1587741e-01   3.8894531e-01
   9.1619585e-01   3.8962890e-01
   9.1651295e-01   3.9008234e-01
   9.1682931e-01   3.9061094e-01
   9.1714487e-01   3.9087182e-01
   9.1746027e-01   3.9102680e-01
   9.1777492e-01   3.9154530e-01
   9.1808883e-01   3.9205843e-01
   9.1840306e-01   3.9271692e-01
   9.1871594e-01   3.9276678e-01
   9.1902841e-01   3.9326706e-01
   9.1933968e-01   3.9346170e-01
   9.1965061e-01   3.9390068e-01
   9.1996153e-01   3.9492262e-01
   9.2027141e-01   3.9517155e-01
   9.2058076e-01   3.9535150e-01
   9.2088886e-01   3.9537811e-01
   9.2119655e-01   3.9566228e-01
   9.2150364e-01   3.9677455e-01
   9.2180993e-01   3.9707846e-01
   9.2211528e-01   3.9729451e-01
   9.2242009e-01   3.9798608e-01
   9.2272393e-01   3.9805752e-01
   9.2302749e-01   3.9847924e-01
   9.2333104e-01   3.9921091e-01
   9.2363351e-01   3.9923429e-01
   9.2393550e-01   3.9964843e-01
   9.2423672e-01   4.0045275e-01
   9.2453769e-01   4.0062066e-01
   9.2483833e-01   4.0112732e-01
   9.2513846e-01   4.0139014e-01
   9.2543792e-01   4.0178692e-01
   9.2573690e-01   4.0252231e-01
   9.2603505e-01   4.0284798e-01
   9.2633340e-01   4.0304372e-01
   9.2663135e-01   4.0325524e-01
   9.2692881e-01   4.0354597e-01
   9.2722586e-01   4.0490004e-01
   9.2752171e-01   4.0496013e-01
   9.2781713e-01   4.0524321e-01
   9.2811244e-01   4.0539618e-01
   9.2840656e-01   4.0570181e-01
   9.2870047e-01   4.0588982e-01
   9.2899345e-01   4.0687653e-01
   9.2928545e-01   4.0763845e-01
   9.2957677e-01   4.0785765e-01
   9.2986843e-01   4.0801316e-01
   9.3015898e-01   4.0827006e-01
   9.3044886e-01   4.0852440e-01
   9.3073853e-01   4.0879294e-01
   9.3102754e-01   4.1001348e-01
   9.3131605e-01   4.1003367e-01
   9.3160393e-01   4.1070934e-01
   9.3189098e-01   4.1112628e-01
   9.3217731e-01   4.1114394e-01
   9.3246355e-01   4.1115898e-01
   9.3274896e-01   4.1216933e-01
   9.3303338e-01   4.1242891e-01
   9.3331742e-01   4.1262574e-01
   9.3360059e-01   4.1379356e-01
   9.3388240e-01   4.1401781e-01
   9.3416299e-01   4.1423940e-01
   9.3444352e-01   4.1445990e-01
   9.3472333e-01   4.1454215e-01
   9.3500272e-01   4.1482414e-01
   9.3528161e-01   4.1642814e-01
   9.3555853e-01   4.1645855e-01
   9.3583479e-01   4.1675048e-01
   9.3610986e-01   4.1689169e-01
   9.3638352e-01   4.1721937e-01
   9.3665747e-01   4.1735252e-01
   9.3693095e-01   4.1837496e-01
   9.3720380e-01   4.1890632e-01
   9.3747672e-01   4.1906272e-01
   9.3774875e-01   4.1961460e-01
   9.3802077e-01   4.1976557e-01
   9.3829223e-01   4.2029136e-01
   9.3856330e-01   4.2046564e-01
   9.3883378e-01   4.2106216e-01
   9.3910350e-01   4.2186196e-01
   9.3937188e-01   4.2200984e-01
   9.3963960e-01   4.2220777e-01
   9.3990630e-01   4.2263944e-01
   9.4017174e-01   4.2321800e-01
   9.4043691e-01   4.2357876e-01
   9.4070116e-01   4.2440506e-01
   9.4096505e-01   4.2466120e-01
   9.4122884e-01   4.2537383e-01
   9.4149146e-01   4.2551331e-01
   9.4175293e-01   4.2669188e-01
   9.4201408e-01   4.2680030e-01
   9.4227504e-01   4.2729578e-01
   9.4253492e-01   4.2752967e-01
   9.4279509e-01   4.2838719e-01
   9.4305486e-01   4.2919553e-01
   9.4331342e-01   4.2968551e-01
   9.4357123e-01   4.2980500e-01
   9.4382869e-01   4.2993036e-01
   9.4408599e-01   4.3126107e-01
   9.4434236e-01   4.3159076e-01
   9.4459773e-01   4.3184135e-01
   9.4485297e-01   4.3256494e-01
   9.4510685e-01   4.3291812e-01
   9.4536063e-01   4.3398599e-01
   9.4561333e-01   4.3399719e-01
   9.4586604e-01   4.3413494e-01
   9.4611847e-01   4.3519952e-01
   9.4637072e-01   4.3603124e-01
   9.4662271e-01   4.3615303e-01
   9.4687388e-01   4.3638122e-01
   9.4712491e-01   4.3700882e-01
   9.4737576e-01   4.3783409e-01
   9.4762596e-01   4.3830886e-01
   9.4787571e-01   4.3877645e-01
   9.4812495e-01   4.3914435e-01
   9.4837440e-01   4.3988270e-01
   9.4862326e-01   4.4046470e-01
   9.4887100e-01   4.4046867e-01
   9.4911829e-01   4.4117169e-01
   9.4936559e-01   4.4225747e-01
   9.4961214e-01   4.4262054e-01
   9.4985685e-01   4.4275657e-01
   9.5010123e-01   4.4310325e-01
   9.5034468e-01   4.4356691e-01
   9.5058768e-01   4.4477638e-01
   9.5083052e-01   4.4537059e-01
   9.5107313e-01   4.4563045e-01
   9.5131533e-01   4.4573782e-01
   9.5155791e-01   4.4596215e-01
   9.5180021e-01   4.4693222e-01
   9.5204146e-01   4.4835738e-01
   9.5228211e-01   4.4837240e-01
   9.5252274e-01   4.4848371e-01
   9.5276274e-01   4.4850433e-01
   9.5300234e-01   4.4908805e-01
   9.5324114e-01   4.5075261e-01
   9.5347950e-01   4.5100698e-01
   9.5371740e-01   4.5124389e-01
   9.5395498e-01   4.5137820e-01
   9.5419167e-01   4.5159683e-01
   9.5442823e-01   4.5314784e-01
   9.5466430e-01   4.5339973e-01
   9.5489976e-01   4.5364156e-01
   9.5513512e-01   4.5425208e-01
   9.5536896e-01   4.5470995e-01
   9.5560210e-01   4.5554307e-01
   9.5583492e-01   4.5555557e-01
   9.5606804e-01   4.5627614e-01
   9.5630092e-01   4.5712596e-01
   9.5653330e-01   4.5771141e-01
   9.5676548e-01   4.5782306e-01
   9.5699687e-01   4.5793830e-01
   9.5722812e-01   4.5891072e-01
   9.5745913e-01   4.5986724e-01
   9.5768988e-01   4.6017945e-01
   9.5792022e-01   4.6048324e-01
   9.5814991e-01   4.6093619e-01
   9.5837954e-01   4.6154530e-01
   9.5860862e-01   4.6202308e-01
   9.5883656e-01   4.6302817e-01
   9.5906397e-01   4.6323295e-01
   9.5929113e-01   4.6404931e-01
   9.5951801e-01   4.6417892e-01
   9.5974432e-01   4.6417988e-01
   9.5996945e-01   4.6542341e-01
   9.6019374e-01   4.6610682e-01
   9.6041742e-01   4.6633476e-01
   9.6064106e-01   4.6681446e-01
   9.6086431e-01   4.6716243e-01
   9.6108713e-01   4.6781863e-01
   9.6130962e-01   4.6849060e-01
   9.6153238e-01   4.6898070e-01
   9.6175432e-01   4.6944904e-01
   9.6197543e-01   4.7021387e-01
   9.6219585e-01   4.7027555e-01
   9.6241579e-01   4.7064644e-01
   9.6263505e-01   4.7185457e-01
   9.6285360e-01   4.7208362e-01
   9.6307212e-01   4.7260910e-01
   9.6328994e-01   4.7280227e-01
   9.6350778e-01   4.7338866e-01
   9.6372478e-01   4.7471820e-01
   9.6394016e-01   4.7472845e-01
   9.6415549e-01   4.7495812e-01
   9.6437004e-01   4.7500433e-01
   9.6458443e-01   4.7650178e-01
   9.6479861e-01   4.7735278e-01
   9.6501271e-01   4.7739956e-01
   9.6522582e-01   4.7760232e-01
   9.6543855e-01   4.7961490e-01
   9.6565108e-01   4.7979479e-01
   9.6586298e-01   4.7998736e-01
   9.6607421e-01   4.8047620e-01
   9.6628550e-01   4.8219002e-01
   9.6649700e-01   4.8262193e-01
   9.6670798e-01   4.8272802e-01
   9.6691842e-01   4.8335008e-01
   9.6712890e-01   4.8458525e-01
   9.6733920e-01   4.8525651e-01
   9.6754904e-01   4.8584114e-01
   9.6775965e-01   4.8622395e-01
   9.6796952e-01   4.8698048e-01
   9.6817913e-01   4.8789109e-01
   9.6838892e-01   4.8895426e-01
   9.6859889e-01   4.8909783e-01
   9.6880912e-01   4.8937571e-01
   9.6901928e-01   4.9052567e-01
   9.6922959e-01   4.9177095e-01
   9.6944005e-01   4.9197171e-01
   9.6964980e-01   4.9206737e-01
   9.6986004e-01   4.9316025e-01
   9.7007041e-01   4.9416617e-01
   9.7028083e-01   4.9484558e-01
   9.7049090e-01   4.9518049e-01
   9.7070040e-01   4.9579482e-01
   9.7090984e-01   4.9656141e-01
   9.7111939e-01   4.9771946e-01
   9.7132882e-01   4.9842940e-01
   9.7153807e-01   4.9848819e-01
   9.7174718e-01   4.9895664e-01
   9.7195649e-01   5.0059334e-01
   9.7216598e-01   5.0106398e-01
   9.7237530e-01   5.0135187e-01
   9.7258441e-01   5.0179587e-01
   9.7279322e-01   5.0346721e-01
   9.7300211e-01   5.0369856e-01
   9.7321098e-01   5.0374710e-01
   9.7342022e-01   5.0490899e-01
   9.7362953e-01   5.0614234e-01
   9.7383875e-01   5.0634109e-01
   9.7404762e-01   5.0649780e-01
   9.7425666e-01   5.0802211e-01
   9.7446554e-01   5.0853756e-01
   9.7467402e-01   5.0921497e-01
   9.7488241e-01   5.0929704e-01
   9.7509042e-01   5.1093280e-01
   9.7529842e-01   5.1113524e-01
   9.7550618e-01   5.1193162e-01
   9.7571302e-01   5.1208884e-01
   9.7591983e-01   5.1332803e-01
   9.7612673e-01   5.1424835e-01
   9.7633307e-01   5.1456620e-01
   9.7653954e-01   5.1496272e-01
   9.7674588e-01   5.1572326e-01
   9.7695241e-01   5.1720078e-01
   9.7715890e-01   5.1736147e-01
   9.7736514e-01   5.1783660e-01
   9.7757026e-01   5.1811849e-01
   9.7777528e-01   5.1983536e-01
   9.7798002e-01   5.2047459e-01
   9.7818445e-01   5.2051373e-01
   9.7838894e-01   5.2071047e-01
   9.7859289e-01   5.2246994e-01
   9.7879652e-01   5.2290895e-01
   9.7899927e-01   5.2358435e-01
   9.7920204e-01   5.2358771e-01
   9.7940417e-01   5.2510452e-01
   9.7960644e-01   5.2530419e-01
   9.7980865e-01   5.2645823e-01
   9.8001058e-01   5.2670083e-01
   9.8021263e-01   5.2769942e-01
   9.8041464e-01   5.2773910e-01
   9.8061650e-01   5.2933210e-01
   9.8081764e-01   5.2981395e-01
   9.8101871e-01   5.3037368e-01
   9.8121969e-01   5.3220597e-01
   9.8142020e-01   5.3292706e-01
   9.8162136e-01   5.3300826e-01
   9.8182222e-01   5.3507985e-01
   9.8202381e-01   5.3564284e-01
   9.8222521e-01   5.3604018e-01
   9.8242640e-01   5.3795373e-01
   9.8262738e-01   5.3827742e-01
   9.8282815e-01   5.3915330e-01
   9.8302869e-01   5.4082760e-01
   9.8322901e-01   5.4091200e-01
   9.8342910e-01   5.4226642e-01
   9.8362896e-01   5.4354657e-01
   9.8382858e-01   5.4370148e-01
   9.8402795e-01   5.4537954e-01
   9.8422707e-01   5.4618115e-01
   9.8442594e-01   5.4657536e-01
   9.8462455e-01   5.4849266e-01
   9.8482289e-01   5.4881573e-01
   9.8502096e-01   5.4944923e-01
   9.8521875e-01   5.5145030e-01
   9.8541625e-01   5.5160577e-01
   9.8561347e-01   5.5250273e-01
   9.8581039e-01   5.5408488e-01
   9.8600700e-01   5.5471890e-01
   9.8620331e-01   5.5555622e-01
   9.8639931e-01   5.5671946e-01
   9.8659498e-01   5.5783202e-01
   9.8679032e-01   5.5843010e-01
   9.8698533e-01   5.5935404e-01
   9.8717999e-01   5.6094514e-01
   9.8737431e-01   5.6130398e-01
   9.8756827e-01   5.6198862e-01
   9.8776186e-01   5.6405826e-01
   9.8795509e-01   5.6417785e-01
   9.8814793e-01   5.6462320e-01
   9.8834039e-01   5.6705173e-01
   9.8853245e-01   5.6717137e-01
   9.8872412e-01   5.6725778e-01
   9.8891537e-01   5.6989236e-01
   9.8910621e-01   5.6992561e-01
   9.8929662e-01   5.7028449e-01
   9.8948659e-01   5.7252694e-01
   9.8967613e-01   5.7279948e-01
   9.8986521e-01   5.7339761e-01
   9.9005384e-01   5.7516152e-01
   9.9024199e-01   5.7567336e-01
   9.9042967e-01   5.7651073e-01
   9.9061686e-01   5.7779610e-01
   9.9080356e-01   5.7854723e-01
   9.9098975e-01   5.7962385e-01
   9.9117544e-01   5.8043068e-01
   9.9136059e-01   5.8142111e-01
   9.9154522e-01   5.8273697e-01
   9.9172931e-01   5.8429498e-01
   9.9191284e-01   5.8585009e-01
   9.9209581e-01   5.8716886e-01
   9.9227822e-01   5.8896320e-01
   9.9246004e-01   5.9004274e-01
   9.9264127e-01   5.9207632e-01
   9.9282190e-01   5.9291661e-01
   9.9300192e-01   5.9518945e-01
   9.9318131e-01   5.9579049e-01
   9.9336008e-01   5.9849713e-01
   9.9353820e-01   5.9866437e-01
   9.9371566e-01   6.0153824e-01
   9.9389247e-01   6.0180482e-01
   9.9406859e-01   6.0441212e-01
   9.9424403e-01   6.0491795e-01
   9.9441878e-01   6.0728600e-01
   9.9459281e-01   6.0803106e-01
   9.9476612e-01   6.1015987e-01
   9.9493870e-01   6.1114418e-01
   9.9511054e-01   6.1303375e-01
   9.9528162e-01   6.1425730e-01
   9.9545193e-01   6.1590763e-01
   9.9562147e-01   6.1737042e-01
   9.9579021e-01   6.1878150e-01
   9.9595815e-01   6.2048354e-01
   9.9612527e-01   6.2165538e-01
   9.9629157e-01   6.2359666e-01
   9.9645702e-01   6.2452926e-01
   9.9662162e-01   6.2670977e-01
   9.9678536e-01   6.2740313e-01
   9.9694821e-01   6.2982289e-01
   9.9711018e-01   6.3027701e-01
   9.9727123e-01   6.3293601e-01
   9.9743138e-01   6.3315089e-01
   9.9759058e-01   6.3604913e-01
   9.9774885e-01   6.3916225e-01
   9.9790615e-01   6.4227537e-01
   9.9806249e-01   6.4538849e-01
   9.9821784e-01   6.4850161e-01
   9.9837219e-01   6.5161473e-01
   9.9852552e-01   6.5472785e-01
   9.9867783e-01   6.5784097e-01
   9.9882910e-01   6.6095409e-01
   9.9897931e-01   6.6406720e-01
   9.9912845e-01   6.6718032e-01
   9.9927650e-01   6.7029344e-01
   9.9942346e-01   6.7340656e-01
   9.9956930e-01   6.7651968e-01
   9.9971402e-01   6.7963280e-01
   9.9985759e-01   6.8274591e-01
   1.0000000e+00   6.8585903e-01
