   4.0432236e-03   0.0000000e+00
   8.0862733e-03   1.2012012e-03
   1.2128801e-02   2.4024024e-03
   1.6170460e-02   3.6036036e-03
   2.0210904e-02   4.8048048e-03
   2.4249786e-02   6.0060060e-03
   2.8286762e-02   7.2072072e-03
   3.2321489e-02   8.4084084e-03
   3.6353626e-02   9.6096096e-03
   4.0382835e-02   1.0810811e-02
   4.4408777e-02   1.2012012e-02
   4.8431119e-02   1.3213213e-02
   5.2449529e-02   1.4414414e-02
   5.6463679e-02   1.5615616e-02
   6.0473244e-02   1.6816817e-02
   6.4477902e-02   1.8018018e-02
   6.8477335e-02   1.9219219e-02
   7.2471229e-02   2.0420420e-02
   7.6459275e-02   2.1621622e-02
   8.0441168e-02   2.2822823e-02
   8.4416606e-02   2.4024024e-02
   8.8385294e-02   2.5225225e-02
   9.2346942e-02   2.6426426e-02
   9.6301263e-02   2.7627628e-02
   1.0024798e-01   2.8828829e-02
   1.0418681e-01   3.0030030e-02
   1.0811749e-01   3.1231231e-02
   1.1203976e-01   3.2432432e-02
   1.1595336e-01   3.3633634e-02
   1.1985803e-01   3.4834835e-02
   1.2375354e-01   3.6036036e-02
   1.2763965e-01   3.7237237e-02
   1.3151611e-01   3.8438438e-02
   1.3538271e-01   3.9639640e-02
   1.3923923e-01   4.0840841e-02
   1.4308545e-01   4.2042042e-02
   1.4692118e-01   4.3243243e-02
   1.5074620e-01   4.4444444e-02
   1.5456033e-01   4.5645646e-02
   1.5836338e-01   4.6846847e-02
   1.6215518e-01   4.8048048e-02
   1.6593554e-01   4.9249249e-02
   1.6970432e-01   5.0450450e-02
   1.7346135e-01   5.1651652e-02
   1.7720648e-01   5.2852853e-02
   1.8093956e-01   5.4054054e-02
   1.8466046e-01   5.5255255e-02
   1.8836905e-01   5.6456456e-02
   1.9206520e-01   5.7657658e-02
   1.9574880e-01   5.8858859e-02
   1.9941974e-01   6.0060060e-02
   2.0307792e-01   6.1261261e-02
   2.0672323e-01   6.2462462e-02
   2.1035559e-01   6.3663664e-02
   2.1397491e-01   6.4864865e-02
   2.1758112e-01   6.6066066e-02
   2.2117414e-01   6.7267267e-02
   2.2475390e-01   6.8468468e-02
   2.2832036e-01   6.9669670e-02
   2.3187345e-01   7.0870871e-02
   2.3541313e-01   7.2072072e-02
   2.3893935e-01   7.3273273e-02
   2.4245207e-01   7.4474474e-02
   2.4595127e-01   7.5675676e-02
   2.4943693e-01   7.6876877e-02
   2.5290901e-01   7.8078078e-02
   2.5636750e-01   7.9279279e-02
   2.5981239e-01   8.0480480e-02
   2.6324367e-01   8.1681682e-02
   2.6666135e-01   8.2882883e-02
   2.7006542e-01   8.4084084e-02
   2.7345590e-01   8.5285285e-02
   2.7683278e-01   8.6486486e-02
   2.8019609e-01   8.7687688e-02
   2.8354584e-01   8.8888889e-02
   2.8688206e-01   9.0090090e-02
   2.9020477e-01   9.1291291e-02
   2.9351400e-01   9.2492492e-02
   2.9680978e-01   9.3693694e-02
   3.0009216e-01   9.4894895e-02
   3.0336115e-01   9.6096096e-02
   3.0661682e-01   9.7297297e-02
   3.0985919e-01   9.8498498e-02
   3.1308832e-01   9.9699700e-02
   3.1630426e-01   1.0090090e-01
   3.1950705e-01   1.0210210e-01
   3.2269675e-01   1.0330330e-01
   3.2587341e-01   1.0450450e-01
   3.2903709e-01   1.0570571e-01
   3.3218784e-01   1.0690691e-01
   3.3532573e-01   1.0810811e-01
   3.3845081e-01   1.0930931e-01
   3.4156316e-01   1.1051051e-01
   3.4466282e-01   1.1171171e-01
   3.4774988e-01   1.1291291e-01
   3.5082438e-01   1.1411411e-01
   3.5388640e-01   1.1531532e-01
   3.5693600e-01   1.1651652e-01
   3.5997325e-01   1.1771772e-01
   3.6299822e-01   1.1891892e-01
   3.6601098e-01   1.2012012e-01
   3.6901159e-01   1.2132132e-01
   3.7200012e-01   1.2252252e-01
   3.7497665e-01   1.2372372e-01
   3.7794123e-01   1.2492492e-01
   3.8089395e-01   1.2612613e-01
   3.8383486e-01   1.2732733e-01
   3.8676404e-01   1.2852853e-01
   3.8968155e-01   1.2972973e-01
   3.9258746e-01   1.3093093e-01
   3.9548184e-01   1.3213213e-01
   3.9836476e-01   1.3333333e-01
   4.0123627e-01   1.3453453e-01
   4.0409646e-01   1.3573574e-01
   4.0694537e-01   1.3693694e-01
   4.0978308e-01   1.3813814e-01
   4.1260964e-01   1.3933934e-01
   4.1542513e-01   1.4054054e-01
   4.1822960e-01   1.4174174e-01
   4.2102311e-01   1.4294294e-01
   4.2380573e-01   1.4414414e-01
   4.2657751e-01   1.4534535e-01
   4.2933850e-01   1.4654655e-01
   4.3208878e-01   1.4774775e-01
   4.3482838e-01   1.4894895e-01
   4.3755738e-01   1.5015015e-01
   4.4027582e-01   1.5135135e-01
   4.4298375e-01   1.5255255e-01
   4.4568122e-01   1.5375375e-01
   4.4836830e-01   1.5495495e-01
   4.5104502e-01   1.5615616e-01
   4.5371143e-01   1.5735736e-01
   4.5636758e-01   1.5855856e-01
   4.5901353e-01   1.5975976e-01
   4.6164930e-01   1.6096096e-01
   4.6427495e-01   1.6216216e-01
   4.6689052e-01   1.6336336e-01
   4.6949605e-01   1.6456456e-01
   4.7209159e-01   1.6576577e-01
   4.7467716e-01   1.6696697e-01
   4.7725281e-01   1.6816817e-01
   4.7981858e-01   1.6936937e-01
   4.8237450e-01   1.7057057e-01
   4.8492061e-01   1.7177177e-01
   4.8745693e-01   1.7297297e-01
   4.8998352e-01   1.7417417e-01
   4.9250039e-01   1.7537538e-01
   4.9500758e-01   1.7657658e-01
   4.9750511e-01   1.7777778e-01
   4.9999303e-01   1.7897898e-01
   5.0247134e-01   1.8018018e-01
   5.0494009e-01   1.8138138e-01
   5.0739930e-01   1.8258258e-01
   5.0984900e-01   1.8378378e-01
   5.1228920e-01   1.8498498e-01
   5.1471994e-01   1.8618619e-01
   5.1714123e-01   1.8738739e-01
   5.1955310e-01   1.8858859e-01
   5.2195557e-01   1.8978979e-01
   5.2434867e-01   1.9099099e-01
   5.2673240e-01   1.9219219e-01
   5.2910679e-01   1.9339339e-01
   5.3147187e-01   1.9459459e-01
   5.3382764e-01   1.9579580e-01
   5.3617413e-01   1.9699700e-01
   5.3851135e-01   1.9819820e-01
   5.4083932e-01   1.9939940e-01
   5.4315805e-01   2.0060060e-01
   5.4546757e-01   2.0180180e-01
   5.4776788e-01   2.0300300e-01
   5.5005900e-01   2.0420420e-01
   5.5234094e-01   2.0540541e-01
   5.5461372e-01   2.0660661e-01
   5.5687736e-01   2.0780781e-01
   5.5913185e-01   2.0900901e-01
   5.6137723e-01   2.1021021e-01
   5.6361349e-01   2.1141141e-01
   5.6584065e-01   2.1261261e-01
   5.6805873e-01   2.1381381e-01
   5.7026773e-01   2.1501502e-01
   5.7246766e-01   2.1621622e-01
   5.7465854e-01   2.1741742e-01
   5.7684038e-01   2.1861862e-01
   5.7901319e-01   2.1981982e-01
   5.8117697e-01   2.2102102e-01
   5.8333175e-01   2.2222222e-01
   5.8547752e-01   2.2342342e-01
   5.8761430e-01   2.2462462e-01
   5.8974210e-01   2.2582583e-01
   5.9186093e-01   2.2702703e-01
   5.9397080e-01   2.2822823e-01
   5.9607172e-01   2.2942943e-01
   5.9816369e-01   2.3063063e-01
   6.0024674e-01   2.3183183e-01
   6.0232086e-01   2.3303303e-01
   6.0438608e-01   2.3423423e-01
   6.0644239e-01   2.3543544e-01
   6.0848981e-01   2.3663664e-01
   6.1052835e-01   2.3783784e-01
   6.1255802e-01   2.3903904e-01
   6.1457882e-01   2.4024024e-01
   6.1659078e-01   2.4144144e-01
   6.1859390e-01   2.4264264e-01
   6.2058818e-01   2.4384384e-01
   6.2257365e-01   2.4504505e-01
   6.2455031e-01   2.4624625e-01
   6.2651817e-01   2.4744745e-01
   6.2847725e-01   2.4864865e-01
   6.3042755e-01   2.4984985e-01
   6.3236909e-01   2.5105105e-01
   6.3430187e-01   2.5225225e-01
   6.3622592e-01   2.5345345e-01
   6.3814123e-01   2.5465465e-01
   6.4004784e-01   2.5585586e-01
   6.4194573e-01   2.5705706e-01
   6.4383494e-01   2.5825826e-01
   6.4571547e-01   2.5945946e-01
   6.4758733e-01   2.6066066e-01
   6.4945054e-01   2.6186186e-01
   6.5130511e-01   2.6306306e-01
   6.5315105e-01   2.6426426e-01
   6.5498839e-01   2.6546547e-01
   6.5681712e-01   2.6666667e-01
   6.5863727e-01   2.6786787e-01
   6.6044886e-01   2.6906907e-01
   6.6225188e-01   2.7027027e-01
   6.6404637e-01   2.7147147e-01
   6.6583234e-01   2.7267267e-01
   6.6760980e-01   2.7387387e-01
   6.6937876e-01   2.7507508e-01
   6.7113925e-01   2.7627628e-01
   6.7289127e-01   2.7747748e-01
   6.7463486e-01   2.7867868e-01
   6.7637001e-01   2.7987988e-01
   6.7809675e-01   2.8108108e-01
   6.7981510e-01   2.8228228e-01
   6.8152508e-01   2.8348348e-01
   6.8322669e-01   2.8468468e-01
   6.8491996e-01   2.8588589e-01
   6.8660491e-01   2.8708709e-01
   6.8828156e-01   2.8828829e-01
   6.8994992e-01   2.8948949e-01
   6.9161001e-01   2.9069069e-01
   6.9326186e-01   2.9189189e-01
   6.9490547e-01   2.9309309e-01
   6.9654088e-01   2.9429429e-01
   6.9816809e-01   2.9549550e-01
   6.9978714e-01   2.9669670e-01
   7.0139803e-01   2.9789790e-01
   7.0300080e-01   2.9909910e-01
   7.0459546e-01   3.0030030e-01
   7.0618203e-01   3.0150150e-01
   7.0776054e-01   3.0270270e-01
   7.0933100e-01   3.0390390e-01
   7.1089343e-01   3.0510511e-01
   7.1244786e-01   3.0630631e-01
   7.1399432e-01   3.0750751e-01
   7.1553281e-01   3.0870871e-01
   7.1706337e-01   3.0990991e-01
   7.1858601e-01   3.1111111e-01
   7.2010077e-01   3.1231231e-01
   7.2160765e-01   3.1351351e-01
   7.2310670e-01   3.1471471e-01
   7.2459792e-01   3.1591592e-01
   7.2608134e-01   3.1711712e-01
   7.2755699e-01   3.1831832e-01
   7.2902489e-01   3.1951952e-01
   7.3048506e-01   3.2072072e-01
   7.3193753e-01   3.2192192e-01
   7.3338232e-01   3.2312312e-01
   7.3481946e-01   3.2432432e-01
   7.3624897e-01   3.2552553e-01
   7.3767087e-01   3.2672673e-01
   7.3908520e-01   3.2792793e-01
   7.4049197e-01   3.2912913e-01
   7.4189122e-01   3.3033033e-01
   7.4328296e-01   3.3153153e-01
   7.4466723e-01   3.3273273e-01
   7.4604405e-01   3.3393393e-01
   7.4741343e-01   3.3513514e-01
   7.4877543e-01   3.3633634e-01
   7.5013004e-01   3.3753754e-01
   7.5147731e-01   3.3873874e-01
   7.5281726e-01   3.3993994e-01
   7.5414992e-01   3.4114114e-01
   7.5547531e-01   3.4234234e-01
   7.5679346e-01   3.4354354e-01
   7.5810439e-01   3.4474474e-01
   7.5940814e-01   3.4594595e-01
   7.6070473e-01   3.4714715e-01
   7.6199419e-01   3.4834835e-01
   7.6327655e-01   3.4954955e-01
   7.6455182e-01   3.5075075e-01
   7.6582005e-01   3.5195195e-01
   7.6708126e-01   3.5315315e-01
   7.6833547e-01   3.5435435e-01
   7.6958272e-01   3.5555556e-01
   7.7082302e-01   3.5675676e-01
   7.7205642e-01   3.5795796e-01
   7.7328294e-01   3.5915916e-01
   7.7450260e-01   3.6036036e-01
   7.7571544e-01   3.6156156e-01
   7.7692147e-01   3.6276276e-01
   7.7812074e-01   3.6396396e-01
   7.7931327e-01   3.6516517e-01
   7.8049909e-01   3.6636637e-01
   7.8167822e-01   3.6756757e-01
   7.8285070e-01   3.6876877e-01
   7.8401656e-01   3.6996997e-01
   7.8517581e-01   3.7117117e-01
   7.8632850e-01   3.7237237e-01
   7.8747465e-01   3.7357357e-01
   7.8861428e-01   3.7477477e-01
   7.8974744e-01   3.7597598e-01
   7.9087414e-01   3.7717718e-01
   7.9199442e-01   3.7837838e-01
   7.9310830e-01   3.7957958e-01
   7.9421582e-01   3.8078078e-01
   7.9531700e-01   3.8198198e-01
   7.9641187e-01   3.8318318e-01
   7.9750046e-01   3.8438438e-01
   7.9858281e-01   3.8558559e-01
   7.9965893e-01   3.8678679e-01
   8.0072887e-01   3.8798799e-01
   8.0179264e-01   3.8918919e-01
   8.0285028e-01   3.9039039e-01
   8.0390182e-01   3.9159159e-01
   8.0494728e-01   3.9279279e-01
   8.0598670e-01   3.9399399e-01
   8.0702010e-01   3.9519520e-01
   8.0804751e-01   3.9639640e-01
   8.0906897e-01   3.9759760e-01
   8.1008450e-01   3.9879880e-01
   8.1109413e-01   4.0000000e-01
   8.1209790e-01   4.0120120e-01
   8.1309582e-01   4.0240240e-01
   8.1408793e-01   4.0360360e-01
   8.1507426e-01   4.0480480e-01
   8.1605484e-01   4.0600601e-01
   8.1702969e-01   4.0720721e-01
   8.1799885e-01   4.0840841e-01
   8.1896234e-01   4.0960961e-01
   8.1992020e-01   4.1081081e-01
   8.2087245e-01   4.1201201e-01
   8.2181913e-01   4.1321321e-01
   8.2276025e-01   4.1441441e-01
   8.2369585e-01   4.1561562e-01
   8.2462596e-01   4.1681682e-01
   8.2555061e-01   4.1801802e-01
   8.2646983e-01   4.1921922e-01
   8.2738364e-01   4.2042042e-01
   8.2829208e-01   4.2162162e-01
   8.2919516e-01   4.2282282e-01
   8.3009293e-01   4.2402402e-01
   8.3098541e-01   4.2522523e-01
   8.3187263e-01   4.2642643e-01
   8.3275462e-01   4.2762763e-01
   8.3363140e-01   4.2882883e-01
   8.3450300e-01   4.3003003e-01
   8.3536946e-01   4.3123123e-01
   8.3623080e-01   4.3243243e-01
   8.3708705e-01   4.3363363e-01
   8.3793823e-01   4.3483483e-01
   8.3878438e-01   4.3603604e-01
   8.3962553e-01   4.3723724e-01
   8.4046169e-01   4.3843844e-01
   8.4129291e-01   4.3963964e-01
   8.4211920e-01   4.4084084e-01
   8.4294060e-01   4.4204204e-01
   8.4375713e-01   4.4324324e-01
   8.4456882e-01   4.4444444e-01
   8.4537570e-01   4.4564565e-01
   8.4617780e-01   4.4684685e-01
   8.4697514e-01   4.4804805e-01
   8.4776775e-01   4.4924925e-01
   8.4855565e-01   4.5045045e-01
   8.4933889e-01   4.5165165e-01
   8.5011747e-01   4.5285285e-01
   8.5089144e-01   4.5405405e-01
   8.5166081e-01   4.5525526e-01
   8.5242561e-01   4.5645646e-01
   8.5318588e-01   4.5765766e-01
   8.5394163e-01   4.5885886e-01
   8.5469289e-01   4.6006006e-01
   8.5543970e-01   4.6126126e-01
   8.5618207e-01   4.6246246e-01
   8.5692004e-01   4.6366366e-01
   8.5765362e-01   4.6486486e-01
   8.5838285e-01   4.6606607e-01
   8.5910776e-01   4.6726727e-01
   8.5982836e-01   4.6846847e-01
   8.6054468e-01   4.6966967e-01
   8.6125676e-01   4.7087087e-01
   8.6196461e-01   4.7207207e-01
   8.6266826e-01   4.7327327e-01
   8.6336774e-01   4.7447447e-01
   8.6406307e-01   4.7567568e-01
   8.6475428e-01   4.7687688e-01
   8.6544139e-01   4.7807808e-01
   8.6612444e-01   4.7927928e-01
   8.6680343e-01   4.8048048e-01
   8.6747840e-01   4.8168168e-01
   8.6814938e-01   4.8288288e-01
   8.6881639e-01   4.8408408e-01
   8.6947944e-01   4.8528529e-01
   8.7013858e-01   4.8648649e-01
   8.7079382e-01   4.8768769e-01
   8.7144518e-01   4.8888889e-01
   8.7209270e-01   4.9009009e-01
   8.7273639e-01   4.9129129e-01
   8.7337628e-01   4.9249249e-01
   8.7401239e-01   4.9369369e-01
   8.7464475e-01   4.9489489e-01
   8.7527339e-01   4.9609610e-01
   8.7589831e-01   4.9729730e-01
   8.7651956e-01   4.9849850e-01
   8.7713715e-01   4.9969970e-01
   8.7775110e-01   5.0090090e-01
   8.7836144e-01   5.0210210e-01
   8.7896819e-01   5.0330330e-01
   8.7957138e-01   5.0450450e-01
   8.8017102e-01   5.0570571e-01
   8.8076715e-01   5.0690691e-01
   8.8135978e-01   5.0810811e-01
   8.8194893e-01   5.0930931e-01
   8.8253464e-01   5.1051051e-01
   8.8311691e-01   5.1171171e-01
   8.8369578e-01   5.1291291e-01
   8.8427126e-01   5.1411411e-01
   8.8484338e-01   5.1531532e-01
   8.8541216e-01   5.1651652e-01
   8.8597762e-01   5.1771772e-01
   8.8653979e-01   5.1891892e-01
   8.8709868e-01   5.2012012e-01
   8.8765431e-01   5.2132132e-01
   8.8820672e-01   5.2252252e-01
   8.8875591e-01   5.2372372e-01
   8.8930191e-01   5.2492492e-01
   8.8984475e-01   5.2612613e-01
   8.9038444e-01   5.2732733e-01
   8.9092100e-01   5.2852853e-01
   8.9145446e-01   5.2972973e-01
   8.9198483e-01   5.3093093e-01
   8.9251213e-01   5.3213213e-01
   8.9303639e-01   5.3333333e-01
   8.9355763e-01   5.3453453e-01
   8.9407587e-01   5.3573574e-01
   8.9459112e-01   5.3693694e-01
   8.9510341e-01   5.3813814e-01
   8.9561275e-01   5.3933934e-01
   8.9611918e-01   5.4054054e-01
   8.9662269e-01   5.4174174e-01
   8.9712333e-01   5.4294294e-01
   8.9762110e-01   5.4414414e-01
   8.9811602e-01   5.4534535e-01
   8.9860812e-01   5.4654655e-01
   8.9909741e-01   5.4774775e-01
   8.9958391e-01   5.4894895e-01
   9.0006764e-01   5.5015015e-01
   9.0054863e-01   5.5135135e-01
   9.0102688e-01   5.5255255e-01
   9.0150242e-01   5.5375375e-01
   9.0197526e-01   5.5495495e-01
   9.0244543e-01   5.5615616e-01
   9.0291294e-01   5.5735736e-01
   9.0337781e-01   5.5855856e-01
   9.0384006e-01   5.5975976e-01
   9.0429971e-01   5.6096096e-01
   9.0475677e-01   5.6216216e-01
   9.0521126e-01   5.6336336e-01
   9.0566320e-01   5.6456456e-01
   9.0611261e-01   5.6576577e-01
   9.0655951e-01   5.6696697e-01
   9.0700390e-01   5.6816817e-01
   9.0744582e-01   5.6936937e-01
   9.0788527e-01   5.7057057e-01
   9.0832227e-01   5.7177177e-01
   9.0875685e-01   5.7297297e-01
   9.0918901e-01   5.7417417e-01
   9.0961878e-01   5.7537538e-01
   9.1004617e-01   5.7657658e-01
   9.1047119e-01   5.7777778e-01
   9.1089387e-01   5.7897898e-01
   9.1131421e-01   5.8018018e-01
   9.1173225e-01   5.8138138e-01
   9.1214798e-01   5.8258258e-01
   9.1256143e-01   5.8378378e-01
   9.1297262e-01   5.8498498e-01
   9.1338155e-01   5.8618619e-01
   9.1378825e-01   5.8738739e-01
   9.1419273e-01   5.8858859e-01
   9.1459501e-01   5.8978979e-01
   9.1499510e-01   5.9099099e-01
   9.1539301e-01   5.9219219e-01
   9.1578877e-01   5.9339339e-01
   9.1618239e-01   5.9459459e-01
   9.1657387e-01   5.9579580e-01
   9.1696324e-01   5.9699700e-01
   9.1735052e-01   5.9819820e-01
   9.1773571e-01   5.9939940e-01
   9.1811883e-01   6.0060060e-01
   9.1849990e-01   6.0180180e-01
   9.1887893e-01   6.0300300e-01
   9.1925593e-01   6.0420420e-01
   9.1963092e-01   6.0540541e-01
   9.2000391e-01   6.0660661e-01
   9.2037492e-01   6.0780781e-01
   9.2074396e-01   6.0900901e-01
   9.2111105e-01   6.1021021e-01
   9.2147619e-01   6.1141141e-01
   9.2183940e-01   6.1261261e-01
   9.2220070e-01   6.1381381e-01
   9.2256010e-01   6.1501502e-01
   9.2291761e-01   6.1621622e-01
   9.2327325e-01   6.1741742e-01
   9.2362702e-01   6.1861862e-01
   9.2397894e-01   6.1981982e-01
   9.2432903e-01   6.2102102e-01
   9.2467730e-01   6.2222222e-01
   9.2502376e-01   6.2342342e-01
   9.2536842e-01   6.2462462e-01
   9.2571130e-01   6.2582583e-01
   9.2605240e-01   6.2702703e-01
   9.2639175e-01   6.2822823e-01
   9.2672935e-01   6.2942943e-01
   9.2706521e-01   6.3063063e-01
   9.2739935e-01   6.3183183e-01
   9.2773179e-01   6.3303303e-01
   9.2806252e-01   6.3423423e-01
   9.2839157e-01   6.3543544e-01
   9.2871894e-01   6.3663664e-01
   9.2904465e-01   6.3783784e-01
   9.2936871e-01   6.3903904e-01
   9.2969113e-01   6.4024024e-01
   9.3001192e-01   6.4144144e-01
   9.3033110e-01   6.4264264e-01
   9.3064867e-01   6.4384384e-01
   9.3096465e-01   6.4504505e-01
   9.3127905e-01   6.4624625e-01
   9.3159187e-01   6.4744745e-01
   9.3190314e-01   6.4864865e-01
   9.3221286e-01   6.4984985e-01
   9.3252103e-01   6.5105105e-01
   9.3282769e-01   6.5225225e-01
   9.3313282e-01   6.5345345e-01
   9.3343645e-01   6.5465465e-01
   9.3373858e-01   6.5585586e-01
   9.3403923e-01   6.5705706e-01
   9.3433840e-01   6.5825826e-01
   9.3463611e-01   6.5945946e-01
   9.3493237e-01   6.6066066e-01
   9.3522718e-01   6.6186186e-01
   9.3552056e-01   6.6306306e-01
   9.3581251e-01   6.6426426e-01
   9.3610305e-01   6.6546547e-01
   9.3639219e-01   6.6666667e-01
   9.3667994e-01   6.6786787e-01
   9.3696630e-01   6.6906907e-01
   9.3725128e-01   6.7027027e-01
   9.3753491e-01   6.7147147e-01
   9.3781717e-01   6.7267267e-01
   9.3809809e-01   6.7387387e-01
   9.3837768e-01   6.7507508e-01
   9.3865594e-01   6.7627628e-01
   9.3893288e-01   6.7747748e-01
   9.3920851e-01   6.7867868e-01
   9.3948284e-01   6.7987988e-01
   9.3975589e-01   6.8108108e-01
   9.4002765e-01   6.8228228e-01
   9.4029814e-01   6.8348348e-01
   9.4056737e-01   6.8468468e-01
   9.4083534e-01   6.8588589e-01
   9.4110206e-01   6.8708709e-01
   9.4136755e-01   6.8828829e-01
   9.4163181e-01   6.8948949e-01
   9.4189485e-01   6.9069069e-01
   9.4215668e-01   6.9189189e-01
   9.4241731e-01   6.9309309e-01
   9.4267674e-01   6.9429429e-01
   9.4293499e-01   6.9549550e-01
   9.4319205e-01   6.9669670e-01
   9.4344795e-01   6.9789790e-01
   9.4370268e-01   6.9909910e-01
   9.4395626e-01   7.0030030e-01
   9.4420870e-01   7.0150150e-01
   9.4445999e-01   7.0270270e-01
   9.4471016e-01   7.0390390e-01
   9.4495920e-01   7.0510511e-01
   9.4520713e-01   7.0630631e-01
   9.4545395e-01   7.0750751e-01
   9.4569968e-01   7.0870871e-01
   9.4594431e-01   7.0990991e-01
   9.4618785e-01   7.1111111e-01
   9.4643032e-01   7.1231231e-01
   9.4667172e-01   7.1351351e-01
   9.4691206e-01   7.1471471e-01
   9.4715134e-01   7.1591592e-01
   9.4738958e-01   7.1711712e-01
   9.4762677e-01   7.1831832e-01
   9.4786293e-01   7.1951952e-01
   9.4809806e-01   7.2072072e-01
   9.4833218e-01   7.2192192e-01
   9.4856528e-01   7.2312312e-01
   9.4879738e-01   7.2432432e-01
   9.4902848e-01   7.2552553e-01
   9.4925858e-01   7.2672673e-01
   9.4948770e-01   7.2792793e-01
   9.4971585e-01   7.2912913e-01
   9.4994302e-01   7.3033033e-01
   9.5016922e-01   7.3153153e-01
   9.5039447e-01   7.3273273e-01
   9.5061876e-01   7.3393393e-01
   9.5084211e-01   7.3513514e-01
   9.5106452e-01   7.3633634e-01
   9.5128599e-01   7.3753754e-01
   9.5150654e-01   7.3873874e-01
   9.5172617e-01   7.3993994e-01
   9.5194488e-01   7.4114114e-01
   9.5216269e-01   7.4234234e-01
   9.5237959e-01   7.4354354e-01
   9.5259559e-01   7.4474474e-01
   9.5281071e-01   7.4594595e-01
   9.5302494e-01   7.4714715e-01
   9.5323829e-01   7.4834835e-01
   9.5345077e-01   7.4954955e-01
   9.5366239e-01   7.5075075e-01
   9.5387314e-01   7.5195195e-01
   9.5408304e-01   7.5315315e-01
   9.5429208e-01   7.5435435e-01
   9.5450029e-01   7.5555556e-01
   9.5470765e-01   7.5675676e-01
   9.5491418e-01   7.5795796e-01
   9.5511989e-01   7.5915916e-01
   9.5532477e-01   7.6036036e-01
   9.5552883e-01   7.6156156e-01
   9.5573209e-01   7.6276276e-01
   9.5593454e-01   7.6396396e-01
   9.5613619e-01   7.6516517e-01
   9.5633704e-01   7.6636637e-01
   9.5653710e-01   7.6756757e-01
   9.5673638e-01   7.6876877e-01
   9.5693488e-01   7.6996997e-01
   9.5713260e-01   7.7117117e-01
   9.5732955e-01   7.7237237e-01
   9.5752574e-01   7.7357357e-01
   9.5772117e-01   7.7477477e-01
   9.5791584e-01   7.7597598e-01
   9.5810977e-01   7.7717718e-01
   9.5830294e-01   7.7837838e-01
   9.5849538e-01   7.7957958e-01
   9.5868708e-01   7.8078078e-01
   9.5887806e-01   7.8198198e-01
   9.5906830e-01   7.8318318e-01
   9.5925783e-01   7.8438438e-01
   9.5944663e-01   7.8558559e-01
   9.5963473e-01   7.8678679e-01
   9.5982211e-01   7.8798799e-01
   9.6000880e-01   7.8918919e-01
   9.6019478e-01   7.9039039e-01
   9.6038007e-01   7.9159159e-01
   9.6056467e-01   7.9279279e-01
   9.6074859e-01   7.9399399e-01
   9.6093182e-01   7.9519520e-01
   9.6111438e-01   7.9639640e-01
   9.6129626e-01   7.9759760e-01
   9.6147748e-01   7.9879880e-01
   9.6165803e-01   8.0000000e-01
   9.6183792e-01   8.0120120e-01
   9.6201716e-01   8.0240240e-01
   9.6219574e-01   8.0360360e-01
   9.6237368e-01   8.0480480e-01
   9.6255097e-01   8.0600601e-01
   9.6272762e-01   8.0720721e-01
   9.6290364e-01   8.0840841e-01
   9.6307902e-01   8.0960961e-01
   9.6325378e-01   8.1081081e-01
   9.6342791e-01   8.1201201e-01
   9.6360143e-01   8.1321321e-01
   9.6377432e-01   8.1441441e-01
   9.6394661e-01   8.1561562e-01
   9.6411828e-01   8.1681682e-01
   9.6428935e-01   8.1801802e-01
   9.6445982e-01   8.1921922e-01
   9.6462969e-01   8.2042042e-01
   9.6479897e-01   8.2162162e-01
   9.6496765e-01   8.2282282e-01
   9.6513575e-01   8.2402402e-01
   9.6530327e-01   8.2522523e-01
   9.6547021e-01   8.2642643e-01
   9.6563657e-01   8.2762763e-01
   9.6580236e-01   8.2882883e-01
   9.6596757e-01   8.3003003e-01
   9.6613223e-01   8.3123123e-01
   9.6629632e-01   8.3243243e-01
   9.6645985e-01   8.3363363e-01
   9.6662282e-01   8.3483483e-01
   9.6678525e-01   8.3603604e-01
   9.6694712e-01   8.3723724e-01
   9.6710845e-01   8.3843844e-01
   9.6726923e-01   8.3963964e-01
   9.6742948e-01   8.4084084e-01
   9.6758918e-01   8.4204204e-01
   9.6774836e-01   8.4324324e-01
   9.6790701e-01   8.4444444e-01
   9.6806513e-01   8.4564565e-01
   9.6822272e-01   8.4684685e-01
   9.6837979e-01   8.4804805e-01
   9.6853635e-01   8.4924925e-01
   9.6869239e-01   8.5045045e-01
   9.6884792e-01   8.5165165e-01
   9.6900294e-01   8.5285285e-01
   9.6915746e-01   8.5405405e-01
   9.6931147e-01   8.5525526e-01
   9.6946499e-01   8.5645646e-01
   9.6961800e-01   8.5765766e-01
   9.6977052e-01   8.5885886e-01
   9.6992255e-01   8.6006006e-01
   9.7007409e-01   8.6126126e-01
   9.7022515e-01   8.6246246e-01
   9.7037572e-01   8.6366366e-01
   9.7052581e-01   8.6486486e-01
   9.7067543e-01   8.6606607e-01
   9.7082457e-01   8.6726727e-01
   9.7097324e-01   8.6846847e-01
   9.7112143e-01   8.6966967e-01
   9.7126917e-01   8.7087087e-01
   9.7141643e-01   8.7207207e-01
   9.7156324e-01   8.7327327e-01
   9.7170958e-01   8.7447447e-01
   9.7185547e-01   8.7567568e-01
   9.7200091e-01   8.7687688e-01
   9.7214589e-01   8.7807808e-01
   9.7229043e-01   8.7927928e-01
   9.7243452e-01   8.8048048e-01
   9.7257816e-01   8.8168168e-01
   9.7272136e-01   8.8288288e-01
   9.7286413e-01   8.8408408e-01
   9.7300645e-01   8.8528529e-01
   9.7314835e-01   8.8648649e-01
   9.7328981e-01   8.8768769e-01
   9.7343084e-01   8.8888889e-01
   9.7357144e-01   8.9009009e-01
   9.7371162e-01   8.9129129e-01
   9.7385137e-01   8.9249249e-01
   9.7399071e-01   8.9369369e-01
   9.7412963e-01   8.9489489e-01
   9.7426813e-01   8.9609610e-01
   9.7440621e-01   8.9729730e-01
   9.7454389e-01   8.9849850e-01
   9.7468116e-01   8.9969970e-01
   9.7481801e-01   9.0090090e-01
   9.7495447e-01   9.0210210e-01
   9.7509052e-01   9.0330330e-01
   9.7522617e-01   9.0450450e-01
   9.7536142e-01   9.0570571e-01
   9.7549628e-01   9.0690691e-01
   9.7563074e-01   9.0810811e-01
   9.7576481e-01   9.0930931e-01
   9.7589848e-01   9.1051051e-01
   9.7603177e-01   9.1171171e-01
   9.7616468e-01   9.1291291e-01
   9.7629720e-01   9.1411411e-01
   9.7642933e-01   9.1531532e-01
   9.7656109e-01   9.1651652e-01
   9.7669247e-01   9.1771772e-01
   9.7682347e-01   9.1891892e-01
   9.7695409e-01   9.2012012e-01
   9.7708435e-01   9.2132132e-01
   9.7721423e-01   9.2252252e-01
   9.7734375e-01   9.2372372e-01
   9.7747289e-01   9.2492492e-01
   9.7760167e-01   9.2612613e-01
   9.7773009e-01   9.2732733e-01
   9.7785815e-01   9.2852853e-01
   9.7798585e-01   9.2972973e-01
   9.7811319e-01   9.3093093e-01
   9.7824017e-01   9.3213213e-01
   9.7836680e-01   9.3333333e-01
   9.7849308e-01   9.3453453e-01
   9.7861900e-01   9.3573574e-01
   9.7874458e-01   9.3693694e-01
   9.7886981e-01   9.3813814e-01
   9.7899469e-01   9.3933934e-01
   9.7911923e-01   9.4054054e-01
   9.7924343e-01   9.4174174e-01
   9.7936729e-01   9.4294294e-01
   9.7949081e-01   9.4414414e-01
   9.7961399e-01   9.4534535e-01
   9.7973683e-01   9.4654655e-01
   9.7985934e-01   9.4774775e-01
   9.7998152e-01   9.4894895e-01
   9.8010337e-01   9.5015015e-01
   9.8022489e-01   9.5135135e-01
   9.8034608e-01   9.5255255e-01
   9.8046694e-01   9.5375375e-01
   9.8058748e-01   9.5495495e-01
   9.8070770e-01   9.5615616e-01
   9.8082759e-01   9.5735736e-01
   9.8094717e-01   9.5855856e-01
   9.8106643e-01   9.5975976e-01
   9.8118537e-01   9.6096096e-01
   9.8130399e-01   9.6216216e-01
   9.8142230e-01   9.6336336e-01
   9.8154030e-01   9.6456456e-01
   9.8165798e-01   9.6576577e-01
   9.8177536e-01   9.6696697e-01
   9.8189243e-01   9.6816817e-01
   9.8200919e-01   9.6936937e-01
   9.8212564e-01   9.7057057e-01
   9.8224180e-01   9.7177177e-01
   9.8235765e-01   9.7297297e-01
   9.8247319e-01   9.7417417e-01
   9.8258844e-01   9.7537538e-01
   9.8270339e-01   9.7657658e-01
   9.8281804e-01   9.7777778e-01
   9.8293240e-01   9.7897898e-01
   9.8304646e-01   9.8018018e-01
   9.8316023e-01   9.8138138e-01
   9.8327370e-01   9.8258258e-01
   9.8338689e-01   9.8378378e-01
   9.8349979e-01   9.8498498e-01
   9.8361240e-01   9.8618619e-01
   9.8372472e-01   9.8738739e-01
   9.8383675e-01   9.8858859e-01
   9.8394851e-01   9.8978979e-01
   9.8405998e-01   9.9099099e-01
   9.8417116e-01   9.9219219e-01
   9.8428207e-01   9.9339339e-01
   9.8439270e-01   9.9459459e-01
   9.8450305e-01   9.9579580e-01
   9.8461312e-01   9.9699700e-01
   9.8472292e-01   9.9819820e-01
   9.8483244e-01   9.9939940e-01
   9.8494169e-01   1.0006006e+00
   9.8505066e-01   1.0018018e+00
   9.8515937e-01   1.0030030e+00
   9.8526781e-01   1.0042042e+00
   9.8537597e-01   1.0054054e+00
   9.8548387e-01   1.0066066e+00
   9.8559151e-01   1.0078078e+00
   9.8569888e-01   1.0090090e+00
   9.8580598e-01   1.0102102e+00
   9.8591282e-01   1.0114114e+00
   9.8601940e-01   1.0126126e+00
   9.8612572e-01   1.0138138e+00
   9.8623178e-01   1.0150150e+00
   9.8633758e-01   1.0162162e+00
   9.8644312e-01   1.0174174e+00
   9.8654841e-01   1.0186186e+00
   9.8665344e-01   1.0198198e+00
   9.8675821e-01   1.0210210e+00
   9.8686274e-01   1.0222222e+00
   9.8696701e-01   1.0234234e+00
   9.8707102e-01   1.0246246e+00
   9.8717479e-01   1.0258258e+00
   9.8727831e-01   1.0270270e+00
   9.8738158e-01   1.0282282e+00
   9.8748461e-01   1.0294294e+00
   9.8758739e-01   1.0306306e+00
   9.8768992e-01   1.0318318e+00
   9.8779221e-01   1.0330330e+00
   9.8789425e-01   1.0342342e+00
   9.8799605e-01   1.0354354e+00
   9.8809761e-01   1.0366366e+00
   9.8819894e-01   1.0378378e+00
   9.8830002e-01   1.0390390e+00
   9.8840086e-01   1.0402402e+00
   9.8850147e-01   1.0414414e+00
   9.8860183e-01   1.0426426e+00
   9.8870197e-01   1.0438438e+00
   9.8880186e-01   1.0450450e+00
   9.8890153e-01   1.0462462e+00
   9.8900096e-01   1.0474474e+00
   9.8910016e-01   1.0486486e+00
   9.8919913e-01   1.0498498e+00
   9.8929787e-01   1.0510511e+00
   9.8939637e-01   1.0522523e+00
   9.8949465e-01   1.0534535e+00
   9.8959271e-01   1.0546547e+00
   9.8969053e-01   1.0558559e+00
   9.8978813e-01   1.0570571e+00
   9.8988551e-01   1.0582583e+00
   9.8998266e-01   1.0594595e+00
   9.9007958e-01   1.0606607e+00
   9.9017629e-01   1.0618619e+00
   9.9027277e-01   1.0630631e+00
   9.9036904e-01   1.0642643e+00
   9.9046508e-01   1.0654655e+00
   9.9056090e-01   1.0666667e+00
   9.9065651e-01   1.0678679e+00
   9.9075189e-01   1.0690691e+00
   9.9084706e-01   1.0702703e+00
   9.9094202e-01   1.0714715e+00
   9.9103676e-01   1.0726727e+00
   9.9113128e-01   1.0738739e+00
   9.9122560e-01   1.0750751e+00
   9.9131970e-01   1.0762763e+00
   9.9141358e-01   1.0774775e+00
   9.9150726e-01   1.0786787e+00
   9.9160073e-01   1.0798799e+00
   9.9169398e-01   1.0810811e+00
   9.9178703e-01   1.0822823e+00
   9.9187987e-01   1.0834835e+00
   9.9197250e-01   1.0846847e+00
   9.9206493e-01   1.0858859e+00
   9.9215714e-01   1.0870871e+00
   9.9224916e-01   1.0882883e+00
   9.9234097e-01   1.0894895e+00
   9.9243257e-01   1.0906907e+00
   9.9252398e-01   1.0918919e+00
   9.9261518e-01   1.0930931e+00
   9.9270618e-01   1.0942943e+00
   9.9279698e-01   1.0954955e+00
   9.9288758e-01   1.0966967e+00
   9.9297798e-01   1.0978979e+00
   9.9306818e-01   1.0990991e+00
   9.9315818e-01   1.1003003e+00
   9.9324798e-01   1.1015015e+00
   9.9333759e-01   1.1027027e+00
   9.9342701e-01   1.1039039e+00
   9.9351622e-01   1.1051051e+00
   9.9360525e-01   1.1063063e+00
   9.9369408e-01   1.1075075e+00
   9.9378271e-01   1.1087087e+00
   9.9387116e-01   1.1099099e+00
   9.9395941e-01   1.1111111e+00
   9.9404747e-01   1.1123123e+00
   9.9413534e-01   1.1135135e+00
   9.9422302e-01   1.1147147e+00
   9.9431051e-01   1.1159159e+00
   9.9439781e-01   1.1171171e+00
   9.9448493e-01   1.1183183e+00
   9.9457185e-01   1.1195195e+00
   9.9465860e-01   1.1207207e+00
   9.9474515e-01   1.1219219e+00
   9.9483152e-01   1.1231231e+00
   9.9491770e-01   1.1243243e+00
   9.9500370e-01   1.1255255e+00
   9.9508952e-01   1.1267267e+00
   9.9517515e-01   1.1279279e+00
   9.9526061e-01   1.1291291e+00
   9.9534588e-01   1.1303303e+00
   9.9543096e-01   1.1315315e+00
   9.9551587e-01   1.1327327e+00
   9.9560060e-01   1.1339339e+00
   9.9568515e-01   1.1351351e+00
   9.9576952e-01   1.1363363e+00
   9.9585371e-01   1.1375375e+00
   9.9593773e-01   1.1387387e+00
   9.9602156e-01   1.1399399e+00
   9.9610523e-01   1.1411411e+00
   9.9618871e-01   1.1423423e+00
   9.9627202e-01   1.1435435e+00
   9.9635516e-01   1.1447447e+00
   9.9643812e-01   1.1459459e+00
   9.9652091e-01   1.1471471e+00
   9.9660352e-01   1.1483483e+00
   9.9668597e-01   1.1495495e+00
   9.9676824e-01   1.1507508e+00
   9.9685034e-01   1.1519520e+00
   9.9693227e-01   1.1531532e+00
   9.9701403e-01   1.1543544e+00
   9.9709562e-01   1.1555556e+00
   9.9717704e-01   1.1567568e+00
   9.9725829e-01   1.1579580e+00
   9.9733937e-01   1.1591592e+00
   9.9742029e-01   1.1603604e+00
   9.9750104e-01   1.1615616e+00
   9.9758162e-01   1.1627628e+00
   9.9766204e-01   1.1639640e+00
   9.9774229e-01   1.1651652e+00
   9.9782238e-01   1.1663664e+00
   9.9790230e-01   1.1675676e+00
   9.9798206e-01   1.1687688e+00
   9.9806166e-01   1.1699700e+00
   9.9814109e-01   1.1711712e+00
   9.9822037e-01   1.1723724e+00
   9.9829948e-01   1.1735736e+00
   9.9837842e-01   1.1747748e+00
   9.9845721e-01   1.1759760e+00
   9.9853584e-01   1.1771772e+00
   9.9861431e-01   1.1783784e+00
   9.9869262e-01   1.1795796e+00
   9.9877077e-01   1.1807808e+00
   9.9884876e-01   1.1819820e+00
   9.9892660e-01   1.1831832e+00
   9.9900427e-01   1.1843844e+00
   9.9908179e-01   1.1855856e+00
   9.9915916e-01   1.1867868e+00
   9.9923637e-01   1.1879880e+00
   9.9931342e-01   1.1891892e+00
   9.9939032e-01   1.1903904e+00
   9.9946707e-01   1.1915916e+00
   9.9954366e-01   1.1927928e+00
   9.9962010e-01   1.1939940e+00
   9.9969638e-01   1.1951952e+00
   9.9977251e-01   1.1963964e+00
   9.9984849e-01   1.1975976e+00
   9.9992432e-01   1.1987988e+00
   1.0000000e+00   1.2000000e+00
