   2.0168961e-02   0.0000000e+00
   4.0312742e-02   7.5777109e-02
   6.0381448e-02   1.5155422e-01
   8.0326569e-02   2.2733133e-01
   1.0010185e-01   3.0310844e-01
   1.1966405e-01   3.7888555e-01
   1.3897365e-01   4.5466266e-01
   1.5799537e-01   5.3043976e-01
   1.7669858e-01   6.0621687e-01
   1.9505754e-01   6.8199398e-01
   2.1305151e-01   7.5777109e-01
   2.3066471e-01   8.3354820e-01
   2.4788617e-01   9.0932531e-01
   2.6470942e-01   9.8510242e-01
   2.8113216e-01   1.0608795e+00
   2.9715582e-01   1.1366566e+00
   3.1278508e-01   1.2124337e+00
   3.2802738e-01   1.2882109e+00
   3.4289241e-01   1.3639880e+00
   3.5739160e-01   1.4397651e+00
   3.7153766e-01   1.5155422e+00
   3.8534418e-01   1.5913193e+00
   3.9882517e-01   1.6670964e+00
   4.1199479e-01   1.7428735e+00
   4.2486700e-01   1.8186506e+00
   4.3745535e-01   1.8944277e+00
   4.4977279e-01   1.9702048e+00
   4.6183150e-01   2.0459819e+00
   4.7364281e-01   2.1217591e+00
   4.8521714e-01   2.1975362e+00
   4.9656397e-01   2.2733133e+00
   5.0769181e-01   2.3490904e+00
   5.1860825e-01   2.4248675e+00
   5.2932002e-01   2.5006446e+00
   5.3983302e-01   2.5764217e+00
   5.5015237e-01   2.6521988e+00
   5.6028254e-01   2.7279759e+00
   5.7022737e-01   2.8037530e+00
   5.7999018e-01   2.8795302e+00
   5.8957385e-01   2.9553073e+00
   5.9898087e-01   3.0310844e+00
   6.0821342e-01   3.1068615e+00
   6.1727342e-01   3.1826386e+00
   6.2616261e-01   3.2584157e+00
   6.3488259e-01   3.3341928e+00
   6.4343485e-01   3.4099699e+00
   6.5182082e-01   3.4857470e+00
   6.6004188e-01   3.5615241e+00
   6.6809945e-01   3.6373012e+00
   6.7599490e-01   3.7130784e+00
   6.8372968e-01   3.7888555e+00
   6.9130526e-01   3.8646326e+00
   6.9872317e-01   3.9404097e+00
   7.0598497e-01   4.0161868e+00
   7.1309232e-01   4.0919639e+00
   7.2004693e-01   4.1677410e+00
   7.2685054e-01   4.2435181e+00
   7.3350500e-01   4.3192952e+00
   7.4001218e-01   4.3950723e+00
   7.4637404e-01   4.4708494e+00
   7.5259256e-01   4.5466266e+00
   7.5866980e-01   4.6224037e+00
   7.6460783e-01   4.6981808e+00
   7.7040880e-01   4.7739579e+00
   7.7607486e-01   4.8497350e+00
   7.8160822e-01   4.9255121e+00
   7.8701110e-01   5.0012892e+00
   7.9228575e-01   5.0770663e+00
   7.9743444e-01   5.1528434e+00
   8.0245946e-01   5.2286205e+00
   8.0736309e-01   5.3043976e+00
   8.1214765e-01   5.3801748e+00
   8.1681543e-01   5.4559519e+00
   8.2136876e-01   5.5317290e+00
   8.2580993e-01   5.6075061e+00
   8.3014124e-01   5.6832832e+00
   8.3436500e-01   5.7590603e+00
   8.3848348e-01   5.8348374e+00
   8.4249896e-01   5.9106145e+00
   8.4641368e-01   5.9863916e+00
   8.5022990e-01   6.0621687e+00
   8.5394982e-01   6.1379458e+00
   8.5757565e-01   6.2137230e+00
   8.6110956e-01   6.2895001e+00
   8.6455370e-01   6.3652772e+00
   8.6791021e-01   6.4410543e+00
   8.7118117e-01   6.5168314e+00
   8.7436866e-01   6.5926085e+00
   8.7747473e-01   6.6683856e+00
   8.8050138e-01   6.7441627e+00
   8.8345060e-01   6.8199398e+00
   8.8632434e-01   6.8957169e+00
   8.8912452e-01   6.9714940e+00
   8.9185303e-01   7.0472712e+00
   8.9451171e-01   7.1230483e+00
   8.9710239e-01   7.1988254e+00
   8.9962685e-01   7.2746025e+00
   9.0208685e-01   7.3503796e+00
   9.0448411e-01   7.4261567e+00
   9.0682030e-01   7.5019338e+00
   9.0909709e-01   7.5777109e+00
   9.1131608e-01   7.6534880e+00
   9.1347887e-01   7.7292651e+00
   9.1558699e-01   7.8050423e+00
   9.1764196e-01   7.8808194e+00
   9.1964526e-01   7.9565965e+00
   9.2159834e-01   8.0323736e+00
   9.2350262e-01   8.1081507e+00
   9.2535947e-01   8.1839278e+00
   9.2717024e-01   8.2597049e+00
   9.2893624e-01   8.3354820e+00
   9.3065877e-01   8.4112591e+00
   9.3233907e-01   8.4870362e+00
   9.3397837e-01   8.5628133e+00
   9.3557785e-01   8.6385905e+00
   9.3713868e-01   8.7143676e+00
   9.3866198e-01   8.7901447e+00
   9.4014886e-01   8.8659218e+00
   9.4160039e-01   8.9416989e+00
   9.4301761e-01   9.0174760e+00
   9.4440153e-01   9.0932531e+00
   9.4575315e-01   9.1690302e+00
   9.4707342e-01   9.2448073e+00
   9.4836328e-01   9.3205844e+00
   9.4962364e-01   9.3963615e+00
   9.5085538e-01   9.4721387e+00
   9.5205935e-01   9.5479158e+00
   9.5323640e-01   9.6236929e+00
   9.5438732e-01   9.6994700e+00
   9.5551291e-01   9.7752471e+00
   9.5661393e-01   9.8510242e+00
   9.5769112e-01   9.9268013e+00
   9.5874520e-01   1.0002578e+01
   9.5977686e-01   1.0078356e+01
   9.6078678e-01   1.0154133e+01
   9.6177562e-01   1.0229910e+01
   9.6274401e-01   1.0305687e+01
   9.6369257e-01   1.0381464e+01
   9.6462189e-01   1.0457241e+01
   9.6553257e-01   1.0533018e+01
   9.6642515e-01   1.0608795e+01
   9.6730018e-01   1.0684572e+01
   9.6815819e-01   1.0760350e+01
   9.6899969e-01   1.0836127e+01
   9.6982517e-01   1.0911904e+01
   9.7063510e-01   1.0987681e+01
   9.7142997e-01   1.1063458e+01
   9.7221020e-01   1.1139235e+01
   9.7297623e-01   1.1215012e+01
   9.7372849e-01   1.1290789e+01
   9.7446738e-01   1.1366566e+01
   9.7519329e-01   1.1442343e+01
   9.7590660e-01   1.1518121e+01
   9.7660768e-01   1.1593898e+01
   9.7729689e-01   1.1669675e+01
   9.7797456e-01   1.1745452e+01
   9.7864103e-01   1.1821229e+01
   9.7929662e-01   1.1897006e+01
   9.7994164e-01   1.1972783e+01
   9.8057639e-01   1.2048560e+01
   9.8120116e-01   1.2124337e+01
   9.8181623e-01   1.2200115e+01
   9.8242187e-01   1.2275892e+01
   9.8301834e-01   1.2351669e+01
   9.8360589e-01   1.2427446e+01
   9.8418477e-01   1.2503223e+01
   9.8475521e-01   1.2579000e+01
   9.8531745e-01   1.2654777e+01
   9.8587169e-01   1.2730554e+01
   9.8641816e-01   1.2806331e+01
   9.8695705e-01   1.2882109e+01
   9.8748857e-01   1.2957886e+01
   9.8801290e-01   1.3033663e+01
   9.8853023e-01   1.3109440e+01
   9.8904074e-01   1.3185217e+01
   9.8954461e-01   1.3260994e+01
   9.9004198e-01   1.3336771e+01
   9.9053304e-01   1.3412548e+01
   9.9101792e-01   1.3488325e+01
   9.9149679e-01   1.3564103e+01
   9.9196978e-01   1.3639880e+01
   9.9243704e-01   1.3715657e+01
   9.9289869e-01   1.3791434e+01
   9.9335487e-01   1.3867211e+01
   9.9380571e-01   1.3942988e+01
   9.9425132e-01   1.4018765e+01
   9.9469183e-01   1.4094542e+01
   9.9512733e-01   1.4170319e+01
   9.9555795e-01   1.4246097e+01
   9.9598380e-01   1.4321874e+01
   9.9640496e-01   1.4397651e+01
   9.9682154e-01   1.4473428e+01
   9.9723363e-01   1.4549205e+01
   9.9764133e-01   1.4624982e+01
   9.9804472e-01   1.4700759e+01
   9.9844390e-01   1.4776536e+01
   9.9883893e-01   1.4852313e+01
   9.9922991e-01   1.4928091e+01
   9.9961691e-01   1.5003868e+01
   1.0000000e+00   1.5079645e+01
