   0.0000000e+00   0.0000000e+00
   1.6147184e-02   1.1081216e-01
   3.2294369e-02   4.0137587e-01
   4.8441553e-02   8.0426456e-01
   6.4588737e-02   1.2570795e+00
   8.0735922e-02   1.7121090e+00
   9.6883106e-02   2.1396942e+00
   1.1303029e-01   2.5264183e+00
   1.2917747e-01   2.8705813e+00
   1.4532466e-01   3.1772526e+00
   1.6147184e-01   3.4542729e+00
   1.7761903e-01   3.7096448e+00
   1.9376621e-01   3.9501722e+00
   2.0991340e-01   4.1809817e+00
   2.2606058e-01   4.4055587e+00
   2.4220777e-01   4.6260209e+00
   2.5835495e-01   4.8434612e+00
   2.7450213e-01   5.0582666e+00
   2.9064932e-01   5.2703793e+00
   3.0679650e-01   5.4794911e+00
   3.2294369e-01   5.6851798e+00
   3.3909087e-01   5.8869977e+00
   3.5523806e-01   6.0845260e+00
   3.7138524e-01   6.2774037e+00
   3.8753242e-01   6.4653412e+00
   4.0367961e-01   6.6481228e+00
   4.1982679e-01   6.8256031e+00
   4.3597398e-01   6.9977003e+00
   4.5212116e-01   7.1643877e+00
   4.6826835e-01   7.3256854e+00
   4.8441553e-01   7.4816517e+00
   5.0056272e-01   7.6323753e+00
   5.1670990e-01   7.7779691e+00
   5.3285708e-01   7.9185641e+00
   5.4900427e-01   8.0543046e+00
   5.6515145e-01   8.1853437e+00
   5.8129864e-01   8.3118407e+00
   5.9744582e-01   8.4339578e+00
   6.1359301e-01   8.5518578e+00
   6.2974019e-01   8.6657030e+00
   6.4588737e-01   8.7756532e+00
   6.6203456e-01   8.8818650e+00
   6.7818174e-01   8.9844910e+00
   6.9432893e-01   9.0836790e+00
   7.1047611e-01   9.1795721e+00
   7.2662330e-01   9.2723078e+00
   7.4277048e-01   9.3620186e+00
   7.5891767e-01   9.4488312e+00
   7.7506485e-01   9.5328671e+00
   7.9121203e-01   9.6142423e+00
   8.0735922e-01   9.6930678e+00
   8.2350640e-01   9.7694492e+00
   8.3965359e-01   9.8434874e+00
   8.5580077e-01   9.9152783e+00
   8.7194796e-01   9.9849133e+00
   8.8809514e-01   1.0052480e+01
   9.0424232e-01   1.0118060e+01
   9.2038951e-01   1.0181733e+01
   9.3653669e-01   1.0243574e+01
   9.5268388e-01   1.0303655e+01
   9.6883106e-01   1.0362042e+01
   9.8497825e-01   1.0418802e+01
   1.0011254e+00   1.0473995e+01
   1.0172726e+00   1.0527680e+01
   1.0334198e+00   1.0579912e+01
   1.0495670e+00   1.0630746e+01
   1.0657142e+00   1.0680232e+01
   1.0818614e+00   1.0728417e+01
   1.0980085e+00   1.0775348e+01
   1.1141557e+00   1.0821069e+01
   1.1303029e+00   1.0865622e+01
   1.1464501e+00   1.0909047e+01
   1.1625973e+00   1.0951381e+01
   1.1787445e+00   1.0992662e+01
   1.1948916e+00   1.1032925e+01
   1.2110388e+00   1.1072202e+01
   1.2271860e+00   1.1110525e+01
   1.2433332e+00   1.1147926e+01
   1.2594804e+00   1.1184433e+01
   1.2756276e+00   1.1220074e+01
   1.2917747e+00   1.1254876e+01
   1.3079219e+00   1.1288865e+01
   1.3240691e+00   1.1322065e+01
   1.3402163e+00   1.1354500e+01
   1.3563635e+00   1.1386193e+01
   1.3725107e+00   1.1417166e+01
   1.3886579e+00   1.1447439e+01
   1.4048050e+00   1.1477032e+01
   1.4209522e+00   1.1505965e+01
   1.4370994e+00   1.1534257e+01
   1.4532466e+00   1.1561925e+01
   1.4693938e+00   1.1588987e+01
   1.4855410e+00   1.1615459e+01
   1.5016881e+00   1.1641358e+01
   1.5178353e+00   1.1666698e+01
   1.5339825e+00   1.1691494e+01
   1.5501297e+00   1.1715762e+01
   1.5662769e+00   1.1739514e+01
   1.5824241e+00   1.1762764e+01
   1.5985713e+00   1.1785525e+01
   1.6147184e+00   1.1807810e+01
   1.6308656e+00   1.1829630e+01
   1.6470128e+00   1.1850998e+01
   1.6631600e+00   1.1871923e+01
   1.6793072e+00   1.1892419e+01
   1.6954544e+00   1.1912494e+01
   1.7116015e+00   1.1932159e+01
   1.7277487e+00   1.1951424e+01
   1.7438959e+00   1.1970299e+01
   1.7600431e+00   1.1988792e+01
   1.7761903e+00   1.2006914e+01
   1.7923375e+00   1.2024672e+01
   1.8084846e+00   1.2042076e+01
   1.8246318e+00   1.2059133e+01
   1.8407790e+00   1.2075851e+01
   1.8569262e+00   1.2092239e+01
   1.8730734e+00   1.2108303e+01
   1.8892206e+00   1.2124051e+01
   1.9053678e+00   1.2139490e+01
   1.9215149e+00   1.2154628e+01
   1.9376621e+00   1.2169470e+01
   1.9538093e+00   1.2184023e+01
   1.9699565e+00   1.2198295e+01
   1.9861037e+00   1.2212290e+01
   2.0022509e+00   1.2226015e+01
   2.0183980e+00   1.2239476e+01
   2.0345452e+00   1.2252678e+01
   2.0506924e+00   1.2265627e+01
   2.0668396e+00   1.2278329e+01
   2.0829868e+00   1.2290789e+01
   2.0991340e+00   1.2303012e+01
   2.1152812e+00   1.2315003e+01
   2.1314283e+00   1.2326766e+01
   2.1475755e+00   1.2338307e+01
   2.1637227e+00   1.2349631e+01
   2.1798699e+00   1.2360741e+01
   2.1960171e+00   1.2371643e+01
   2.2121643e+00   1.2382340e+01
   2.2283114e+00   1.2392837e+01
   2.2444586e+00   1.2403138e+01
   2.2606058e+00   1.2413247e+01
   2.2767530e+00   1.2423168e+01
   2.2929002e+00   1.2432905e+01
   2.3090474e+00   1.2442461e+01
   2.3251945e+00   1.2451840e+01
   2.3413417e+00   1.2461046e+01
   2.3574889e+00   1.2470082e+01
   2.3736361e+00   1.2478952e+01
   2.3897833e+00   1.2487659e+01
   2.4059305e+00   1.2496206e+01
   2.4220777e+00   1.2504596e+01
   2.4382248e+00   1.2512833e+01
   2.4543720e+00   1.2520919e+01
   2.4705192e+00   1.2528858e+01
   2.4866664e+00   1.2536653e+01
   2.5028136e+00   1.2544306e+01
   2.5189608e+00   1.2551820e+01
   2.5351079e+00   1.2559198e+01
   2.5512551e+00   1.2566442e+01
   2.5674023e+00   1.2573556e+01
   2.5835495e+00   1.2580541e+01
   2.5996967e+00   1.2587400e+01
   2.6158439e+00   1.2594136e+01
   2.6319911e+00   1.2600751e+01
   2.6481382e+00   1.2607248e+01
   2.6642854e+00   1.2613628e+01
   2.6804326e+00   1.2619894e+01
   2.6965798e+00   1.2626048e+01
   2.7127270e+00   1.2632092e+01
   2.7288742e+00   1.2638029e+01
   2.7450213e+00   1.2643861e+01
   2.7611685e+00   1.2649588e+01
   2.7773157e+00   1.2655215e+01
   2.7934629e+00   1.2660741e+01
   2.8096101e+00   1.2666170e+01
   2.8257573e+00   1.2671503e+01
   2.8419044e+00   1.2676742e+01
   2.8580516e+00   1.2681889e+01
   2.8741988e+00   1.2686945e+01
   2.8903460e+00   1.2691913e+01
   2.9064932e+00   1.2696794e+01
   2.9226404e+00   1.2701589e+01
   2.9387876e+00   1.2706300e+01
   2.9549347e+00   1.2710929e+01
   2.9710819e+00   1.2715477e+01
   2.9872291e+00   1.2719946e+01
   3.0033763e+00   1.2724338e+01
   3.0195235e+00   1.2728653e+01
   3.0356707e+00   1.2732893e+01
   3.0518178e+00   1.2737060e+01
   3.0679650e+00   1.2741155e+01
   3.0841122e+00   1.2745179e+01
   3.1002594e+00   1.2749134e+01
   3.1164066e+00   1.2753021e+01
   3.1325538e+00   1.2756841e+01
   3.1487010e+00   1.2760595e+01
   3.1648481e+00   1.2764285e+01
   3.1809953e+00   1.2767912e+01
   3.1971425e+00   1.2771476e+01
   3.2132897e+00   1.2774980e+01
   3.2294369e+00   1.2778424e+01
   3.2455841e+00   1.2781810e+01
   3.2617312e+00   1.2785137e+01
   3.2778784e+00   1.2788409e+01
   3.2940256e+00   1.2791625e+01
   3.3101728e+00   1.2794786e+01
   3.3263200e+00   1.2797894e+01
   3.3424672e+00   1.2800950e+01
   3.3586143e+00   1.2803954e+01
   3.3747615e+00   1.2806907e+01
   3.3909087e+00   1.2809811e+01
   3.4070559e+00   1.2812666e+01
   3.4232031e+00   1.2815473e+01
   3.4393503e+00   1.2818233e+01
   3.4554975e+00   1.2820947e+01
   3.4716446e+00   1.2823616e+01
   3.4877918e+00   1.2826240e+01
   3.5039390e+00   1.2828821e+01
   3.5200862e+00   1.2831359e+01
   3.5362334e+00   1.2833854e+01
   3.5523806e+00   1.2836308e+01
   3.5685277e+00   1.2838722e+01
   3.5846749e+00   1.2841096e+01
   3.6008221e+00   1.2843430e+01
   3.6169693e+00   1.2845726e+01
   3.6331165e+00   1.2847985e+01
   3.6492637e+00   1.2850206e+01
   3.6654109e+00   1.2852391e+01
   3.6815580e+00   1.2854540e+01
   3.6977052e+00   1.2856653e+01
   3.7138524e+00   1.2858733e+01
   3.7299996e+00   1.2860778e+01
   3.7461468e+00   1.2862790e+01
   3.7622940e+00   1.2864770e+01
   3.7784411e+00   1.2866717e+01
   3.7945883e+00   1.2868633e+01
   3.8107355e+00   1.2870518e+01
   3.8268827e+00   1.2872372e+01
   3.8430299e+00   1.2874196e+01
   3.8591771e+00   1.2875991e+01
   3.8753242e+00   1.2877757e+01
   3.8914714e+00   1.2879495e+01
   3.9076186e+00   1.2881205e+01
   3.9237658e+00   1.2882887e+01
   3.9399130e+00   1.2884543e+01
   3.9560602e+00   1.2886172e+01
   3.9722074e+00   1.2887775e+01
   3.9883545e+00   1.2889353e+01
   4.0045017e+00   1.2890906e+01
   4.0206489e+00   1.2892434e+01
   4.0367961e+00   1.2893937e+01
   4.0529433e+00   1.2895417e+01
   4.0690905e+00   1.2896874e+01
   4.0852376e+00   1.2898308e+01
   4.1013848e+00   1.2899719e+01
   4.1175320e+00   1.2901108e+01
   4.1336792e+00   1.2902475e+01
   4.1498264e+00   1.2903821e+01
   4.1659736e+00   1.2905145e+01
   4.1821208e+00   1.2906449e+01
   4.1982679e+00   1.2907733e+01
   4.2144151e+00   1.2908997e+01
   4.2305623e+00   1.2910241e+01
   4.2467095e+00   1.2911466e+01
   4.2628567e+00   1.2912671e+01
   4.2790039e+00   1.2913858e+01
   4.2951510e+00   1.2915027e+01
   4.3112982e+00   1.2916178e+01
   4.3274454e+00   1.2917311e+01
   4.3435926e+00   1.2918427e+01
   4.3597398e+00   1.2919525e+01
   4.3758870e+00   1.2920607e+01
   4.3920341e+00   1.2921672e+01
   4.4081813e+00   1.2922721e+01
   4.4243285e+00   1.2923754e+01
   4.4404757e+00   1.2924771e+01
   4.4566229e+00   1.2925772e+01
   4.4727701e+00   1.2926759e+01
   4.4889173e+00   1.2927730e+01
   4.5050644e+00   1.2928687e+01
   4.5212116e+00   1.2929630e+01
   4.5373588e+00   1.2930558e+01
   4.5535060e+00   1.2931472e+01
   4.5696532e+00   1.2932373e+01
   4.5858004e+00   1.2933260e+01
   4.6019475e+00   1.2934133e+01
   4.6180947e+00   1.2934994e+01
   4.6342419e+00   1.2935842e+01
   4.6503891e+00   1.2936677e+01
   4.6665363e+00   1.2937500e+01
   4.6826835e+00   1.2938310e+01
   4.6988307e+00   1.2939109e+01
   4.7149778e+00   1.2939895e+01
   4.7311250e+00   1.2940670e+01
   4.7472722e+00   1.2941434e+01
   4.7634194e+00   1.2942186e+01
   4.7795666e+00   1.2942928e+01
   4.7957138e+00   1.2943658e+01
   4.8118609e+00   1.2944378e+01
   4.8280081e+00   1.2945087e+01
   4.8441553e+00   1.2945786e+01
   4.8603025e+00   1.2946474e+01
   4.8764497e+00   1.2947153e+01
   4.8925969e+00   1.2947822e+01
   4.9087440e+00   1.2948481e+01
   4.9248912e+00   1.2949130e+01
   4.9410384e+00   1.2949770e+01
   4.9571856e+00   1.2950401e+01
   4.9733328e+00   1.2951023e+01
   4.9894800e+00   1.2951635e+01
   5.0056272e+00   1.2952239e+01
   5.0217743e+00   1.2952835e+01
   5.0379215e+00   1.2953421e+01
   5.0540687e+00   1.2954000e+01
   5.0702159e+00   1.2954570e+01
   5.0863631e+00   1.2955132e+01
   5.1025103e+00   1.2955686e+01
   5.1186574e+00   1.2956232e+01
   5.1348046e+00   1.2956771e+01
   5.1509518e+00   1.2957301e+01
   5.1670990e+00   1.2957825e+01
   5.1832462e+00   1.2958341e+01
   5.1993934e+00   1.2958849e+01
   5.2155406e+00   1.2959351e+01
   5.2316877e+00   1.2959845e+01
   5.2478349e+00   1.2960333e+01
   5.2639821e+00   1.2960813e+01
   5.2801293e+00   1.2961287e+01
   5.2962765e+00   1.2961755e+01
   5.3124237e+00   1.2962216e+01
   5.3285708e+00   1.2962670e+01
   5.3447180e+00   1.2963118e+01
   5.3608652e+00   1.2963560e+01
   5.3770124e+00   1.2963996e+01
   5.3931596e+00   1.2964426e+01
   5.4093068e+00   1.2964850e+01
   5.4254539e+00   1.2965268e+01
   5.4416011e+00   1.2965680e+01
   5.4577483e+00   1.2966087e+01
   5.4738955e+00   1.2966488e+01
   5.4900427e+00   1.2966884e+01
   5.5061899e+00   1.2967274e+01
   5.5223371e+00   1.2967659e+01
   5.5384842e+00   1.2968039e+01
   5.5546314e+00   1.2968413e+01
   5.5707786e+00   1.2968783e+01
   5.5869258e+00   1.2969147e+01
   5.6030730e+00   1.2969507e+01
   5.6192202e+00   1.2969861e+01
   5.6353673e+00   1.2970211e+01
   5.6515145e+00   1.2970557e+01
   5.6676617e+00   1.2970897e+01
   5.6838089e+00   1.2971233e+01
   5.6999561e+00   1.2971565e+01
   5.7161033e+00   1.2971892e+01
   5.7322505e+00   1.2972215e+01
   5.7483976e+00   1.2972533e+01
   5.7645448e+00   1.2972847e+01
   5.7806920e+00   1.2973158e+01
   5.7968392e+00   1.2973464e+01
   5.8129864e+00   1.2973765e+01
   5.8291336e+00   1.2974063e+01
   5.8452807e+00   1.2974357e+01
   5.8614279e+00   1.2974648e+01
   5.8775751e+00   1.2974934e+01
   5.8937223e+00   1.2975217e+01
   5.9098695e+00   1.2975495e+01
   5.9260167e+00   1.2975771e+01
   5.9421638e+00   1.2976042e+01
   5.9583110e+00   1.2976311e+01
   5.9744582e+00   1.2976575e+01
   5.9906054e+00   1.2976836e+01
   6.0067526e+00   1.2977094e+01
   6.0228998e+00   1.2977349e+01
   6.0390470e+00   1.2977600e+01
   6.0551941e+00   1.2977848e+01
   6.0713413e+00   1.2978093e+01
   6.0874885e+00   1.2978334e+01
   6.1036357e+00   1.2978573e+01
   6.1197829e+00   1.2978809e+01
   6.1359301e+00   1.2979041e+01
   6.1520772e+00   1.2979271e+01
   6.1682244e+00   1.2979497e+01
   6.1843716e+00   1.2979721e+01
   6.2005188e+00   1.2979942e+01
   6.2166660e+00   1.2980160e+01
   6.2328132e+00   1.2980375e+01
   6.2489603e+00   1.2980588e+01
   6.2651075e+00   1.2980798e+01
   6.2812547e+00   1.2981005e+01
   6.2974019e+00   1.2981210e+01
   6.3135491e+00   1.2981412e+01
   6.3296963e+00   1.2981611e+01
   6.3458435e+00   1.2981809e+01
   6.3619906e+00   1.2982003e+01
   6.3781378e+00   1.2982195e+01
   6.3942850e+00   1.2982385e+01
   6.4104322e+00   1.2982573e+01
   6.4265794e+00   1.2982758e+01
   6.4427266e+00   1.2982941e+01
   6.4588737e+00   1.2983121e+01
   6.4750209e+00   1.2983300e+01
   6.4911681e+00   1.2983476e+01
   6.5073153e+00   1.2983650e+01
   6.5234625e+00   1.2983822e+01
   6.5396097e+00   1.2983991e+01
   6.5557569e+00   1.2984159e+01
   6.5719040e+00   1.2984325e+01
   6.5880512e+00   1.2984488e+01
   6.6041984e+00   1.2984650e+01
   6.6203456e+00   1.2984810e+01
   6.6364928e+00   1.2984967e+01
   6.6526400e+00   1.2985123e+01
   6.6687871e+00   1.2985277e+01
   6.6849343e+00   1.2985429e+01
   6.7010815e+00   1.2985579e+01
   6.7172287e+00   1.2985728e+01
   6.7333759e+00   1.2985874e+01
   6.7495231e+00   1.2986019e+01
   6.7656702e+00   1.2986162e+01
   6.7818174e+00   1.2986304e+01
   6.7979646e+00   1.2986443e+01
   6.8141118e+00   1.2986582e+01
   6.8302590e+00   1.2986718e+01
   6.8464062e+00   1.2986853e+01
   6.8625534e+00   1.2986986e+01
   6.8787005e+00   1.2987118e+01
   6.8948477e+00   1.2987248e+01
   6.9109949e+00   1.2987376e+01
   6.9271421e+00   1.2987503e+01
   6.9432893e+00   1.2987629e+01
   6.9594365e+00   1.2987753e+01
   6.9755836e+00   1.2987875e+01
   6.9917308e+00   1.2987997e+01
   7.0078780e+00   1.2988116e+01
   7.0240252e+00   1.2988235e+01
   7.0401724e+00   1.2988352e+01
   7.0563196e+00   1.2988467e+01
   7.0724668e+00   1.2988582e+01
   7.0886139e+00   1.2988694e+01
   7.1047611e+00   1.2988806e+01
   7.1209083e+00   1.2988916e+01
   7.1370555e+00   1.2989026e+01
   7.1532027e+00   1.2989133e+01
   7.1693499e+00   1.2989240e+01
   7.1854970e+00   1.2989345e+01
   7.2016442e+00   1.2989449e+01
   7.2177914e+00   1.2989552e+01
   7.2339386e+00   1.2989654e+01
   7.2500858e+00   1.2989755e+01
   7.2662330e+00   1.2989854e+01
   7.2823801e+00   1.2989953e+01
   7.2985273e+00   1.2990050e+01
   7.3146745e+00   1.2990146e+01
   7.3308217e+00   1.2990241e+01
   7.3469689e+00   1.2990335e+01
   7.3631161e+00   1.2990428e+01
   7.3792633e+00   1.2990520e+01
   7.3954104e+00   1.2990610e+01
   7.4115576e+00   1.2990700e+01
   7.4277048e+00   1.2990789e+01
   7.4438520e+00   1.2990877e+01
   7.4599992e+00   1.2990964e+01
   7.4761464e+00   1.2991049e+01
   7.4922935e+00   1.2991134e+01
   7.5084407e+00   1.2991218e+01
   7.5245879e+00   1.2991301e+01
   7.5407351e+00   1.2991383e+01
   7.5568823e+00   1.2991465e+01
   7.5730295e+00   1.2991545e+01
   7.5891767e+00   1.2991624e+01
   7.6053238e+00   1.2991703e+01
   7.6214710e+00   1.2991780e+01
   7.6376182e+00   1.2991857e+01
   7.6537654e+00   1.2991933e+01
   7.6699126e+00   1.2992008e+01
   7.6860598e+00   1.2992083e+01
   7.7022069e+00   1.2992156e+01
   7.7183541e+00   1.2992229e+01
   7.7345013e+00   1.2992301e+01
   7.7506485e+00   1.2992372e+01
   7.7667957e+00   1.2992442e+01
   7.7829429e+00   1.2992512e+01
   7.7990900e+00   1.2992581e+01
   7.8152372e+00   1.2992649e+01
   7.8313844e+00   1.2992716e+01
   7.8475316e+00   1.2992783e+01
   7.8636788e+00   1.2992849e+01
   7.8798260e+00   1.2992914e+01
   7.8959732e+00   1.2992978e+01
   7.9121203e+00   1.2993042e+01
   7.9282675e+00   1.2993105e+01
   7.9444147e+00   1.2993168e+01
   7.9605619e+00   1.2993230e+01
   7.9767091e+00   1.2993291e+01
   7.9928563e+00   1.2993351e+01
   8.0090034e+00   1.2993411e+01
   8.0251506e+00   1.2993470e+01
   8.0412978e+00   1.2993529e+01
   8.0574450e+00   1.2993587e+01
   8.0735922e+00   1.2993644e+01
   8.0897394e+00   1.2993701e+01
   8.1058866e+00   1.2993757e+01
   8.1220337e+00   1.2993813e+01
   8.1381809e+00   1.2993868e+01
   8.1543281e+00   1.2993922e+01
   8.1704753e+00   1.2993976e+01
   8.1866225e+00   1.2994029e+01
   8.2027697e+00   1.2994082e+01
   8.2189168e+00   1.2994134e+01
   8.2350640e+00   1.2994186e+01
   8.2512112e+00   1.2994237e+01
   8.2673584e+00   1.2994288e+01
   8.2835056e+00   1.2994338e+01
   8.2996528e+00   1.2994387e+01
   8.3157999e+00   1.2994436e+01
   8.3319471e+00   1.2994485e+01
   8.3480943e+00   1.2994533e+01
   8.3642415e+00   1.2994580e+01
   8.3803887e+00   1.2994627e+01
   8.3965359e+00   1.2994674e+01
   8.4126831e+00   1.2994720e+01
   8.4288302e+00   1.2994766e+01
   8.4449774e+00   1.2994811e+01
   8.4611246e+00   1.2994855e+01
   8.4772718e+00   1.2994900e+01
   8.4934190e+00   1.2994943e+01
   8.5095662e+00   1.2994987e+01
   8.5257133e+00   1.2995030e+01
   8.5418605e+00   1.2995072e+01
   8.5580077e+00   1.2995114e+01
   8.5741549e+00   1.2995156e+01
   8.5903021e+00   1.2995197e+01
   8.6064493e+00   1.2995238e+01
   8.6225965e+00   1.2995278e+01
   8.6387436e+00   1.2995318e+01
   8.6548908e+00   1.2995358e+01
   8.6710380e+00   1.2995397e+01
   8.6871852e+00   1.2995436e+01
   8.7033324e+00   1.2995474e+01
   8.7194796e+00   1.2995512e+01
   8.7356267e+00   1.2995550e+01
   8.7517739e+00   1.2995587e+01
   8.7679211e+00   1.2995624e+01
   8.7840683e+00   1.2995661e+01
   8.8002155e+00   1.2995697e+01
   8.8163627e+00   1.2995733e+01
   8.8325098e+00   1.2995768e+01
   8.8486570e+00   1.2995803e+01
   8.8648042e+00   1.2995838e+01
   8.8809514e+00   1.2995873e+01
   8.8970986e+00   1.2995907e+01
   8.9132458e+00   1.2995941e+01
   8.9293930e+00   1.2995974e+01
   8.9455401e+00   1.2996007e+01
   8.9616873e+00   1.2996040e+01
   8.9778345e+00   1.2996072e+01
   8.9939817e+00   1.2996105e+01
   9.0101289e+00   1.2996137e+01
   9.0262761e+00   1.2996168e+01
   9.0424232e+00   1.2996199e+01
   9.0585704e+00   1.2996230e+01
   9.0747176e+00   1.2996261e+01
   9.0908648e+00   1.2996291e+01
   9.1070120e+00   1.2996321e+01
   9.1231592e+00   1.2996351e+01
   9.1393064e+00   1.2996381e+01
   9.1554535e+00   1.2996410e+01
   9.1716007e+00   1.2996439e+01
   9.1877479e+00   1.2996467e+01
   9.2038951e+00   1.2996496e+01
   9.2200423e+00   1.2996524e+01
   9.2361895e+00   1.2996552e+01
   9.2523366e+00   1.2996579e+01
   9.2684838e+00   1.2996607e+01
   9.2846310e+00   1.2996634e+01
   9.3007782e+00   1.2996661e+01
   9.3169254e+00   1.2996687e+01
   9.3330726e+00   1.2996713e+01
   9.3492197e+00   1.2996740e+01
   9.3653669e+00   1.2996765e+01
   9.3815141e+00   1.2996791e+01
   9.3976613e+00   1.2996816e+01
   9.4138085e+00   1.2996841e+01
   9.4299557e+00   1.2996866e+01
   9.4461029e+00   1.2996891e+01
   9.4622500e+00   1.2996915e+01
   9.4783972e+00   1.2996939e+01
   9.4945444e+00   1.2996963e+01
   9.5106916e+00   1.2996987e+01
   9.5268388e+00   1.2997011e+01
   9.5429860e+00   1.2997034e+01
   9.5591331e+00   1.2997057e+01
   9.5752803e+00   1.2997080e+01
   9.5914275e+00   1.2997103e+01
   9.6075747e+00   1.2997125e+01
   9.6237219e+00   1.2997147e+01
   9.6398691e+00   1.2997169e+01
   9.6560163e+00   1.2997191e+01
   9.6721634e+00   1.2997213e+01
   9.6883106e+00   1.2997234e+01
   9.7044578e+00   1.2997256e+01
   9.7206050e+00   1.2997277e+01
   9.7367522e+00   1.2997298e+01
   9.7528994e+00   1.2997318e+01
   9.7690465e+00   1.2997339e+01
   9.7851937e+00   1.2997359e+01
   9.8013409e+00   1.2997379e+01
   9.8174881e+00   1.2997399e+01
   9.8336353e+00   1.2997419e+01
   9.8497825e+00   1.2997438e+01
   9.8659296e+00   1.2997458e+01
   9.8820768e+00   1.2997477e+01
   9.8982240e+00   1.2997496e+01
   9.9143712e+00   1.2997515e+01
   9.9305184e+00   1.2997534e+01
   9.9466656e+00   1.2997552e+01
   9.9628128e+00   1.2997571e+01
   9.9789599e+00   1.2997589e+01
   9.9951071e+00   1.2997607e+01
   1.0011254e+01   1.2997625e+01
   1.0027401e+01   1.2997643e+01
   1.0043549e+01   1.2997660e+01
   1.0059696e+01   1.2997678e+01
   1.0075843e+01   1.2997695e+01
   1.0091990e+01   1.2997712e+01
   1.0108137e+01   1.2997729e+01
   1.0124285e+01   1.2997746e+01
   1.0140432e+01   1.2997763e+01
   1.0156579e+01   1.2997779e+01
   1.0172726e+01   1.2997795e+01
   1.0188873e+01   1.2997812e+01
   1.0205021e+01   1.2997828e+01
   1.0221168e+01   1.2997844e+01
   1.0237315e+01   1.2997860e+01
   1.0253462e+01   1.2997875e+01
   1.0269609e+01   1.2997891e+01
   1.0285756e+01   1.2997906e+01
   1.0301904e+01   1.2997922e+01
   1.0318051e+01   1.2997937e+01
   1.0334198e+01   1.2997952e+01
   1.0350345e+01   1.2997967e+01
   1.0366492e+01   1.2997981e+01
   1.0382640e+01   1.2997996e+01
   1.0398787e+01   1.2998011e+01
   1.0414934e+01   1.2998025e+01
   1.0431081e+01   1.2998039e+01
   1.0447228e+01   1.2998053e+01
   1.0463375e+01   1.2998067e+01
   1.0479523e+01   1.2998081e+01
   1.0495670e+01   1.2998095e+01
   1.0511817e+01   1.2998109e+01
   1.0527964e+01   1.2998122e+01
   1.0544111e+01   1.2998136e+01
   1.0560259e+01   1.2998149e+01
   1.0576406e+01   1.2998162e+01
   1.0592553e+01   1.2998175e+01
   1.0608700e+01   1.2998188e+01
   1.0624847e+01   1.2998201e+01
   1.0640994e+01   1.2998214e+01
   1.0657142e+01   1.2998227e+01
   1.0673289e+01   1.2998239e+01
   1.0689436e+01   1.2998252e+01
   1.0705583e+01   1.2998264e+01
   1.0721730e+01   1.2998276e+01
   1.0737878e+01   1.2998288e+01
   1.0754025e+01   1.2998300e+01
   1.0770172e+01   1.2998312e+01
   1.0786319e+01   1.2998324e+01
   1.0802466e+01   1.2998336e+01
   1.0818614e+01   1.2998347e+01
   1.0834761e+01   1.2998359e+01
   1.0850908e+01   1.2998370e+01
   1.0867055e+01   1.2998382e+01
   1.0883202e+01   1.2998393e+01
   1.0899349e+01   1.2998404e+01
   1.0915497e+01   1.2998415e+01
   1.0931644e+01   1.2998426e+01
   1.0947791e+01   1.2998437e+01
   1.0963938e+01   1.2998448e+01
   1.0980085e+01   1.2998459e+01
   1.0996233e+01   1.2998469e+01
   1.1012380e+01   1.2998480e+01
   1.1028527e+01   1.2998490e+01
   1.1044674e+01   1.2998501e+01
   1.1060821e+01   1.2998511e+01
   1.1076968e+01   1.2998521e+01
   1.1093116e+01   1.2998531e+01
   1.1109263e+01   1.2998541e+01
   1.1125410e+01   1.2998551e+01
   1.1141557e+01   1.2998561e+01
   1.1157704e+01   1.2998571e+01
   1.1173852e+01   1.2998581e+01
   1.1189999e+01   1.2998590e+01
   1.1206146e+01   1.2998600e+01
   1.1222293e+01   1.2998609e+01
   1.1238440e+01   1.2998619e+01
   1.1254588e+01   1.2998628e+01
   1.1270735e+01   1.2998637e+01
   1.1286882e+01   1.2998647e+01
   1.1303029e+01   1.2998656e+01
   1.1319176e+01   1.2998665e+01
   1.1335323e+01   1.2998674e+01
   1.1351471e+01   1.2998683e+01
   1.1367618e+01   1.2998691e+01
   1.1383765e+01   1.2998700e+01
   1.1399912e+01   1.2998709e+01
   1.1416059e+01   1.2998717e+01
   1.1432207e+01   1.2998726e+01
   1.1448354e+01   1.2998734e+01
   1.1464501e+01   1.2998743e+01
   1.1480648e+01   1.2998751e+01
   1.1496795e+01   1.2998759e+01
   1.1512942e+01   1.2998768e+01
   1.1529090e+01   1.2998776e+01
   1.1545237e+01   1.2998784e+01
   1.1561384e+01   1.2998792e+01
   1.1577531e+01   1.2998800e+01
   1.1593678e+01   1.2998808e+01
   1.1609826e+01   1.2998816e+01
   1.1625973e+01   1.2998823e+01
   1.1642120e+01   1.2998831e+01
   1.1658267e+01   1.2998839e+01
   1.1674414e+01   1.2998846e+01
   1.1690561e+01   1.2998854e+01
   1.1706709e+01   1.2998861e+01
   1.1722856e+01   1.2998869e+01
   1.1739003e+01   1.2998876e+01
   1.1755150e+01   1.2998883e+01
   1.1771297e+01   1.2998891e+01
   1.1787445e+01   1.2998898e+01
   1.1803592e+01   1.2998905e+01
   1.1819739e+01   1.2998912e+01
   1.1835886e+01   1.2998919e+01
   1.1852033e+01   1.2998926e+01
   1.1868181e+01   1.2998933e+01
   1.1884328e+01   1.2998940e+01
   1.1900475e+01   1.2998947e+01
   1.1916622e+01   1.2998953e+01
   1.1932769e+01   1.2998960e+01
   1.1948916e+01   1.2998967e+01
   1.1965064e+01   1.2998973e+01
   1.1981211e+01   1.2998980e+01
   1.1997358e+01   1.2998987e+01
   1.2013505e+01   1.2998993e+01
   1.2029652e+01   1.2998999e+01
   1.2045800e+01   1.2999006e+01
   1.2061947e+01   1.2999012e+01
   1.2078094e+01   1.2999018e+01
   1.2094241e+01   1.2999025e+01
   1.2110388e+01   1.2999031e+01
   1.2126535e+01   1.2999037e+01
   1.2142683e+01   1.2999043e+01
   1.2158830e+01   1.2999049e+01
   1.2174977e+01   1.2999055e+01
   1.2191124e+01   1.2999061e+01
   1.2207271e+01   1.2999067e+01
   1.2223419e+01   1.2999073e+01
   1.2239566e+01   1.2999078e+01
   1.2255713e+01   1.2999084e+01
   1.2271860e+01   1.2999090e+01
   1.2288007e+01   1.2999096e+01
   1.2304154e+01   1.2999101e+01
   1.2320302e+01   1.2999107e+01
   1.2336449e+01   1.2999112e+01
   1.2352596e+01   1.2999118e+01
   1.2368743e+01   1.2999123e+01
   1.2384890e+01   1.2999129e+01
   1.2401038e+01   1.2999134e+01
   1.2417185e+01   1.2999140e+01
   1.2433332e+01   1.2999145e+01
   1.2449479e+01   1.2999150e+01
   1.2465626e+01   1.2999155e+01
   1.2481774e+01   1.2999161e+01
   1.2497921e+01   1.2999166e+01
   1.2514068e+01   1.2999171e+01
   1.2530215e+01   1.2999176e+01
   1.2546362e+01   1.2999181e+01
   1.2562509e+01   1.2999186e+01
   1.2578657e+01   1.2999191e+01
   1.2594804e+01   1.2999196e+01
   1.2610951e+01   1.2999201e+01
   1.2627098e+01   1.2999206e+01
   1.2643245e+01   1.2999211e+01
   1.2659393e+01   1.2999215e+01
   1.2675540e+01   1.2999220e+01
   1.2691687e+01   1.2999225e+01
   1.2707834e+01   1.2999230e+01
   1.2723981e+01   1.2999234e+01
   1.2740128e+01   1.2999239e+01
   1.2756276e+01   1.2999243e+01
   1.2772423e+01   1.2999248e+01
   1.2788570e+01   1.2999253e+01
   1.2804717e+01   1.2999257e+01
   1.2820864e+01   1.2999262e+01
   1.2837012e+01   1.2999266e+01
   1.2853159e+01   1.2999270e+01
   1.2869306e+01   1.2999275e+01
   1.2885453e+01   1.2999279e+01
   1.2901600e+01   1.2999283e+01
   1.2917747e+01   1.2999288e+01
   1.2933895e+01   1.2999292e+01
   1.2950042e+01   1.2999296e+01
   1.2966189e+01   1.2999300e+01
   1.2982336e+01   1.2999304e+01
   1.2998483e+01   1.2999309e+01
   1.3014631e+01   1.2999313e+01
   1.3030778e+01   1.2999317e+01
   1.3046925e+01   1.2999321e+01
   1.3063072e+01   1.2999325e+01
   1.3079219e+01   1.2999329e+01
   1.3095367e+01   1.2999333e+01
   1.3111514e+01   1.2999337e+01
   1.3127661e+01   1.2999341e+01
   1.3143808e+01   1.2999344e+01
   1.3159955e+01   1.2999348e+01
   1.3176102e+01   1.2999352e+01
   1.3192250e+01   1.2999356e+01
   1.3208397e+01   1.2999360e+01
   1.3224544e+01   1.2999363e+01
   1.3240691e+01   1.2999367e+01
   1.3256838e+01   1.2999371e+01
   1.3272986e+01   1.2999374e+01
   1.3289133e+01   1.2999378e+01
   1.3305280e+01   1.2999382e+01
   1.3321427e+01   1.2999385e+01
   1.3337574e+01   1.2999389e+01
   1.3353721e+01   1.2999392e+01
   1.3369869e+01   1.2999396e+01
   1.3386016e+01   1.2999399e+01
   1.3402163e+01   1.2999403e+01
   1.3418310e+01   1.2999406e+01
   1.3434457e+01   1.2999410e+01
   1.3450605e+01   1.2999413e+01
   1.3466752e+01   1.2999417e+01
   1.3482899e+01   1.2999420e+01
   1.3499046e+01   1.2999423e+01
   1.3515193e+01   1.2999426e+01
   1.3531340e+01   1.2999430e+01
   1.3547488e+01   1.2999433e+01
   1.3563635e+01   1.2999436e+01
   1.3579782e+01   1.2999439e+01
   1.3595929e+01   1.2999443e+01
   1.3612076e+01   1.2999446e+01
   1.3628224e+01   1.2999449e+01
   1.3644371e+01   1.2999452e+01
   1.3660518e+01   1.2999455e+01
   1.3676665e+01   1.2999458e+01
   1.3692812e+01   1.2999461e+01
   1.3708960e+01   1.2999464e+01
   1.3725107e+01   1.2999467e+01
   1.3741254e+01   1.2999470e+01
   1.3757401e+01   1.2999473e+01
   1.3773548e+01   1.2999476e+01
   1.3789695e+01   1.2999479e+01
   1.3805843e+01   1.2999482e+01
   1.3821990e+01   1.2999485e+01
   1.3838137e+01   1.2999488e+01
   1.3854284e+01   1.2999491e+01
   1.3870431e+01   1.2999494e+01
   1.3886579e+01   1.2999497e+01
   1.3902726e+01   1.2999499e+01
   1.3918873e+01   1.2999502e+01
   1.3935020e+01   1.2999505e+01
   1.3951167e+01   1.2999508e+01
   1.3967314e+01   1.2999510e+01
   1.3983462e+01   1.2999513e+01
   1.3999609e+01   1.2999516e+01
   1.4015756e+01   1.2999519e+01
   1.4031903e+01   1.2999521e+01
   1.4048050e+01   1.2999524e+01
   1.4064198e+01   1.2999526e+01
   1.4080345e+01   1.2999529e+01
   1.4096492e+01   1.2999532e+01
   1.4112639e+01   1.2999534e+01
   1.4128786e+01   1.2999537e+01
   1.4144934e+01   1.2999539e+01
   1.4161081e+01   1.2999542e+01
   1.4177228e+01   1.2999544e+01
   1.4193375e+01   1.2999547e+01
   1.4209522e+01   1.2999549e+01
   1.4225669e+01   1.2999552e+01
   1.4241817e+01   1.2999554e+01
   1.4257964e+01   1.2999557e+01
   1.4274111e+01   1.2999559e+01
   1.4290258e+01   1.2999562e+01
   1.4306405e+01   1.2999564e+01
   1.4322553e+01   1.2999566e+01
   1.4338700e+01   1.2999569e+01
   1.4354847e+01   1.2999571e+01
   1.4370994e+01   1.2999573e+01
   1.4387141e+01   1.2999576e+01
   1.4403288e+01   1.2999578e+01
   1.4419436e+01   1.2999580e+01
   1.4435583e+01   1.2999582e+01
   1.4451730e+01   1.2999585e+01
   1.4467877e+01   1.2999587e+01
   1.4484024e+01   1.2999589e+01
   1.4500172e+01   1.2999591e+01
   1.4516319e+01   1.2999594e+01
   1.4532466e+01   1.2999596e+01
   1.4548613e+01   1.2999598e+01
   1.4564760e+01   1.2999600e+01
   1.4580907e+01   1.2999602e+01
   1.4597055e+01   1.2999604e+01
   1.4613202e+01   1.2999606e+01
   1.4629349e+01   1.2999608e+01
   1.4645496e+01   1.2999611e+01
   1.4661643e+01   1.2999613e+01
   1.4677791e+01   1.2999615e+01
   1.4693938e+01   1.2999617e+01
   1.4710085e+01   1.2999619e+01
   1.4726232e+01   1.2999621e+01
   1.4742379e+01   1.2999623e+01
   1.4758527e+01   1.2999625e+01
   1.4774674e+01   1.2999627e+01
   1.4790821e+01   1.2999629e+01
   1.4806968e+01   1.2999631e+01
   1.4823115e+01   1.2999633e+01
   1.4839262e+01   1.2999635e+01
   1.4855410e+01   1.2999636e+01
   1.4871557e+01   1.2999638e+01
   1.4887704e+01   1.2999640e+01
   1.4903851e+01   1.2999642e+01
   1.4919998e+01   1.2999644e+01
   1.4936146e+01   1.2999646e+01
   1.4952293e+01   1.2999648e+01
   1.4968440e+01   1.2999650e+01
   1.4984587e+01   1.2999651e+01
   1.5000734e+01   1.2999653e+01
   1.5016881e+01   1.2999655e+01
   1.5033029e+01   1.2999657e+01
   1.5049176e+01   1.2999659e+01
   1.5065323e+01   1.2999660e+01
   1.5081470e+01   1.2999662e+01
   1.5097617e+01   1.2999664e+01
   1.5113765e+01   1.2999666e+01
   1.5129912e+01   1.2999667e+01
   1.5146059e+01   1.2999669e+01
   1.5162206e+01   1.2999671e+01
   1.5178353e+01   1.2999672e+01
   1.5194500e+01   1.2999674e+01
   1.5210648e+01   1.2999676e+01
   1.5226795e+01   1.2999677e+01
   1.5242942e+01   1.2999679e+01
   1.5259089e+01   1.2999681e+01
   1.5275236e+01   1.2999682e+01
   1.5291384e+01   1.2999684e+01
   1.5307531e+01   1.2999686e+01
   1.5323678e+01   1.2999687e+01
   1.5339825e+01   1.2999689e+01
   1.5355972e+01   1.2999690e+01
   1.5372120e+01   1.2999692e+01
   1.5388267e+01   1.2999693e+01
   1.5404414e+01   1.2999695e+01
   1.5420561e+01   1.2999697e+01
   1.5436708e+01   1.2999698e+01
   1.5452855e+01   1.2999700e+01
   1.5469003e+01   1.2999701e+01
   1.5485150e+01   1.2999703e+01
   1.5501297e+01   1.2999704e+01
   1.5517444e+01   1.2999706e+01
   1.5533591e+01   1.2999707e+01
   1.5549739e+01   1.2999709e+01
   1.5565886e+01   1.2999710e+01
   1.5582033e+01   1.2999712e+01
   1.5598180e+01   1.2999713e+01
   1.5614327e+01   1.2999714e+01
   1.5630474e+01   1.2999716e+01
   1.5646622e+01   1.2999717e+01
   1.5662769e+01   1.2999719e+01
   1.5678916e+01   1.2999720e+01
   1.5695063e+01   1.2999721e+01
   1.5711210e+01   1.2999723e+01
   1.5727358e+01   1.2999724e+01
   1.5743505e+01   1.2999726e+01
   1.5759652e+01   1.2999727e+01
   1.5775799e+01   1.2999728e+01
   1.5791946e+01   1.2999730e+01
   1.5808093e+01   1.2999731e+01
   1.5824241e+01   1.2999732e+01
   1.5840388e+01   1.2999734e+01
   1.5856535e+01   1.2999735e+01
   1.5872682e+01   1.2999736e+01
   1.5888829e+01   1.2999738e+01
   1.5904977e+01   1.2999739e+01
   1.5921124e+01   1.2999740e+01
   1.5937271e+01   1.2999741e+01
   1.5953418e+01   1.2999743e+01
   1.5969565e+01   1.2999744e+01
   1.5985713e+01   1.2999745e+01
   1.6001860e+01   1.2999746e+01
   1.6018007e+01   1.2999748e+01
   1.6034154e+01   1.2999749e+01
   1.6050301e+01   1.2999750e+01
   1.6066448e+01   1.2999751e+01
   1.6082596e+01   1.2999753e+01
   1.6098743e+01   1.2999754e+01
   1.6114890e+01   1.2999755e+01
   1.6131037e+01   1.2999756e+01
