   4.0252230e-03   0.0000000e+00
   8.0502462e-03   1.2012012e-03
   1.2074671e-02   2.4024024e-03
   1.6098097e-02   3.6036036e-03
   2.0120127e-02   4.8048048e-03
   2.4140364e-02   6.0060060e-03
   2.8158412e-02   7.2072072e-03
   3.2173875e-02   8.4084084e-03
   3.6186360e-02   9.6096096e-03
   4.0195477e-02   1.0810811e-02
   4.4200837e-02   1.2012012e-02
   4.8202052e-02   1.3213213e-02
   5.2198740e-02   1.4414414e-02
   5.6190518e-02   1.5615616e-02
   6.0177009e-02   1.6816817e-02
   6.4157839e-02   1.8018018e-02
   6.8132636e-02   1.9219219e-02
   7.2101034e-02   2.0420420e-02
   7.6062668e-02   2.1621622e-02
   8.0017181e-02   2.2822823e-02
   8.3964217e-02   2.4024024e-02
   8.7903428e-02   2.5225225e-02
   9.1834466e-02   2.6426426e-02
   9.5756994e-02   2.7627628e-02
   9.9670675e-02   2.8828829e-02
   1.0357518e-01   3.0030030e-02
   1.0747019e-01   3.1231231e-02
   1.1135537e-01   3.2432432e-02
   1.1523043e-01   3.3633634e-02
   1.1909505e-01   3.4834835e-02
   1.2294893e-01   3.6036036e-02
   1.2679178e-01   3.7237237e-02
   1.3062330e-01   3.8438438e-02
   1.3444323e-01   3.9639640e-02
   1.3825128e-01   4.0840841e-02
   1.4204718e-01   4.2042042e-02
   1.4583068e-01   4.3243243e-02
   1.4960152e-01   4.4444444e-02
   1.5335944e-01   4.5645646e-02
   1.5710422e-01   4.6846847e-02
   1.6083561e-01   4.8048048e-02
   1.6455340e-01   4.9249249e-02
   1.6825735e-01   5.0450450e-02
   1.7194726e-01   5.1651652e-02
   1.7562292e-01   5.2852853e-02
   1.7928413e-01   5.4054054e-02
   1.8293071e-01   5.5255255e-02
   1.8656246e-01   5.6456456e-02
   1.9017922e-01   5.7657658e-02
   1.9378081e-01   5.8858859e-02
   1.9736707e-01   6.0060060e-02
   2.0093785e-01   6.1261261e-02
   2.0449299e-01   6.2462462e-02
   2.0803236e-01   6.3663664e-02
   2.1155582e-01   6.4864865e-02
   2.1506325e-01   6.6066066e-02
   2.1855453e-01   6.7267267e-02
   2.2202953e-01   6.8468468e-02
   2.2548817e-01   6.9669670e-02
   2.2893033e-01   7.0870871e-02
   2.3235592e-01   7.2072072e-02
   2.3576487e-01   7.3273273e-02
   2.3915708e-01   7.4474474e-02
   2.4253249e-01   7.5675676e-02
   2.4589103e-01   7.6876877e-02
   2.4923264e-01   7.8078078e-02
   2.5255726e-01   7.9279279e-02
   2.5586485e-01   8.0480480e-02
   2.5915536e-01   8.1681682e-02
   2.6242875e-01   8.2882883e-02
   2.6568500e-01   8.4084084e-02
   2.6892409e-01   8.5285285e-02
   2.7214598e-01   8.6486486e-02
   2.7535067e-01   8.7687688e-02
   2.7853815e-01   8.8888889e-02
   2.8170841e-01   9.0090090e-02
   2.8486146e-01   9.1291291e-02
   2.8799729e-01   9.2492492e-02
   2.9111593e-01   9.3693694e-02
   2.9421739e-01   9.4894895e-02
   2.9730168e-01   9.6096096e-02
   3.0036884e-01   9.7297297e-02
   3.0341888e-01   9.8498498e-02
   3.0645185e-01   9.9699700e-02
   3.0946778e-01   1.0090090e-01
   3.1246671e-01   1.0210210e-01
   3.1544868e-01   1.0330330e-01
   3.1841375e-01   1.0450450e-01
   3.2136197e-01   1.0570571e-01
   3.2429338e-01   1.0690691e-01
   3.2720806e-01   1.0810811e-01
   3.3010605e-01   1.0930931e-01
   3.3298744e-01   1.1051051e-01
   3.3585228e-01   1.1171171e-01
   3.3870064e-01   1.1291291e-01
   3.4153260e-01   1.1411411e-01
   3.4434823e-01   1.1531532e-01
   3.4714762e-01   1.1651652e-01
   3.4993084e-01   1.1771772e-01
   3.5269798e-01   1.1891892e-01
   3.5544911e-01   1.2012012e-01
   3.5818434e-01   1.2132132e-01
   3.6090374e-01   1.2252252e-01
   3.6360742e-01   1.2372372e-01
   3.6629545e-01   1.2492492e-01
   3.6896794e-01   1.2612613e-01
   3.7162499e-01   1.2732733e-01
   3.7426668e-01   1.2852853e-01
   3.7689312e-01   1.2972973e-01
   3.7950441e-01   1.3093093e-01
   3.8210065e-01   1.3213213e-01
   3.8468194e-01   1.3333333e-01
   3.8724839e-01   1.3453453e-01
   3.8980010e-01   1.3573574e-01
   3.9233718e-01   1.3693694e-01
   3.9485972e-01   1.3813814e-01
   3.9736785e-01   1.3933934e-01
   3.9986166e-01   1.4054054e-01
   4.0234127e-01   1.4174174e-01
   4.0480678e-01   1.4294294e-01
   4.0725830e-01   1.4414414e-01
   4.0969595e-01   1.4534535e-01
   4.1211983e-01   1.4654655e-01
   4.1453005e-01   1.4774775e-01
   4.1692672e-01   1.4894895e-01
   4.1930995e-01   1.5015015e-01
   4.2167986e-01   1.5135135e-01
   4.2403655e-01   1.5255255e-01
   4.2638014e-01   1.5375375e-01
   4.2871073e-01   1.5495495e-01
   4.3102844e-01   1.5615616e-01
   4.3333337e-01   1.5735736e-01
   4.3562564e-01   1.5855856e-01
   4.3790536e-01   1.5975976e-01
   4.4017263e-01   1.6096096e-01
   4.4242757e-01   1.6216216e-01
   4.4467029e-01   1.6336336e-01
   4.4690089e-01   1.6456456e-01
   4.4911948e-01   1.6576577e-01
   4.5132617e-01   1.6696697e-01
   4.5352107e-01   1.6816817e-01
   4.5570429e-01   1.6936937e-01
   4.5787593e-01   1.7057057e-01
   4.6003610e-01   1.7177177e-01
   4.6218490e-01   1.7297297e-01
   4.6432244e-01   1.7417417e-01
   4.6644883e-01   1.7537538e-01
   4.6856416e-01   1.7657658e-01
   4.7066854e-01   1.7777778e-01
   4.7276208e-01   1.7897898e-01
   4.7484487e-01   1.8018018e-01
   4.7691702e-01   1.8138138e-01
   4.7897862e-01   1.8258258e-01
   4.8102978e-01   1.8378378e-01
   4.8307060e-01   1.8498498e-01
   4.8510117e-01   1.8618619e-01
   4.8712159e-01   1.8738739e-01
   4.8913196e-01   1.8858859e-01
   4.9113237e-01   1.8978979e-01
   4.9312292e-01   1.9099099e-01
   4.9510371e-01   1.9219219e-01
   4.9707482e-01   1.9339339e-01
   4.9903635e-01   1.9459459e-01
   5.0098840e-01   1.9579580e-01
   5.0293105e-01   1.9699700e-01
   5.0486439e-01   1.9819820e-01
   5.0678851e-01   1.9939940e-01
   5.0870351e-01   2.0060060e-01
   5.1060947e-01   2.0180180e-01
   5.1250647e-01   2.0300300e-01
   5.1439460e-01   2.0420420e-01
   5.1627396e-01   2.0540541e-01
   5.1814461e-01   2.0660661e-01
   5.2000665e-01   2.0780781e-01
   5.2186016e-01   2.0900901e-01
   5.2370522e-01   2.1021021e-01
   5.2554191e-01   2.1141141e-01
   5.2737032e-01   2.1261261e-01
   5.2919051e-01   2.1381381e-01
   5.3100257e-01   2.1501502e-01
   5.3280658e-01   2.1621622e-01
   5.3460261e-01   2.1741742e-01
   5.3639074e-01   2.1861862e-01
   5.3817104e-01   2.1981982e-01
   5.3994359e-01   2.2102102e-01
   5.4170846e-01   2.2222222e-01
   5.4346572e-01   2.2342342e-01
   5.4521544e-01   2.2462462e-01
   5.4695771e-01   2.2582583e-01
   5.4869257e-01   2.2702703e-01
   5.5042011e-01   2.2822823e-01
   5.5214039e-01   2.2942943e-01
   5.5385348e-01   2.3063063e-01
   5.5555944e-01   2.3183183e-01
   5.5725835e-01   2.3303303e-01
   5.5895026e-01   2.3423423e-01
   5.6063523e-01   2.3543544e-01
   5.6231334e-01   2.3663664e-01
   5.6398464e-01   2.3783784e-01
   5.6564920e-01   2.3903904e-01
   5.6730708e-01   2.4024024e-01
   5.6895832e-01   2.4144144e-01
   5.7060301e-01   2.4264264e-01
   5.7224118e-01   2.4384384e-01
   5.7387291e-01   2.4504505e-01
   5.7549824e-01   2.4624625e-01
   5.7711723e-01   2.4744745e-01
   5.7872994e-01   2.4864865e-01
   5.8033642e-01   2.4984985e-01
   5.8193673e-01   2.5105105e-01
   5.8353091e-01   2.5225225e-01
   5.8511902e-01   2.5345345e-01
   5.8670111e-01   2.5465465e-01
   5.8827723e-01   2.5585586e-01
   5.8984743e-01   2.5705706e-01
   5.9141176e-01   2.5825826e-01
   5.9297026e-01   2.5945946e-01
   5.9452299e-01   2.6066066e-01
   5.9606999e-01   2.6186186e-01
   5.9761131e-01   2.6306306e-01
   5.9914699e-01   2.6426426e-01
   6.0067707e-01   2.6546547e-01
   6.0220161e-01   2.6666667e-01
   6.0372064e-01   2.6786787e-01
   6.0523420e-01   2.6906907e-01
   6.0674234e-01   2.7027027e-01
   6.0824510e-01   2.7147147e-01
   6.0974252e-01   2.7267267e-01
   6.1123464e-01   2.7387387e-01
   6.1272150e-01   2.7507508e-01
   6.1420313e-01   2.7627628e-01
   6.1567958e-01   2.7747748e-01
   6.1715088e-01   2.7867868e-01
   6.1861706e-01   2.7987988e-01
   6.2007817e-01   2.8108108e-01
   6.2153424e-01   2.8228228e-01
   6.2298531e-01   2.8348348e-01
   6.2443140e-01   2.8468468e-01
   6.2587256e-01   2.8588589e-01
   6.2730880e-01   2.8708709e-01
   6.2874018e-01   2.8828829e-01
   6.3016672e-01   2.8948949e-01
   6.3158844e-01   2.9069069e-01
   6.3300539e-01   2.9189189e-01
   6.3441759e-01   2.9309309e-01
   6.3582507e-01   2.9429429e-01
   6.3722785e-01   2.9549550e-01
   6.3862598e-01   2.9669670e-01
   6.4001947e-01   2.9789790e-01
   6.4140836e-01   2.9909910e-01
   6.4279267e-01   3.0030030e-01
   6.4417243e-01   3.0150150e-01
   6.4554766e-01   3.0270270e-01
   6.4691839e-01   3.0390390e-01
   6.4828464e-01   3.0510511e-01
   6.4964644e-01   3.0630631e-01
   6.5100381e-01   3.0750751e-01
   6.5235679e-01   3.0870871e-01
   6.5370538e-01   3.0990991e-01
   6.5504961e-01   3.1111111e-01
   6.5638951e-01   3.1231231e-01
   6.5772510e-01   3.1351351e-01
   6.5905639e-01   3.1471471e-01
   6.6038341e-01   3.1591592e-01
   6.6170619e-01   3.1711712e-01
   6.6302473e-01   3.1831832e-01
   6.6433907e-01   3.1951952e-01
   6.6564922e-01   3.2072072e-01
   6.6695519e-01   3.2192192e-01
   6.6825701e-01   3.2312312e-01
   6.6955470e-01   3.2432432e-01
   6.7084828e-01   3.2552553e-01
   6.7213776e-01   3.2672673e-01
   6.7342315e-01   3.2792793e-01
   6.7470448e-01   3.2912913e-01
   6.7598177e-01   3.3033033e-01
   6.7725503e-01   3.3153153e-01
   6.7852427e-01   3.3273273e-01
   6.7978951e-01   3.3393393e-01
   6.8105077e-01   3.3513514e-01
   6.8230806e-01   3.3633634e-01
   6.8356140e-01   3.3753754e-01
   6.8481080e-01   3.3873874e-01
   6.8605628e-01   3.3993994e-01
   6.8729785e-01   3.4114114e-01
   6.8853551e-01   3.4234234e-01
   6.8976930e-01   3.4354354e-01
   6.9099922e-01   3.4474474e-01
   6.9222528e-01   3.4594595e-01
   6.9344750e-01   3.4714715e-01
   6.9466588e-01   3.4834835e-01
   6.9588045e-01   3.4954955e-01
   6.9709120e-01   3.5075075e-01
   6.9829817e-01   3.5195195e-01
   6.9950135e-01   3.5315315e-01
   7.0070075e-01   3.5435435e-01
   7.0189640e-01   3.5555556e-01
   7.0308829e-01   3.5675676e-01
   7.0427645e-01   3.5795796e-01
   7.0546087e-01   3.5915916e-01
   7.0664158e-01   3.6036036e-01
   7.0781858e-01   3.6156156e-01
   7.0899188e-01   3.6276276e-01
   7.1016149e-01   3.6396396e-01
   7.1132743e-01   3.6516517e-01
   7.1248969e-01   3.6636637e-01
   7.1364829e-01   3.6756757e-01
   7.1480325e-01   3.6876877e-01
   7.1595456e-01   3.6996997e-01
   7.1710224e-01   3.7117117e-01
   7.1824630e-01   3.7237237e-01
   7.1938674e-01   3.7357357e-01
   7.2052357e-01   3.7477477e-01
   7.2165681e-01   3.7597598e-01
   7.2278645e-01   3.7717718e-01
   7.2391252e-01   3.7837838e-01
   7.2503501e-01   3.7957958e-01
   7.2615394e-01   3.8078078e-01
   7.2726930e-01   3.8198198e-01
   7.2838112e-01   3.8318318e-01
   7.2948940e-01   3.8438438e-01
   7.3059414e-01   3.8558559e-01
   7.3169535e-01   3.8678679e-01
   7.3279304e-01   3.8798799e-01
   7.3388722e-01   3.8918919e-01
   7.3497790e-01   3.9039039e-01
   7.3606507e-01   3.9159159e-01
   7.3714875e-01   3.9279279e-01
   7.3822895e-01   3.9399399e-01
   7.3930568e-01   3.9519520e-01
   7.4037893e-01   3.9639640e-01
   7.4144871e-01   3.9759760e-01
   7.4251504e-01   3.9879880e-01
   7.4357792e-01   4.0000000e-01
   7.4463735e-01   4.0120120e-01
   7.4569335e-01   4.0240240e-01
   7.4674592e-01   4.0360360e-01
   7.4779506e-01   4.0480480e-01
   7.4884078e-01   4.0600601e-01
   7.4988309e-01   4.0720721e-01
   7.5092199e-01   4.0840841e-01
   7.5195750e-01   4.0960961e-01
   7.5298961e-01   4.1081081e-01
   7.5401833e-01   4.1201201e-01
   7.5504367e-01   4.1321321e-01
   7.5606564e-01   4.1441441e-01
   7.5708424e-01   4.1561562e-01
   7.5809948e-01   4.1681682e-01
   7.5911135e-01   4.1801802e-01
   7.6011988e-01   4.1921922e-01
   7.6112507e-01   4.2042042e-01
   7.6212691e-01   4.2162162e-01
   7.6312542e-01   4.2282282e-01
   7.6412061e-01   4.2402402e-01
   7.6511247e-01   4.2522523e-01
   7.6610102e-01   4.2642643e-01
   7.6708626e-01   4.2762763e-01
   7.6806820e-01   4.2882883e-01
   7.6904684e-01   4.3003003e-01
   7.7002219e-01   4.3123123e-01
   7.7099425e-01   4.3243243e-01
   7.7196303e-01   4.3363363e-01
   7.7292854e-01   4.3483483e-01
   7.7389078e-01   4.3603604e-01
   7.7484975e-01   4.3723724e-01
   7.7580548e-01   4.3843844e-01
   7.7675795e-01   4.3963964e-01
   7.7770717e-01   4.4084084e-01
   7.7865316e-01   4.4204204e-01
   7.7959591e-01   4.4324324e-01
   7.8053544e-01   4.4444444e-01
   7.8147174e-01   4.4564565e-01
   7.8240483e-01   4.4684685e-01
   7.8333471e-01   4.4804805e-01
   7.8426139e-01   4.4924925e-01
   7.8518487e-01   4.5045045e-01
   7.8610515e-01   4.5165165e-01
   7.8702225e-01   4.5285285e-01
   7.8793617e-01   4.5405405e-01
   7.8884692e-01   4.5525526e-01
   7.8975450e-01   4.5645646e-01
   7.9065891e-01   4.5765766e-01
   7.9156017e-01   4.5885886e-01
   7.9245828e-01   4.6006006e-01
   7.9335324e-01   4.6126126e-01
   7.9424507e-01   4.6246246e-01
   7.9513376e-01   4.6366366e-01
   7.9601933e-01   4.6486486e-01
   7.9690178e-01   4.6606607e-01
   7.9778111e-01   4.6726727e-01
   7.9865734e-01   4.6846847e-01
   7.9953046e-01   4.6966967e-01
   8.0040049e-01   4.7087087e-01
   8.0126743e-01   4.7207207e-01
   8.0213129e-01   4.7327327e-01
   8.0299207e-01   4.7447447e-01
   8.0384977e-01   4.7567568e-01
   8.0470441e-01   4.7687688e-01
   8.0555600e-01   4.7807808e-01
   8.0640453e-01   4.7927928e-01
   8.0725002e-01   4.8048048e-01
   8.0809246e-01   4.8168168e-01
   8.0893187e-01   4.8288288e-01
   8.0976826e-01   4.8408408e-01
   8.1060162e-01   4.8528529e-01
   8.1143198e-01   4.8648649e-01
   8.1225932e-01   4.8768769e-01
   8.1308366e-01   4.8888889e-01
   8.1390501e-01   4.9009009e-01
   8.1472336e-01   4.9129129e-01
   8.1553874e-01   4.9249249e-01
   8.1635114e-01   4.9369369e-01
   8.1716057e-01   4.9489489e-01
   8.1796704e-01   4.9609610e-01
   8.1877055e-01   4.9729730e-01
   8.1957111e-01   4.9849850e-01
   8.2036873e-01   4.9969970e-01
   8.2116341e-01   5.0090090e-01
   8.2195517e-01   5.0210210e-01
   8.2274400e-01   5.0330330e-01
   8.2352991e-01   5.0450450e-01
   8.2431292e-01   5.0570571e-01
   8.2509302e-01   5.0690691e-01
   8.2587023e-01   5.0810811e-01
   8.2664454e-01   5.0930931e-01
   8.2741598e-01   5.1051051e-01
   8.2818454e-01   5.1171171e-01
   8.2895022e-01   5.1291291e-01
   8.2971305e-01   5.1411411e-01
   8.3047302e-01   5.1531532e-01
   8.3123015e-01   5.1651652e-01
   8.3198443e-01   5.1771772e-01
   8.3273588e-01   5.1891892e-01
   8.3348449e-01   5.2012012e-01
   8.3423029e-01   5.2132132e-01
   8.3497328e-01   5.2252252e-01
   8.3571345e-01   5.2372372e-01
   8.3645083e-01   5.2492492e-01
   8.3718542e-01   5.2612613e-01
   8.3791722e-01   5.2732733e-01
   8.3864624e-01   5.2852853e-01
   8.3937248e-01   5.2972973e-01
   8.4009597e-01   5.3093093e-01
   8.4081669e-01   5.3213213e-01
   8.4153467e-01   5.3333333e-01
   8.4224990e-01   5.3453453e-01
   8.4296239e-01   5.3573574e-01
   8.4367216e-01   5.3693694e-01
   8.4437920e-01   5.3813814e-01
   8.4508353e-01   5.3933934e-01
   8.4578515e-01   5.4054054e-01
   8.4648408e-01   5.4174174e-01
   8.4718030e-01   5.4294294e-01
   8.4787384e-01   5.4414414e-01
   8.4856471e-01   5.4534535e-01
   8.4925290e-01   5.4654655e-01
   8.4993843e-01   5.4774775e-01
   8.5062130e-01   5.4894895e-01
   8.5130152e-01   5.5015015e-01
   8.5197909e-01   5.5135135e-01
   8.5265404e-01   5.5255255e-01
   8.5332635e-01   5.5375375e-01
   8.5399605e-01   5.5495495e-01
   8.5466313e-01   5.5615616e-01
   8.5532760e-01   5.5735736e-01
   8.5598948e-01   5.5855856e-01
   8.5664877e-01   5.5975976e-01
   8.5730547e-01   5.6096096e-01
   8.5795960e-01   5.6216216e-01
   8.5861116e-01   5.6336336e-01
   8.5926015e-01   5.6456456e-01
   8.5990659e-01   5.6576577e-01
   8.6055049e-01   5.6696697e-01
   8.6119185e-01   5.6816817e-01
   8.6183067e-01   5.6936937e-01
   8.6246697e-01   5.7057057e-01
   8.6310076e-01   5.7177177e-01
   8.6373203e-01   5.7297297e-01
   8.6436080e-01   5.7417417e-01
   8.6498708e-01   5.7537538e-01
   8.6561087e-01   5.7657658e-01
   8.6623219e-01   5.7777778e-01
   8.6685103e-01   5.7897898e-01
   8.6746740e-01   5.8018018e-01
   8.6808132e-01   5.8138138e-01
   8.6869279e-01   5.8258258e-01
   8.6930182e-01   5.8378378e-01
   8.6990842e-01   5.8498498e-01
   8.7051258e-01   5.8618619e-01
   8.7111433e-01   5.8738739e-01
   8.7171367e-01   5.8858859e-01
   8.7231060e-01   5.8978979e-01
   8.7290513e-01   5.9099099e-01
   8.7349728e-01   5.9219219e-01
   8.7408704e-01   5.9339339e-01
   8.7467443e-01   5.9459459e-01
   8.7525946e-01   5.9579580e-01
   8.7584212e-01   5.9699700e-01
   8.7642244e-01   5.9819820e-01
   8.7700041e-01   5.9939940e-01
   8.7757604e-01   6.0060060e-01
   8.7814935e-01   6.0180180e-01
   8.7872033e-01   6.0300300e-01
   8.7928900e-01   6.0420420e-01
   8.7985537e-01   6.0540541e-01
   8.8041943e-01   6.0660661e-01
   8.8098121e-01   6.0780781e-01
   8.8154070e-01   6.0900901e-01
   8.8209791e-01   6.1021021e-01
   8.8265286e-01   6.1141141e-01
   8.8320555e-01   6.1261261e-01
   8.8375598e-01   6.1381381e-01
   8.8430417e-01   6.1501502e-01
   8.8485012e-01   6.1621622e-01
   8.8539384e-01   6.1741742e-01
   8.8593534e-01   6.1861862e-01
   8.8647462e-01   6.1981982e-01
   8.8701169e-01   6.2102102e-01
   8.8754656e-01   6.2222222e-01
   8.8807924e-01   6.2342342e-01
   8.8860974e-01   6.2462462e-01
   8.8913806e-01   6.2582583e-01
   8.8966420e-01   6.2702703e-01
   8.9018819e-01   6.2822823e-01
   8.9071001e-01   6.2942943e-01
   8.9122969e-01   6.3063063e-01
   8.9174724e-01   6.3183183e-01
   8.9226264e-01   6.3303303e-01
   8.9277593e-01   6.3423423e-01
   8.9328709e-01   6.3543544e-01
   8.9379614e-01   6.3663664e-01
   8.9430310e-01   6.3783784e-01
   8.9480795e-01   6.3903904e-01
   8.9531072e-01   6.4024024e-01
   8.9581141e-01   6.4144144e-01
   8.9631002e-01   6.4264264e-01
   8.9680657e-01   6.4384384e-01
   8.9730106e-01   6.4504505e-01
   8.9779350e-01   6.4624625e-01
   8.9828390e-01   6.4744745e-01
   8.9877226e-01   6.4864865e-01
   8.9925859e-01   6.4984985e-01
   8.9974290e-01   6.5105105e-01
   9.0022520e-01   6.5225225e-01
   9.0070549e-01   6.5345345e-01
   9.0118379e-01   6.5465465e-01
   9.0166009e-01   6.5585586e-01
   9.0213440e-01   6.5705706e-01
   9.0260674e-01   6.5825826e-01
   9.0307711e-01   6.5945946e-01
   9.0354552e-01   6.6066066e-01
   9.0401197e-01   6.6186186e-01
   9.0447648e-01   6.6306306e-01
   9.0493904e-01   6.6426426e-01
   9.0539967e-01   6.6546547e-01
   9.0585838e-01   6.6666667e-01
   9.0631517e-01   6.6786787e-01
   9.0677004e-01   6.6906907e-01
   9.0722301e-01   6.7027027e-01
   9.0767409e-01   6.7147147e-01
   9.0812327e-01   6.7267267e-01
   9.0857058e-01   6.7387387e-01
   9.0901601e-01   6.7507508e-01
   9.0945957e-01   6.7627628e-01
   9.0990126e-01   6.7747748e-01
   9.1034111e-01   6.7867868e-01
   9.1077911e-01   6.7987988e-01
   9.1121527e-01   6.8108108e-01
   9.1164960e-01   6.8228228e-01
   9.1208210e-01   6.8348348e-01
   9.1251278e-01   6.8468468e-01
   9.1294166e-01   6.8588589e-01
   9.1336872e-01   6.8708709e-01
   9.1379400e-01   6.8828829e-01
   9.1421748e-01   6.8948949e-01
   9.1463918e-01   6.9069069e-01
   9.1505910e-01   6.9189189e-01
   9.1547726e-01   6.9309309e-01
   9.1589365e-01   6.9429429e-01
   9.1630829e-01   6.9549550e-01
   9.1672119e-01   6.9669670e-01
   9.1713234e-01   6.9789790e-01
   9.1754175e-01   6.9909910e-01
   9.1794944e-01   7.0030030e-01
   9.1835541e-01   7.0150150e-01
   9.1875967e-01   7.0270270e-01
   9.1916222e-01   7.0390390e-01
   9.1956308e-01   7.0510511e-01
   9.1996223e-01   7.0630631e-01
   9.2035971e-01   7.0750751e-01
   9.2075550e-01   7.0870871e-01
   9.2114963e-01   7.0990991e-01
   9.2154208e-01   7.1111111e-01
   9.2193288e-01   7.1231231e-01
   9.2232203e-01   7.1351351e-01
   9.2270954e-01   7.1471471e-01
   9.2309540e-01   7.1591592e-01
   9.2347963e-01   7.1711712e-01
   9.2386224e-01   7.1831832e-01
   9.2424323e-01   7.1951952e-01
   9.2462261e-01   7.2072072e-01
   9.2500039e-01   7.2192192e-01
   9.2537657e-01   7.2312312e-01
   9.2575115e-01   7.2432432e-01
   9.2612415e-01   7.2552553e-01
   9.2649558e-01   7.2672673e-01
   9.2686543e-01   7.2792793e-01
   9.2723371e-01   7.2912913e-01
   9.2760044e-01   7.3033033e-01
   9.2796562e-01   7.3153153e-01
   9.2832925e-01   7.3273273e-01
   9.2869134e-01   7.3393393e-01
   9.2905190e-01   7.3513514e-01
   9.2941093e-01   7.3633634e-01
   9.2976845e-01   7.3753754e-01
   9.3012445e-01   7.3873874e-01
   9.3047894e-01   7.3993994e-01
   9.3083193e-01   7.4114114e-01
   9.3118343e-01   7.4234234e-01
   9.3153345e-01   7.4354354e-01
   9.3188198e-01   7.4474474e-01
   9.3222903e-01   7.4594595e-01
   9.3257462e-01   7.4714715e-01
   9.3291875e-01   7.4834835e-01
   9.3326142e-01   7.4954955e-01
   9.3360263e-01   7.5075075e-01
   9.3394241e-01   7.5195195e-01
   9.3428075e-01   7.5315315e-01
   9.3461766e-01   7.5435435e-01
   9.3495314e-01   7.5555556e-01
   9.3528721e-01   7.5675676e-01
   9.3561986e-01   7.5795796e-01
   9.3595110e-01   7.5915916e-01
   9.3628095e-01   7.6036036e-01
   9.3660940e-01   7.6156156e-01
   9.3693646e-01   7.6276276e-01
   9.3726214e-01   7.6396396e-01
   9.3758645e-01   7.6516517e-01
   9.3790938e-01   7.6636637e-01
   9.3823096e-01   7.6756757e-01
   9.3855117e-01   7.6876877e-01
   9.3887003e-01   7.6996997e-01
   9.3918755e-01   7.7117117e-01
   9.3950372e-01   7.7237237e-01
   9.3981856e-01   7.7357357e-01
   9.4013208e-01   7.7477477e-01
   9.4044427e-01   7.7597598e-01
   9.4075514e-01   7.7717718e-01
   9.4106470e-01   7.7837838e-01
   9.4137296e-01   7.7957958e-01
   9.4167992e-01   7.8078078e-01
   9.4198559e-01   7.8198198e-01
   9.4228997e-01   7.8318318e-01
   9.4259306e-01   7.8438438e-01
   9.4289488e-01   7.8558559e-01
   9.4319544e-01   7.8678679e-01
   9.4349472e-01   7.8798799e-01
   9.4379275e-01   7.8918919e-01
   9.4408952e-01   7.9039039e-01
   9.4438505e-01   7.9159159e-01
   9.4467934e-01   7.9279279e-01
   9.4497238e-01   7.9399399e-01
   9.4526420e-01   7.9519520e-01
   9.4555479e-01   7.9639640e-01
   9.4584417e-01   7.9759760e-01
   9.4613233e-01   7.9879880e-01
   9.4641928e-01   8.0000000e-01
   9.4670502e-01   8.0120120e-01
   9.4698957e-01   8.0240240e-01
   9.4727293e-01   8.0360360e-01
   9.4755510e-01   8.0480480e-01
   9.4783609e-01   8.0600601e-01
   9.4811591e-01   8.0720721e-01
   9.4839455e-01   8.0840841e-01
   9.4867203e-01   8.0960961e-01
   9.4894834e-01   8.1081081e-01
   9.4922351e-01   8.1201201e-01
   9.4949752e-01   8.1321321e-01
   9.4977039e-01   8.1441441e-01
   9.5004212e-01   8.1561562e-01
   9.5031272e-01   8.1681682e-01
   9.5058219e-01   8.1801802e-01
   9.5085054e-01   8.1921922e-01
   9.5111777e-01   8.2042042e-01
   9.5138389e-01   8.2162162e-01
   9.5164890e-01   8.2282282e-01
   9.5191280e-01   8.2402402e-01
   9.5217561e-01   8.2522523e-01
   9.5243733e-01   8.2642643e-01
   9.5269796e-01   8.2762763e-01
   9.5295751e-01   8.2882883e-01
   9.5321598e-01   8.3003003e-01
   9.5347338e-01   8.3123123e-01
   9.5372972e-01   8.3243243e-01
   9.5398499e-01   8.3363363e-01
   9.5423920e-01   8.3483483e-01
   9.5449237e-01   8.3603604e-01
   9.5474448e-01   8.3723724e-01
   9.5499556e-01   8.3843844e-01
   9.5524559e-01   8.3963964e-01
   9.5549460e-01   8.4084084e-01
   9.5574257e-01   8.4204204e-01
   9.5598953e-01   8.4324324e-01
   9.5623547e-01   8.4444444e-01
   9.5648039e-01   8.4564565e-01
   9.5672430e-01   8.4684685e-01
   9.5696721e-01   8.4804805e-01
   9.5720913e-01   8.4924925e-01
   9.5745005e-01   8.5045045e-01
   9.5768998e-01   8.5165165e-01
   9.5792892e-01   8.5285285e-01
   9.5816689e-01   8.5405405e-01
   9.5840388e-01   8.5525526e-01
   9.5863990e-01   8.5645646e-01
   9.5887495e-01   8.5765766e-01
   9.5910904e-01   8.5885886e-01
   9.5934217e-01   8.6006006e-01
   9.5957436e-01   8.6126126e-01
   9.5980559e-01   8.6246246e-01
   9.6003588e-01   8.6366366e-01
   9.6026524e-01   8.6486486e-01
   9.6049366e-01   8.6606607e-01
   9.6072114e-01   8.6726727e-01
   9.6094771e-01   8.6846847e-01
   9.6117335e-01   8.6966967e-01
   9.6139808e-01   8.7087087e-01
   9.6162189e-01   8.7207207e-01
   9.6184480e-01   8.7327327e-01
   9.6206680e-01   8.7447447e-01
   9.6228791e-01   8.7567568e-01
   9.6250812e-01   8.7687688e-01
   9.6272744e-01   8.7807808e-01
   9.6294587e-01   8.7927928e-01
   9.6316342e-01   8.8048048e-01
   9.6338010e-01   8.8168168e-01
   9.6359590e-01   8.8288288e-01
   9.6381083e-01   8.8408408e-01
   9.6402490e-01   8.8528529e-01
   9.6423811e-01   8.8648649e-01
   9.6445046e-01   8.8768769e-01
   9.6466195e-01   8.8888889e-01
   9.6487260e-01   8.9009009e-01
   9.6508241e-01   8.9129129e-01
   9.6529138e-01   8.9249249e-01
   9.6549951e-01   8.9369369e-01
   9.6570680e-01   8.9489489e-01
   9.6591327e-01   8.9609610e-01
   9.6611892e-01   8.9729730e-01
   9.6632375e-01   8.9849850e-01
   9.6652776e-01   8.9969970e-01
   9.6673096e-01   9.0090090e-01
   9.6693335e-01   9.0210210e-01
   9.6713494e-01   9.0330330e-01
   9.6733573e-01   9.0450450e-01
   9.6753572e-01   9.0570571e-01
   9.6773492e-01   9.0690691e-01
   9.6793333e-01   9.0810811e-01
   9.6813096e-01   9.0930931e-01
   9.6832781e-01   9.1051051e-01
   9.6852388e-01   9.1171171e-01
   9.6871917e-01   9.1291291e-01
   9.6891370e-01   9.1411411e-01
   9.6910746e-01   9.1531532e-01
   9.6930047e-01   9.1651652e-01
   9.6949271e-01   9.1771772e-01
   9.6968420e-01   9.1891892e-01
   9.6987494e-01   9.2012012e-01
   9.7006493e-01   9.2132132e-01
   9.7025418e-01   9.2252252e-01
   9.7044269e-01   9.2372372e-01
   9.7063046e-01   9.2492492e-01
   9.7081751e-01   9.2612613e-01
   9.7100382e-01   9.2732733e-01
   9.7118941e-01   9.2852853e-01
   9.7137428e-01   9.2972973e-01
   9.7155843e-01   9.3093093e-01
   9.7174186e-01   9.3213213e-01
   9.7192459e-01   9.3333333e-01
   9.7210661e-01   9.3453453e-01
   9.7228792e-01   9.3573574e-01
   9.7246854e-01   9.3693694e-01
   9.7264845e-01   9.3813814e-01
   9.7282768e-01   9.3933934e-01
   9.7300621e-01   9.4054054e-01
   9.7318406e-01   9.4174174e-01
   9.7336123e-01   9.4294294e-01
   9.7353771e-01   9.4414414e-01
   9.7371352e-01   9.4534535e-01
   9.7388866e-01   9.4654655e-01
   9.7406313e-01   9.4774775e-01
   9.7423693e-01   9.4894895e-01
   9.7441007e-01   9.5015015e-01
   9.7458254e-01   9.5135135e-01
   9.7475437e-01   9.5255255e-01
   9.7492554e-01   9.5375375e-01
   9.7509606e-01   9.5495495e-01
   9.7526593e-01   9.5615616e-01
   9.7543516e-01   9.5735736e-01
   9.7560375e-01   9.5855856e-01
   9.7577170e-01   9.5975976e-01
   9.7593902e-01   9.6096096e-01
   9.7610571e-01   9.6216216e-01
   9.7627178e-01   9.6336336e-01
   9.7643721e-01   9.6456456e-01
   9.7660203e-01   9.6576577e-01
   9.7676623e-01   9.6696697e-01
   9.7692981e-01   9.6816817e-01
   9.7709278e-01   9.6936937e-01
   9.7725515e-01   9.7057057e-01
   9.7741690e-01   9.7177177e-01
   9.7757806e-01   9.7297297e-01
   9.7773861e-01   9.7417417e-01
   9.7789857e-01   9.7537538e-01
   9.7805793e-01   9.7657658e-01
   9.7821671e-01   9.7777778e-01
   9.7837489e-01   9.7897898e-01
   9.7853249e-01   9.8018018e-01
   9.7868951e-01   9.8138138e-01
   9.7884595e-01   9.8258258e-01
   9.7900182e-01   9.8378378e-01
   9.7915711e-01   9.8498498e-01
   9.7931183e-01   9.8618619e-01
   9.7946598e-01   9.8738739e-01
   9.7961957e-01   9.8858859e-01
   9.7977260e-01   9.8978979e-01
   9.7992507e-01   9.9099099e-01
   9.8007698e-01   9.9219219e-01
   9.8022834e-01   9.9339339e-01
   9.8037915e-01   9.9459459e-01
   9.8052941e-01   9.9579580e-01
   9.8067912e-01   9.9699700e-01
   9.8082830e-01   9.9819820e-01
   9.8097693e-01   9.9939940e-01
   9.8112503e-01   1.0006006e+00
   9.8127259e-01   1.0018018e+00
   9.8141962e-01   1.0030030e+00
   9.8156613e-01   1.0042042e+00
   9.8171210e-01   1.0054054e+00
   9.8185756e-01   1.0066066e+00
   9.8200249e-01   1.0078078e+00
   9.8214690e-01   1.0090090e+00
   9.8229080e-01   1.0102102e+00
   9.8243419e-01   1.0114114e+00
   9.8257706e-01   1.0126126e+00
   9.8271943e-01   1.0138138e+00
   9.8286130e-01   1.0150150e+00
   9.8300266e-01   1.0162162e+00
   9.8314352e-01   1.0174174e+00
   9.8328388e-01   1.0186186e+00
   9.8342375e-01   1.0198198e+00
   9.8356312e-01   1.0210210e+00
   9.8370201e-01   1.0222222e+00
   9.8384040e-01   1.0234234e+00
   9.8397831e-01   1.0246246e+00
   9.8411574e-01   1.0258258e+00
   9.8425269e-01   1.0270270e+00
   9.8438916e-01   1.0282282e+00
   9.8452516e-01   1.0294294e+00
   9.8466068e-01   1.0306306e+00
   9.8479574e-01   1.0318318e+00
   9.8493032e-01   1.0330330e+00
   9.8506444e-01   1.0342342e+00
   9.8519809e-01   1.0354354e+00
   9.8533129e-01   1.0366366e+00
   9.8546402e-01   1.0378378e+00
   9.8559630e-01   1.0390390e+00
   9.8572812e-01   1.0402402e+00
   9.8585949e-01   1.0414414e+00
   9.8599042e-01   1.0426426e+00
   9.8612089e-01   1.0438438e+00
   9.8625092e-01   1.0450450e+00
   9.8638051e-01   1.0462462e+00
   9.8650966e-01   1.0474474e+00
   9.8663837e-01   1.0486486e+00
   9.8676664e-01   1.0498498e+00
   9.8689448e-01   1.0510511e+00
   9.8702188e-01   1.0522523e+00
   9.8714886e-01   1.0534535e+00
   9.8727541e-01   1.0546547e+00
   9.8740153e-01   1.0558559e+00
   9.8752724e-01   1.0570571e+00
   9.8765252e-01   1.0582583e+00
   9.8777738e-01   1.0594595e+00
   9.8790182e-01   1.0606607e+00
   9.8802585e-01   1.0618619e+00
   9.8814947e-01   1.0630631e+00
   9.8827268e-01   1.0642643e+00
   9.8839548e-01   1.0654655e+00
   9.8851787e-01   1.0666667e+00
   9.8863986e-01   1.0678679e+00
   9.8876145e-01   1.0690691e+00
   9.8888264e-01   1.0702703e+00
   9.8900343e-01   1.0714715e+00
   9.8912382e-01   1.0726727e+00
   9.8924382e-01   1.0738739e+00
   9.8936343e-01   1.0750751e+00
   9.8948264e-01   1.0762763e+00
   9.8960147e-01   1.0774775e+00
   9.8971992e-01   1.0786787e+00
   9.8983797e-01   1.0798799e+00
   9.8995565e-01   1.0810811e+00
   9.9007295e-01   1.0822823e+00
   9.9018987e-01   1.0834835e+00
   9.9030641e-01   1.0846847e+00
   9.9042258e-01   1.0858859e+00
   9.9053837e-01   1.0870871e+00
   9.9065379e-01   1.0882883e+00
   9.9076885e-01   1.0894895e+00
   9.9088354e-01   1.0906907e+00
   9.9099786e-01   1.0918919e+00
   9.9111182e-01   1.0930931e+00
   9.9122542e-01   1.0942943e+00
   9.9133866e-01   1.0954955e+00
   9.9145154e-01   1.0966967e+00
   9.9156407e-01   1.0978979e+00
   9.9167624e-01   1.0990991e+00
   9.9178806e-01   1.1003003e+00
   9.9189952e-01   1.1015015e+00
   9.9201064e-01   1.1027027e+00
   9.9212142e-01   1.1039039e+00
   9.9223184e-01   1.1051051e+00
   9.9234193e-01   1.1063063e+00
   9.9245167e-01   1.1075075e+00
   9.9256107e-01   1.1087087e+00
   9.9267014e-01   1.1099099e+00
   9.9277886e-01   1.1111111e+00
   9.9288726e-01   1.1123123e+00
   9.9299531e-01   1.1135135e+00
   9.9310304e-01   1.1147147e+00
   9.9321044e-01   1.1159159e+00
   9.9331751e-01   1.1171171e+00
   9.9342425e-01   1.1183183e+00
   9.9353067e-01   1.1195195e+00
   9.9363677e-01   1.1207207e+00
   9.9374254e-01   1.1219219e+00
   9.9384799e-01   1.1231231e+00
   9.9395313e-01   1.1243243e+00
   9.9405795e-01   1.1255255e+00
   9.9416245e-01   1.1267267e+00
   9.9426664e-01   1.1279279e+00
   9.9437052e-01   1.1291291e+00
   9.9447409e-01   1.1303303e+00
   9.9457735e-01   1.1315315e+00
   9.9468030e-01   1.1327327e+00
   9.9478294e-01   1.1339339e+00
   9.9488529e-01   1.1351351e+00
   9.9498733e-01   1.1363363e+00
   9.9508906e-01   1.1375375e+00
   9.9519050e-01   1.1387387e+00
   9.9529164e-01   1.1399399e+00
   9.9539249e-01   1.1411411e+00
   9.9549304e-01   1.1423423e+00
   9.9559329e-01   1.1435435e+00
   9.9569326e-01   1.1447447e+00
   9.9579293e-01   1.1459459e+00
   9.9589231e-01   1.1471471e+00
   9.9599141e-01   1.1483483e+00
   9.9609022e-01   1.1495495e+00
   9.9618875e-01   1.1507508e+00
   9.9628699e-01   1.1519520e+00
   9.9638495e-01   1.1531532e+00
   9.9648263e-01   1.1543544e+00
   9.9658003e-01   1.1555556e+00
   9.9667715e-01   1.1567568e+00
   9.9677400e-01   1.1579580e+00
   9.9687057e-01   1.1591592e+00
   9.9696687e-01   1.1603604e+00
   9.9706290e-01   1.1615616e+00
   9.9715865e-01   1.1627628e+00
   9.9725414e-01   1.1639640e+00
   9.9734936e-01   1.1651652e+00
   9.9744431e-01   1.1663664e+00
   9.9753900e-01   1.1675676e+00
   9.9763342e-01   1.1687688e+00
   9.9772758e-01   1.1699700e+00
   9.9782148e-01   1.1711712e+00
   9.9791512e-01   1.1723724e+00
   9.9800850e-01   1.1735736e+00
   9.9810162e-01   1.1747748e+00
   9.9819449e-01   1.1759760e+00
   9.9828710e-01   1.1771772e+00
   9.9837946e-01   1.1783784e+00
   9.9847157e-01   1.1795796e+00
   9.9856342e-01   1.1807808e+00
   9.9865503e-01   1.1819820e+00
   9.9874639e-01   1.1831832e+00
   9.9883750e-01   1.1843844e+00
   9.9892836e-01   1.1855856e+00
   9.9901898e-01   1.1867868e+00
   9.9910936e-01   1.1879880e+00
   9.9919949e-01   1.1891892e+00
   9.9928939e-01   1.1903904e+00
   9.9937904e-01   1.1915916e+00
   9.9946846e-01   1.1927928e+00
   9.9955763e-01   1.1939940e+00
   9.9964657e-01   1.1951952e+00
   9.9973528e-01   1.1963964e+00
   9.9982375e-01   1.1975976e+00
   9.9991199e-01   1.1987988e+00
   1.0000000e+00   1.2000000e+00
