   3.9788955e-03   0.0000000e+00
   7.9576200e-03   1.2012012e-03
   1.1935831e-02   2.4024024e-03
   1.5913188e-02   3.6036036e-03
   1.9889349e-02   4.8048048e-03
   2.3863972e-02   6.0060060e-03
   2.7836719e-02   7.2072072e-03
   3.1807250e-02   8.4084084e-03
   3.5775226e-02   9.6096096e-03
   3.9740312e-02   1.0810811e-02
   4.3702172e-02   1.2012012e-02
   4.7660473e-02   1.3213213e-02
   5.1614881e-02   1.4414414e-02
   5.5565067e-02   1.5615616e-02
   5.9510704e-02   1.6816817e-02
   6.3451464e-02   1.8018018e-02
   6.7387025e-02   1.9219219e-02
   7.1317065e-02   2.0420420e-02
   7.5241266e-02   2.1621622e-02
   7.9159313e-02   2.2822823e-02
   8.3070892e-02   2.4024024e-02
   8.6975695e-02   2.5225225e-02
   9.0873414e-02   2.6426426e-02
   9.4763747e-02   2.7627628e-02
   9.8646394e-02   2.8828829e-02
   1.0252106e-01   3.0030030e-02
   1.0638745e-01   3.1231231e-02
   1.1024528e-01   3.2432432e-02
   1.1409426e-01   3.3633634e-02
   1.1793411e-01   3.4834835e-02
   1.2176456e-01   3.6036036e-02
   1.2558533e-01   3.7237237e-02
   1.2939616e-01   3.8438438e-02
   1.3319678e-01   3.9639640e-02
   1.3698694e-01   4.0840841e-02
   1.4076637e-01   4.2042042e-02
   1.4453484e-01   4.3243243e-02
   1.4829209e-01   4.4444444e-02
   1.5203789e-01   4.5645646e-02
   1.5577200e-01   4.6846847e-02
   1.5949420e-01   4.8048048e-02
   1.6320425e-01   4.9249249e-02
   1.6690194e-01   5.0450450e-02
   1.7058705e-01   5.1651652e-02
   1.7425938e-01   5.2852853e-02
   1.7791871e-01   5.4054054e-02
   1.8156486e-01   5.5255255e-02
   1.8519763e-01   5.6456456e-02
   1.8881683e-01   5.7657658e-02
   1.9242228e-01   5.8858859e-02
   1.9601380e-01   6.0060060e-02
   1.9959123e-01   6.1261261e-02
   2.0315438e-01   6.2462462e-02
   2.0670311e-01   6.3663664e-02
   2.1023725e-01   6.4864865e-02
   2.1375667e-01   6.6066066e-02
   2.1726121e-01   6.7267267e-02
   2.2075073e-01   6.8468468e-02
   2.2422510e-01   6.9669670e-02
   2.2768420e-01   7.0870871e-02
   2.3112790e-01   7.2072072e-02
   2.3455609e-01   7.3273273e-02
   2.3796864e-01   7.4474474e-02
   2.4136547e-01   7.5675676e-02
   2.4474646e-01   7.6876877e-02
   2.4811151e-01   7.8078078e-02
   2.5146055e-01   7.9279279e-02
   2.5479348e-01   8.0480480e-02
   2.5811022e-01   8.1681682e-02
   2.6141070e-01   8.2882883e-02
   2.6469484e-01   8.4084084e-02
   2.6796259e-01   8.5285285e-02
   2.7121389e-01   8.6486486e-02
   2.7444867e-01   8.7687688e-02
   2.7766688e-01   8.8888889e-02
   2.8086849e-01   9.0090090e-02
   2.8405345e-01   9.1291291e-02
   2.8722172e-01   9.2492492e-02
   2.9037328e-01   9.3693694e-02
   2.9350809e-01   9.4894895e-02
   2.9662614e-01   9.6096096e-02
   2.9972740e-01   9.7297297e-02
   3.0281186e-01   9.8498498e-02
   3.0587952e-01   9.9699700e-02
   3.0893036e-01   1.0090090e-01
   3.1196438e-01   1.0210210e-01
   3.1498159e-01   1.0330330e-01
   3.1798200e-01   1.0450450e-01
   3.2096561e-01   1.0570571e-01
   3.2393243e-01   1.0690691e-01
   3.2688249e-01   1.0810811e-01
   3.2981581e-01   1.0930931e-01
   3.3273241e-01   1.1051051e-01
   3.3563232e-01   1.1171171e-01
   3.3851557e-01   1.1291291e-01
   3.4138220e-01   1.1411411e-01
   3.4423224e-01   1.1531532e-01
   3.4706574e-01   1.1651652e-01
   3.4988273e-01   1.1771772e-01
   3.5268328e-01   1.1891892e-01
   3.5546742e-01   1.2012012e-01
   3.5823521e-01   1.2132132e-01
   3.6098670e-01   1.2252252e-01
   3.6372196e-01   1.2372372e-01
   3.6644104e-01   1.2492492e-01
   3.6914401e-01   1.2612613e-01
   3.7183093e-01   1.2732733e-01
   3.7450187e-01   1.2852853e-01
   3.7715689e-01   1.2972973e-01
   3.7979608e-01   1.3093093e-01
   3.8241951e-01   1.3213213e-01
   3.8502724e-01   1.3333333e-01
   3.8761937e-01   1.3453453e-01
   3.9019596e-01   1.3573574e-01
   3.9275710e-01   1.3693694e-01
   3.9530288e-01   1.3813814e-01
   3.9783337e-01   1.3933934e-01
   4.0034867e-01   1.4054054e-01
   4.0284886e-01   1.4174174e-01
   4.0533403e-01   1.4294294e-01
   4.0780426e-01   1.4414414e-01
   4.1025967e-01   1.4534535e-01
   4.1270032e-01   1.4654655e-01
   4.1512633e-01   1.4774775e-01
   4.1753777e-01   1.4894895e-01
   4.1993476e-01   1.5015015e-01
   4.2231739e-01   1.5135135e-01
   4.2468574e-01   1.5255255e-01
   4.2703993e-01   1.5375375e-01
   4.2938006e-01   1.5495495e-01
   4.3170621e-01   1.5615616e-01
   4.3401850e-01   1.5735736e-01
   4.3631701e-01   1.5855856e-01
   4.3860187e-01   1.5975976e-01
   4.4087316e-01   1.6096096e-01
   4.4313099e-01   1.6216216e-01
   4.4537546e-01   1.6336336e-01
   4.4760668e-01   1.6456456e-01
   4.4982475e-01   1.6576577e-01
   4.5202978e-01   1.6696697e-01
   4.5422186e-01   1.6816817e-01
   4.5640110e-01   1.6936937e-01
   4.5856761e-01   1.7057057e-01
   4.6072148e-01   1.7177177e-01
   4.6286284e-01   1.7297297e-01
   4.6499177e-01   1.7417417e-01
   4.6710839e-01   1.7537538e-01
   4.6921279e-01   1.7657658e-01
   4.7130509e-01   1.7777778e-01
   4.7338538e-01   1.7897898e-01
   4.7545378e-01   1.8018018e-01
   4.7751038e-01   1.8138138e-01
   4.7955528e-01   1.8258258e-01
   4.8158860e-01   1.8378378e-01
   4.8361043e-01   1.8498498e-01
   4.8562088e-01   1.8618619e-01
   4.8762004e-01   1.8738739e-01
   4.8960803e-01   1.8858859e-01
   4.9158494e-01   1.8978979e-01
   4.9355087e-01   1.9099099e-01
   4.9550593e-01   1.9219219e-01
   4.9745021e-01   1.9339339e-01
   4.9938381e-01   1.9459459e-01
   5.0130684e-01   1.9579580e-01
   5.0321938e-01   1.9699700e-01
   5.0512155e-01   1.9819820e-01
   5.0701344e-01   1.9939940e-01
   5.0889514e-01   2.0060060e-01
   5.1076675e-01   2.0180180e-01
   5.1262837e-01   2.0300300e-01
   5.1448009e-01   2.0420420e-01
   5.1632201e-01   2.0540541e-01
   5.1815421e-01   2.0660661e-01
   5.1997681e-01   2.0780781e-01
   5.2178988e-01   2.0900901e-01
   5.2359351e-01   2.1021021e-01
   5.2538781e-01   2.1141141e-01
   5.2717286e-01   2.1261261e-01
   5.2894875e-01   2.1381381e-01
   5.3071557e-01   2.1501502e-01
   5.3247341e-01   2.1621622e-01
   5.3422236e-01   2.1741742e-01
   5.3596250e-01   2.1861862e-01
   5.3769392e-01   2.1981982e-01
   5.3941670e-01   2.2102102e-01
   5.4113094e-01   2.2222222e-01
   5.4283671e-01   2.2342342e-01
   5.4453409e-01   2.2462462e-01
   5.4622318e-01   2.2582583e-01
   5.4790405e-01   2.2702703e-01
   5.4957678e-01   2.2822823e-01
   5.5124146e-01   2.2942943e-01
   5.5289816e-01   2.3063063e-01
   5.5454696e-01   2.3183183e-01
   5.5618795e-01   2.3303303e-01
   5.5782119e-01   2.3423423e-01
   5.5944676e-01   2.3543544e-01
   5.6106474e-01   2.3663664e-01
   5.6267521e-01   2.3783784e-01
   5.6427823e-01   2.3903904e-01
   5.6587389e-01   2.4024024e-01
   5.6746225e-01   2.4144144e-01
   5.6904338e-01   2.4264264e-01
   5.7061737e-01   2.4384384e-01
   5.7218427e-01   2.4504505e-01
   5.7374415e-01   2.4624625e-01
   5.7529710e-01   2.4744745e-01
   5.7684316e-01   2.4864865e-01
   5.7838242e-01   2.4984985e-01
   5.7991493e-01   2.5105105e-01
   5.8144076e-01   2.5225225e-01
   5.8295999e-01   2.5345345e-01
   5.8447266e-01   2.5465465e-01
   5.8597885e-01   2.5585586e-01
   5.8747861e-01   2.5705706e-01
   5.8897202e-01   2.5825826e-01
   5.9045912e-01   2.5945946e-01
   5.9193999e-01   2.6066066e-01
   5.9341467e-01   2.6186186e-01
   5.9488324e-01   2.6306306e-01
   5.9634574e-01   2.6426426e-01
   5.9780224e-01   2.6546547e-01
   5.9925279e-01   2.6666667e-01
   6.0069745e-01   2.6786787e-01
   6.0213627e-01   2.6906907e-01
   6.0356931e-01   2.7027027e-01
   6.0499662e-01   2.7147147e-01
   6.0641825e-01   2.7267267e-01
   6.0783426e-01   2.7387387e-01
   6.0924470e-01   2.7507508e-01
   6.1064962e-01   2.7627628e-01
   6.1204908e-01   2.7747748e-01
   6.1344311e-01   2.7867868e-01
   6.1483177e-01   2.7987988e-01
   6.1621511e-01   2.8108108e-01
   6.1759318e-01   2.8228228e-01
   6.1896602e-01   2.8348348e-01
   6.2033367e-01   2.8468468e-01
   6.2169620e-01   2.8588589e-01
   6.2305363e-01   2.8708709e-01
   6.2440602e-01   2.8828829e-01
   6.2575341e-01   2.8948949e-01
   6.2709584e-01   2.9069069e-01
   6.2843336e-01   2.9189189e-01
   6.2976600e-01   2.9309309e-01
   6.3109382e-01   2.9429429e-01
   6.3241684e-01   2.9549550e-01
   6.3373511e-01   2.9669670e-01
   6.3504867e-01   2.9789790e-01
   6.3635756e-01   2.9909910e-01
   6.3766182e-01   3.0030030e-01
   6.3896148e-01   3.0150150e-01
   6.4025659e-01   3.0270270e-01
   6.4154718e-01   3.0390390e-01
   6.4283328e-01   3.0510511e-01
   6.4411493e-01   3.0630631e-01
   6.4539217e-01   3.0750751e-01
   6.4666503e-01   3.0870871e-01
   6.4793355e-01   3.0990991e-01
   6.4919775e-01   3.1111111e-01
   6.5045768e-01   3.1231231e-01
   6.5171336e-01   3.1351351e-01
   6.5296483e-01   3.1471471e-01
   6.5421212e-01   3.1591592e-01
   6.5545526e-01   3.1711712e-01
   6.5669427e-01   3.1831832e-01
   6.5792920e-01   3.1951952e-01
   6.5916007e-01   3.2072072e-01
   6.6038690e-01   3.2192192e-01
   6.6160974e-01   3.2312312e-01
   6.6282859e-01   3.2432432e-01
   6.6404351e-01   3.2552553e-01
   6.6525450e-01   3.2672673e-01
   6.6646160e-01   3.2792793e-01
   6.6766483e-01   3.2912913e-01
   6.6886422e-01   3.3033033e-01
   6.7005980e-01   3.3153153e-01
   6.7125159e-01   3.3273273e-01
   6.7243961e-01   3.3393393e-01
   6.7362389e-01   3.3513514e-01
   6.7480445e-01   3.3633634e-01
   6.7598132e-01   3.3753754e-01
   6.7715452e-01   3.3873874e-01
   6.7832407e-01   3.3993994e-01
   6.7949000e-01   3.4114114e-01
   6.8065232e-01   3.4234234e-01
   6.8181105e-01   3.4354354e-01
   6.8296623e-01   3.4474474e-01
   6.8411787e-01   3.4594595e-01
   6.8526598e-01   3.4714715e-01
   6.8641060e-01   3.4834835e-01
   6.8755173e-01   3.4954955e-01
   6.8868940e-01   3.5075075e-01
   6.8982363e-01   3.5195195e-01
   6.9095444e-01   3.5315315e-01
   6.9208184e-01   3.5435435e-01
   6.9320585e-01   3.5555556e-01
   6.9432649e-01   3.5675676e-01
   6.9544378e-01   3.5795796e-01
   6.9655774e-01   3.5915916e-01
   6.9766837e-01   3.6036036e-01
   6.9877571e-01   3.6156156e-01
   6.9987975e-01   3.6276276e-01
   7.0098053e-01   3.6396396e-01
   7.0207805e-01   3.6516517e-01
   7.0317233e-01   3.6636637e-01
   7.0426339e-01   3.6756757e-01
   7.0535124e-01   3.6876877e-01
   7.0643589e-01   3.6996997e-01
   7.0751736e-01   3.7117117e-01
   7.0859567e-01   3.7237237e-01
   7.0967082e-01   3.7357357e-01
   7.1074283e-01   3.7477477e-01
   7.1181171e-01   3.7597598e-01
   7.1287748e-01   3.7717718e-01
   7.1394015e-01   3.7837838e-01
   7.1499973e-01   3.7957958e-01
   7.1605623e-01   3.8078078e-01
   7.1710967e-01   3.8198198e-01
   7.1816005e-01   3.8318318e-01
   7.1920740e-01   3.8438438e-01
   7.2025171e-01   3.8558559e-01
   7.2129301e-01   3.8678679e-01
   7.2233129e-01   3.8798799e-01
   7.2336659e-01   3.8918919e-01
   7.2439889e-01   3.9039039e-01
   7.2542822e-01   3.9159159e-01
   7.2645458e-01   3.9279279e-01
   7.2747799e-01   3.9399399e-01
   7.2849845e-01   3.9519520e-01
   7.2951598e-01   3.9639640e-01
   7.3053058e-01   3.9759760e-01
   7.3154226e-01   3.9879880e-01
   7.3255104e-01   4.0000000e-01
   7.3355692e-01   4.0120120e-01
   7.3455990e-01   4.0240240e-01
   7.3556001e-01   4.0360360e-01
   7.3655724e-01   4.0480480e-01
   7.3755160e-01   4.0600601e-01
   7.3854311e-01   4.0720721e-01
   7.3953178e-01   4.0840841e-01
   7.4051760e-01   4.0960961e-01
   7.4150059e-01   4.1081081e-01
   7.4248075e-01   4.1201201e-01
   7.4345810e-01   4.1321321e-01
   7.4443264e-01   4.1441441e-01
   7.4540438e-01   4.1561562e-01
   7.4637332e-01   4.1681682e-01
   7.4733947e-01   4.1801802e-01
   7.4830285e-01   4.1921922e-01
   7.4926345e-01   4.2042042e-01
   7.5022128e-01   4.2162162e-01
   7.5117635e-01   4.2282282e-01
   7.5212867e-01   4.2402402e-01
   7.5307824e-01   4.2522523e-01
   7.5402507e-01   4.2642643e-01
   7.5496916e-01   4.2762763e-01
   7.5591053e-01   4.2882883e-01
   7.5684917e-01   4.3003003e-01
   7.5778510e-01   4.3123123e-01
   7.5871832e-01   4.3243243e-01
   7.5964883e-01   4.3363363e-01
   7.6057664e-01   4.3483483e-01
   7.6150176e-01   4.3603604e-01
   7.6242420e-01   4.3723724e-01
   7.6334395e-01   4.3843844e-01
   7.6426102e-01   4.3963964e-01
   7.6517543e-01   4.4084084e-01
   7.6608716e-01   4.4204204e-01
   7.6699624e-01   4.4324324e-01
   7.6790266e-01   4.4444444e-01
   7.6880644e-01   4.4564565e-01
   7.6970757e-01   4.4684685e-01
   7.7060606e-01   4.4804805e-01
   7.7150191e-01   4.4924925e-01
   7.7239513e-01   4.5045045e-01
   7.7328573e-01   4.5165165e-01
   7.7417371e-01   4.5285285e-01
   7.7505908e-01   4.5405405e-01
   7.7594183e-01   4.5525526e-01
   7.7682198e-01   4.5645646e-01
   7.7769953e-01   4.5765766e-01
   7.7857448e-01   4.5885886e-01
   7.7944684e-01   4.6006006e-01
   7.8031661e-01   4.6126126e-01
   7.8118380e-01   4.6246246e-01
   7.8204842e-01   4.6366366e-01
   7.8291046e-01   4.6486486e-01
   7.8376993e-01   4.6606607e-01
   7.8462683e-01   4.6726727e-01
   7.8548118e-01   4.6846847e-01
   7.8633297e-01   4.6966967e-01
   7.8718220e-01   4.7087087e-01
   7.8802889e-01   4.7207207e-01
   7.8887304e-01   4.7327327e-01
   7.8971465e-01   4.7447447e-01
   7.9055373e-01   4.7567568e-01
   7.9139027e-01   4.7687688e-01
   7.9222429e-01   4.7807808e-01
   7.9305579e-01   4.7927928e-01
   7.9388476e-01   4.8048048e-01
   7.9471123e-01   4.8168168e-01
   7.9553519e-01   4.8288288e-01
   7.9635664e-01   4.8408408e-01
   7.9717559e-01   4.8528529e-01
   7.9799204e-01   4.8648649e-01
   7.9880600e-01   4.8768769e-01
   7.9961748e-01   4.8888889e-01
   8.0042646e-01   4.9009009e-01
   8.0123297e-01   4.9129129e-01
   8.0203700e-01   4.9249249e-01
   8.0283856e-01   4.9369369e-01
   8.0363765e-01   4.9489489e-01
   8.0443428e-01   4.9609610e-01
   8.0522844e-01   4.9729730e-01
   8.0602015e-01   4.9849850e-01
   8.0680941e-01   4.9969970e-01
   8.0759622e-01   5.0090090e-01
   8.0838059e-01   5.0210210e-01
   8.0916251e-01   5.0330330e-01
   8.0994200e-01   5.0450450e-01
   8.1071906e-01   5.0570571e-01
   8.1149369e-01   5.0690691e-01
   8.1226590e-01   5.0810811e-01
   8.1303569e-01   5.0930931e-01
   8.1380306e-01   5.1051051e-01
   8.1456802e-01   5.1171171e-01
   8.1533057e-01   5.1291291e-01
   8.1609072e-01   5.1411411e-01
   8.1684847e-01   5.1531532e-01
   8.1760382e-01   5.1651652e-01
   8.1835678e-01   5.1771772e-01
   8.1910736e-01   5.1891892e-01
   8.1985555e-01   5.2012012e-01
   8.2060137e-01   5.2132132e-01
   8.2134480e-01   5.2252252e-01
   8.2208587e-01   5.2372372e-01
   8.2282457e-01   5.2492492e-01
   8.2356091e-01   5.2612613e-01
   8.2429489e-01   5.2732733e-01
   8.2502652e-01   5.2852853e-01
   8.2575579e-01   5.2972973e-01
   8.2648272e-01   5.3093093e-01
   8.2720731e-01   5.3213213e-01
   8.2792956e-01   5.3333333e-01
   8.2864948e-01   5.3453453e-01
   8.2936707e-01   5.3573574e-01
   8.3008233e-01   5.3693694e-01
   8.3079527e-01   5.3813814e-01
   8.3150590e-01   5.3933934e-01
   8.3221421e-01   5.4054054e-01
   8.3292022e-01   5.4174174e-01
   8.3362392e-01   5.4294294e-01
   8.3432532e-01   5.4414414e-01
   8.3502442e-01   5.4534535e-01
   8.3572124e-01   5.4654655e-01
   8.3641577e-01   5.4774775e-01
   8.3710801e-01   5.4894895e-01
   8.3779798e-01   5.5015015e-01
   8.3848567e-01   5.5135135e-01
   8.3917110e-01   5.5255255e-01
   8.3985426e-01   5.5375375e-01
   8.4053516e-01   5.5495495e-01
   8.4121380e-01   5.5615616e-01
   8.4189019e-01   5.5735736e-01
   8.4256433e-01   5.5855856e-01
   8.4323623e-01   5.5975976e-01
   8.4390589e-01   5.6096096e-01
   8.4457332e-01   5.6216216e-01
   8.4523851e-01   5.6336336e-01
   8.4590149e-01   5.6456456e-01
   8.4656224e-01   5.6576577e-01
   8.4722077e-01   5.6696697e-01
   8.4787709e-01   5.6816817e-01
   8.4853121e-01   5.6936937e-01
   8.4918312e-01   5.7057057e-01
   8.4983283e-01   5.7177177e-01
   8.5048035e-01   5.7297297e-01
   8.5112568e-01   5.7417417e-01
   8.5176882e-01   5.7537538e-01
   8.5240979e-01   5.7657658e-01
   8.5304858e-01   5.7777778e-01
   8.5368520e-01   5.7897898e-01
   8.5431965e-01   5.8018018e-01
   8.5495194e-01   5.8138138e-01
   8.5558207e-01   5.8258258e-01
   8.5621005e-01   5.8378378e-01
   8.5683588e-01   5.8498498e-01
   8.5745957e-01   5.8618619e-01
   8.5808113e-01   5.8738739e-01
   8.5870054e-01   5.8858859e-01
   8.5931783e-01   5.8978979e-01
   8.5993299e-01   5.9099099e-01
   8.6054604e-01   5.9219219e-01
   8.6115697e-01   5.9339339e-01
   8.6176579e-01   5.9459459e-01
   8.6237250e-01   5.9579580e-01
   8.6297711e-01   5.9699700e-01
   8.6357963e-01   5.9819820e-01
   8.6418005e-01   5.9939940e-01
   8.6477839e-01   6.0060060e-01
   8.6537465e-01   6.0180180e-01
   8.6596883e-01   6.0300300e-01
   8.6656094e-01   6.0420420e-01
   8.6715098e-01   6.0540541e-01
   8.6773896e-01   6.0660661e-01
   8.6832488e-01   6.0780781e-01
   8.6890875e-01   6.0900901e-01
   8.6949057e-01   6.1021021e-01
   8.7007035e-01   6.1141141e-01
   8.7064809e-01   6.1261261e-01
   8.7122379e-01   6.1381381e-01
   8.7179747e-01   6.1501502e-01
   8.7236913e-01   6.1621622e-01
   8.7293876e-01   6.1741742e-01
   8.7350639e-01   6.1861862e-01
   8.7407200e-01   6.1981982e-01
   8.7463561e-01   6.2102102e-01
   8.7519723e-01   6.2222222e-01
   8.7575685e-01   6.2342342e-01
   8.7631448e-01   6.2462462e-01
   8.7687012e-01   6.2582583e-01
   8.7742379e-01   6.2702703e-01
   8.7797548e-01   6.2822823e-01
   8.7852521e-01   6.2942943e-01
   8.7907297e-01   6.3063063e-01
   8.7961877e-01   6.3183183e-01
   8.8016262e-01   6.3303303e-01
   8.8070452e-01   6.3423423e-01
   8.8124447e-01   6.3543544e-01
   8.8178249e-01   6.3663664e-01
   8.8231857e-01   6.3783784e-01
   8.8285273e-01   6.3903904e-01
   8.8338496e-01   6.4024024e-01
   8.8391527e-01   6.4144144e-01
   8.8444367e-01   6.4264264e-01
   8.8497016e-01   6.4384384e-01
   8.8549474e-01   6.4504505e-01
   8.8601743e-01   6.4624625e-01
   8.8653823e-01   6.4744745e-01
   8.8705713e-01   6.4864865e-01
   8.8757415e-01   6.4984985e-01
   8.8808930e-01   6.5105105e-01
   8.8860257e-01   6.5225225e-01
   8.8911397e-01   6.5345345e-01
   8.8962351e-01   6.5465465e-01
   8.9013120e-01   6.5585586e-01
   8.9063703e-01   6.5705706e-01
   8.9114101e-01   6.5825826e-01
   8.9164315e-01   6.5945946e-01
   8.9214346e-01   6.6066066e-01
   8.9264193e-01   6.6186186e-01
   8.9313857e-01   6.6306306e-01
   8.9363339e-01   6.6426426e-01
   8.9412640e-01   6.6546547e-01
   8.9461759e-01   6.6666667e-01
   8.9510698e-01   6.6786787e-01
   8.9559456e-01   6.6906907e-01
   8.9608035e-01   6.7027027e-01
   8.9656435e-01   6.7147147e-01
   8.9704656e-01   6.7267267e-01
   8.9752699e-01   6.7387387e-01
   8.9800565e-01   6.7507508e-01
   8.9848254e-01   6.7627628e-01
   8.9895765e-01   6.7747748e-01
   8.9943101e-01   6.7867868e-01
   8.9990262e-01   6.7987988e-01
   9.0037247e-01   6.8108108e-01
   9.0084058e-01   6.8228228e-01
   9.0130695e-01   6.8348348e-01
   9.0177158e-01   6.8468468e-01
   9.0223449e-01   6.8588589e-01
   9.0269567e-01   6.8708709e-01
   9.0315513e-01   6.8828829e-01
   9.0361288e-01   6.8948949e-01
   9.0406892e-01   6.9069069e-01
   9.0452326e-01   6.9189189e-01
   9.0497589e-01   6.9309309e-01
   9.0542684e-01   6.9429429e-01
   9.0587609e-01   6.9549550e-01
   9.0632366e-01   6.9669670e-01
   9.0676956e-01   6.9789790e-01
   9.0721378e-01   6.9909910e-01
   9.0765633e-01   7.0030030e-01
   9.0809723e-01   7.0150150e-01
   9.0853646e-01   7.0270270e-01
   9.0897404e-01   7.0390390e-01
   9.0940998e-01   7.0510511e-01
   9.0984427e-01   7.0630631e-01
   9.1027692e-01   7.0750751e-01
   9.1070795e-01   7.0870871e-01
   9.1113734e-01   7.0990991e-01
   9.1156512e-01   7.1111111e-01
   9.1199128e-01   7.1231231e-01
   9.1241583e-01   7.1351351e-01
   9.1283877e-01   7.1471471e-01
   9.1326011e-01   7.1591592e-01
   9.1367986e-01   7.1711712e-01
   9.1409801e-01   7.1831832e-01
   9.1451458e-01   7.1951952e-01
   9.1492957e-01   7.2072072e-01
   9.1534298e-01   7.2192192e-01
   9.1575483e-01   7.2312312e-01
   9.1616510e-01   7.2432432e-01
   9.1657382e-01   7.2552553e-01
   9.1698098e-01   7.2672673e-01
   9.1738659e-01   7.2792793e-01
   9.1779066e-01   7.2912913e-01
   9.1819319e-01   7.3033033e-01
   9.1859418e-01   7.3153153e-01
   9.1899364e-01   7.3273273e-01
   9.1939158e-01   7.3393393e-01
   9.1978800e-01   7.3513514e-01
   9.2018291e-01   7.3633634e-01
   9.2057630e-01   7.3753754e-01
   9.2096819e-01   7.3873874e-01
   9.2135858e-01   7.3993994e-01
   9.2174748e-01   7.4114114e-01
   9.2213488e-01   7.4234234e-01
   9.2252081e-01   7.4354354e-01
   9.2290525e-01   7.4474474e-01
   9.2328822e-01   7.4594595e-01
   9.2366972e-01   7.4714715e-01
   9.2404976e-01   7.4834835e-01
   9.2442833e-01   7.4954955e-01
   9.2480545e-01   7.5075075e-01
   9.2518113e-01   7.5195195e-01
   9.2555535e-01   7.5315315e-01
   9.2592814e-01   7.5435435e-01
   9.2629950e-01   7.5555556e-01
   9.2666942e-01   7.5675676e-01
   9.2703792e-01   7.5795796e-01
   9.2740500e-01   7.5915916e-01
   9.2777067e-01   7.6036036e-01
   9.2813493e-01   7.6156156e-01
   9.2849778e-01   7.6276276e-01
   9.2885923e-01   7.6396396e-01
   9.2921929e-01   7.6516517e-01
   9.2957796e-01   7.6636637e-01
   9.2993524e-01   7.6756757e-01
   9.3029114e-01   7.6876877e-01
   9.3064567e-01   7.6996997e-01
   9.3099883e-01   7.7117117e-01
   9.3135062e-01   7.7237237e-01
   9.3170105e-01   7.7357357e-01
   9.3205012e-01   7.7477477e-01
   9.3239784e-01   7.7597598e-01
   9.3274422e-01   7.7717718e-01
   9.3308926e-01   7.7837838e-01
   9.3343296e-01   7.7957958e-01
   9.3377533e-01   7.8078078e-01
   9.3411637e-01   7.8198198e-01
   9.3445609e-01   7.8318318e-01
   9.3479449e-01   7.8438438e-01
   9.3513158e-01   7.8558559e-01
   9.3546736e-01   7.8678679e-01
   9.3580184e-01   7.8798799e-01
   9.3613502e-01   7.8918919e-01
   9.3646691e-01   7.9039039e-01
   9.3679751e-01   7.9159159e-01
   9.3712682e-01   7.9279279e-01
   9.3745486e-01   7.9399399e-01
   9.3778162e-01   7.9519520e-01
   9.3810711e-01   7.9639640e-01
   9.3843134e-01   7.9759760e-01
   9.3875431e-01   7.9879880e-01
   9.3907602e-01   8.0000000e-01
   9.3939648e-01   8.0120120e-01
   9.3971569e-01   8.0240240e-01
   9.4003367e-01   8.0360360e-01
   9.4035040e-01   8.0480480e-01
   9.4066590e-01   8.0600601e-01
   9.4098018e-01   8.0720721e-01
   9.4129323e-01   8.0840841e-01
   9.4160507e-01   8.0960961e-01
   9.4191569e-01   8.1081081e-01
   9.4222510e-01   8.1201201e-01
   9.4253331e-01   8.1321321e-01
   9.4284031e-01   8.1441441e-01
   9.4314612e-01   8.1561562e-01
   9.4345074e-01   8.1681682e-01
   9.4375418e-01   8.1801802e-01
   9.4405643e-01   8.1921922e-01
   9.4435751e-01   8.2042042e-01
   9.4465741e-01   8.2162162e-01
   9.4495614e-01   8.2282282e-01
   9.4525371e-01   8.2402402e-01
   9.4555012e-01   8.2522523e-01
   9.4584538e-01   8.2642643e-01
   9.4613949e-01   8.2762763e-01
   9.4643245e-01   8.2882883e-01
   9.4672427e-01   8.3003003e-01
   9.4701495e-01   8.3123123e-01
   9.4730450e-01   8.3243243e-01
   9.4759292e-01   8.3363363e-01
   9.4788022e-01   8.3483483e-01
   9.4816640e-01   8.3603604e-01
   9.4845146e-01   8.3723724e-01
   9.4873542e-01   8.3843844e-01
   9.4901826e-01   8.3963964e-01
   9.4930001e-01   8.4084084e-01
   9.4958066e-01   8.4204204e-01
   9.4986021e-01   8.4324324e-01
   9.5013868e-01   8.4444444e-01
   9.5041606e-01   8.4564565e-01
   9.5069236e-01   8.4684685e-01
   9.5096759e-01   8.4804805e-01
   9.5124174e-01   8.4924925e-01
   9.5151483e-01   8.5045045e-01
   9.5178686e-01   8.5165165e-01
   9.5205782e-01   8.5285285e-01
   9.5232773e-01   8.5405405e-01
   9.5259660e-01   8.5525526e-01
   9.5286441e-01   8.5645646e-01
   9.5313119e-01   8.5765766e-01
   9.5339692e-01   8.5885886e-01
   9.5366162e-01   8.6006006e-01
   9.5392530e-01   8.6126126e-01
   9.5418795e-01   8.6246246e-01
   9.5444958e-01   8.6366366e-01
   9.5471019e-01   8.6486486e-01
   9.5496978e-01   8.6606607e-01
   9.5522837e-01   8.6726727e-01
   9.5548596e-01   8.6846847e-01
   9.5574255e-01   8.6966967e-01
   9.5599814e-01   8.7087087e-01
   9.5625273e-01   8.7207207e-01
   9.5650634e-01   8.7327327e-01
   9.5675897e-01   8.7447447e-01
   9.5701061e-01   8.7567568e-01
   9.5726128e-01   8.7687688e-01
   9.5751098e-01   8.7807808e-01
   9.5775971e-01   8.7927928e-01
   9.5800748e-01   8.8048048e-01
   9.5825428e-01   8.8168168e-01
   9.5850014e-01   8.8288288e-01
   9.5874503e-01   8.8408408e-01
   9.5898899e-01   8.8528529e-01
   9.5923199e-01   8.8648649e-01
   9.5947406e-01   8.8768769e-01
   9.5971519e-01   8.8888889e-01
   9.5995539e-01   8.9009009e-01
   9.6019466e-01   8.9129129e-01
   9.6043301e-01   8.9249249e-01
   9.6067043e-01   8.9369369e-01
   9.6090694e-01   8.9489489e-01
   9.6114254e-01   8.9609610e-01
   9.6137723e-01   8.9729730e-01
   9.6161101e-01   8.9849850e-01
   9.6184389e-01   8.9969970e-01
   9.6207587e-01   9.0090090e-01
   9.6230696e-01   9.0210210e-01
   9.6253716e-01   9.0330330e-01
   9.6276648e-01   9.0450450e-01
   9.6299491e-01   9.0570571e-01
   9.6322246e-01   9.0690691e-01
   9.6344914e-01   9.0810811e-01
   9.6367495e-01   9.0930931e-01
   9.6389989e-01   9.1051051e-01
   9.6412397e-01   9.1171171e-01
   9.6434718e-01   9.1291291e-01
   9.6456954e-01   9.1411411e-01
   9.6479105e-01   9.1531532e-01
   9.6501171e-01   9.1651652e-01
   9.6523152e-01   9.1771772e-01
   9.6545049e-01   9.1891892e-01
   9.6566863e-01   9.2012012e-01
   9.6588592e-01   9.2132132e-01
   9.6610239e-01   9.2252252e-01
   9.6631803e-01   9.2372372e-01
   9.6653285e-01   9.2492492e-01
   9.6674685e-01   9.2612613e-01
   9.6696003e-01   9.2732733e-01
   9.6717240e-01   9.2852853e-01
   9.6738396e-01   9.2972973e-01
   9.6759471e-01   9.3093093e-01
   9.6780466e-01   9.3213213e-01
   9.6801381e-01   9.3333333e-01
   9.6822216e-01   9.3453453e-01
   9.6842973e-01   9.3573574e-01
   9.6863650e-01   9.3693694e-01
   9.6884249e-01   9.3813814e-01
   9.6904770e-01   9.3933934e-01
   9.6925213e-01   9.4054054e-01
   9.6945579e-01   9.4174174e-01
   9.6965867e-01   9.4294294e-01
   9.6986079e-01   9.4414414e-01
   9.7006214e-01   9.4534535e-01
   9.7026273e-01   9.4654655e-01
   9.7046257e-01   9.4774775e-01
   9.7066165e-01   9.4894895e-01
   9.7085997e-01   9.5015015e-01
   9.7105755e-01   9.5135135e-01
   9.7125439e-01   9.5255255e-01
   9.7145048e-01   9.5375375e-01
   9.7164584e-01   9.5495495e-01
   9.7184046e-01   9.5615616e-01
   9.7203435e-01   9.5735736e-01
   9.7222751e-01   9.5855856e-01
   9.7241995e-01   9.5975976e-01
   9.7261167e-01   9.6096096e-01
   9.7280266e-01   9.6216216e-01
   9.7299295e-01   9.6336336e-01
   9.7318252e-01   9.6456456e-01
   9.7337138e-01   9.6576577e-01
   9.7355954e-01   9.6696697e-01
   9.7374699e-01   9.6816817e-01
   9.7393374e-01   9.6936937e-01
   9.7411980e-01   9.7057057e-01
   9.7430517e-01   9.7177177e-01
   9.7448984e-01   9.7297297e-01
   9.7467383e-01   9.7417417e-01
   9.7485714e-01   9.7537538e-01
   9.7503976e-01   9.7657658e-01
   9.7522171e-01   9.7777778e-01
   9.7540298e-01   9.7897898e-01
   9.7558358e-01   9.8018018e-01
   9.7576352e-01   9.8138138e-01
   9.7594279e-01   9.8258258e-01
   9.7612139e-01   9.8378378e-01
   9.7629934e-01   9.8498498e-01
   9.7647663e-01   9.8618619e-01
   9.7665327e-01   9.8738739e-01
   9.7682925e-01   9.8858859e-01
   9.7700459e-01   9.8978979e-01
   9.7717929e-01   9.9099099e-01
   9.7735334e-01   9.9219219e-01
   9.7752676e-01   9.9339339e-01
   9.7769954e-01   9.9459459e-01
   9.7787169e-01   9.9579580e-01
   9.7804320e-01   9.9699700e-01
   9.7821409e-01   9.9819820e-01
   9.7838436e-01   9.9939940e-01
   9.7855401e-01   1.0006006e+00
   9.7872303e-01   1.0018018e+00
   9.7889145e-01   1.0030030e+00
   9.7905925e-01   1.0042042e+00
   9.7922644e-01   1.0054054e+00
   9.7939302e-01   1.0066066e+00
   9.7955900e-01   1.0078078e+00
   9.7972438e-01   1.0090090e+00
   9.7988915e-01   1.0102102e+00
   9.8005334e-01   1.0114114e+00
   9.8021693e-01   1.0126126e+00
   9.8037993e-01   1.0138138e+00
   9.8054234e-01   1.0150150e+00
   9.8070417e-01   1.0162162e+00
   9.8086541e-01   1.0174174e+00
   9.8102608e-01   1.0186186e+00
   9.8118617e-01   1.0198198e+00
   9.8134569e-01   1.0210210e+00
   9.8150463e-01   1.0222222e+00
   9.8166301e-01   1.0234234e+00
   9.8182082e-01   1.0246246e+00
   9.8197806e-01   1.0258258e+00
   9.8213475e-01   1.0270270e+00
   9.8229088e-01   1.0282282e+00
   9.8244645e-01   1.0294294e+00
   9.8260147e-01   1.0306306e+00
   9.8275594e-01   1.0318318e+00
   9.8290986e-01   1.0330330e+00
   9.8306323e-01   1.0342342e+00
   9.8321607e-01   1.0354354e+00
   9.8336836e-01   1.0366366e+00
   9.8352012e-01   1.0378378e+00
   9.8367134e-01   1.0390390e+00
   9.8382203e-01   1.0402402e+00
   9.8397219e-01   1.0414414e+00
   9.8412182e-01   1.0426426e+00
   9.8427092e-01   1.0438438e+00
   9.8441951e-01   1.0450450e+00
   9.8456757e-01   1.0462462e+00
   9.8471512e-01   1.0474474e+00
   9.8486215e-01   1.0486486e+00
   9.8500867e-01   1.0498498e+00
   9.8515468e-01   1.0510511e+00
   9.8530018e-01   1.0522523e+00
   9.8544517e-01   1.0534535e+00
   9.8558967e-01   1.0546547e+00
   9.8573366e-01   1.0558559e+00
   9.8587715e-01   1.0570571e+00
   9.8602015e-01   1.0582583e+00
   9.8616265e-01   1.0594595e+00
   9.8630467e-01   1.0606607e+00
   9.8644619e-01   1.0618619e+00
   9.8658723e-01   1.0630631e+00
   9.8672778e-01   1.0642643e+00
   9.8686786e-01   1.0654655e+00
   9.8700745e-01   1.0666667e+00
   9.8714656e-01   1.0678679e+00
   9.8728520e-01   1.0690691e+00
   9.8742337e-01   1.0702703e+00
   9.8756107e-01   1.0714715e+00
   9.8769830e-01   1.0726727e+00
   9.8783506e-01   1.0738739e+00
   9.8797136e-01   1.0750751e+00
   9.8810720e-01   1.0762763e+00
   9.8824258e-01   1.0774775e+00
   9.8837750e-01   1.0786787e+00
   9.8851196e-01   1.0798799e+00
   9.8864598e-01   1.0810811e+00
   9.8877954e-01   1.0822823e+00
   9.8891266e-01   1.0834835e+00
   9.8904533e-01   1.0846847e+00
   9.8917755e-01   1.0858859e+00
   9.8930933e-01   1.0870871e+00
   9.8944068e-01   1.0882883e+00
   9.8957158e-01   1.0894895e+00
   9.8970205e-01   1.0906907e+00
   9.8983209e-01   1.0918919e+00
   9.8996170e-01   1.0930931e+00
   9.9009087e-01   1.0942943e+00
   9.9021962e-01   1.0954955e+00
   9.9034795e-01   1.0966967e+00
   9.9047585e-01   1.0978979e+00
   9.9060333e-01   1.0990991e+00
   9.9073039e-01   1.1003003e+00
   9.9085703e-01   1.1015015e+00
   9.9098326e-01   1.1027027e+00
   9.9110908e-01   1.1039039e+00
   9.9123449e-01   1.1051051e+00
   9.9135948e-01   1.1063063e+00
   9.9148408e-01   1.1075075e+00
   9.9160826e-01   1.1087087e+00
   9.9173204e-01   1.1099099e+00
   9.9185543e-01   1.1111111e+00
   9.9197841e-01   1.1123123e+00
   9.9210099e-01   1.1135135e+00
   9.9222318e-01   1.1147147e+00
   9.9234498e-01   1.1159159e+00
   9.9246639e-01   1.1171171e+00
   9.9258741e-01   1.1183183e+00
   9.9270803e-01   1.1195195e+00
   9.9282828e-01   1.1207207e+00
   9.9294814e-01   1.1219219e+00
   9.9306762e-01   1.1231231e+00
   9.9318672e-01   1.1243243e+00
   9.9330544e-01   1.1255255e+00
   9.9342378e-01   1.1267267e+00
   9.9354175e-01   1.1279279e+00
   9.9365935e-01   1.1291291e+00
   9.9377658e-01   1.1303303e+00
   9.9389343e-01   1.1315315e+00
   9.9400993e-01   1.1327327e+00
   9.9412605e-01   1.1339339e+00
   9.9424181e-01   1.1351351e+00
   9.9435721e-01   1.1363363e+00
   9.9447226e-01   1.1375375e+00
   9.9458694e-01   1.1387387e+00
   9.9470126e-01   1.1399399e+00
   9.9481524e-01   1.1411411e+00
   9.9492886e-01   1.1423423e+00
   9.9504212e-01   1.1435435e+00
   9.9515504e-01   1.1447447e+00
   9.9526761e-01   1.1459459e+00
   9.9537984e-01   1.1471471e+00
   9.9549172e-01   1.1483483e+00
   9.9560326e-01   1.1495495e+00
   9.9571445e-01   1.1507508e+00
   9.9582531e-01   1.1519520e+00
   9.9593583e-01   1.1531532e+00
   9.9604602e-01   1.1543544e+00
   9.9615587e-01   1.1555556e+00
   9.9626539e-01   1.1567568e+00
   9.9637458e-01   1.1579580e+00
   9.9648343e-01   1.1591592e+00
   9.9659197e-01   1.1603604e+00
   9.9670017e-01   1.1615616e+00
   9.9680805e-01   1.1627628e+00
   9.9691561e-01   1.1639640e+00
   9.9702285e-01   1.1651652e+00
   9.9712976e-01   1.1663664e+00
   9.9723636e-01   1.1675676e+00
   9.9734265e-01   1.1687688e+00
   9.9744862e-01   1.1699700e+00
   9.9755427e-01   1.1711712e+00
   9.9765962e-01   1.1723724e+00
   9.9776465e-01   1.1735736e+00
   9.9786938e-01   1.1747748e+00
   9.9797379e-01   1.1759760e+00
   9.9807791e-01   1.1771772e+00
   9.9818172e-01   1.1783784e+00
   9.9828522e-01   1.1795796e+00
   9.9838843e-01   1.1807808e+00
   9.9849133e-01   1.1819820e+00
   9.9859394e-01   1.1831832e+00
   9.9869625e-01   1.1843844e+00
   9.9879827e-01   1.1855856e+00
   9.9889999e-01   1.1867868e+00
   9.9900143e-01   1.1879880e+00
   9.9910257e-01   1.1891892e+00
   9.9920342e-01   1.1903904e+00
   9.9930398e-01   1.1915916e+00
   9.9940426e-01   1.1927928e+00
   9.9950425e-01   1.1939940e+00
   9.9960396e-01   1.1951952e+00
   9.9970339e-01   1.1963964e+00
   9.9980254e-01   1.1975976e+00
   9.9990141e-01   1.1987988e+00
   1.0000000e+00   1.2000000e+00
