   3.9398552e-03   0.0000000e+00
   7.8795571e-03   1.2012012e-03
   1.1818799e-02   2.4024024e-03
   1.5757275e-02   3.6036036e-03
   1.9694679e-02   4.8048048e-03
   2.3630705e-02   6.0060060e-03
   2.7565049e-02   7.2072072e-03
   3.1497406e-02   8.4084084e-03
   3.5427473e-02   9.6096096e-03
   3.9354947e-02   1.0810811e-02
   4.3279527e-02   1.2012012e-02
   4.7200913e-02   1.3213213e-02
   5.1118807e-02   1.4414414e-02
   5.5032910e-02   1.5615616e-02
   5.8942928e-02   1.6816817e-02
   6.2848565e-02   1.8018018e-02
   6.6749531e-02   1.9219219e-02
   7.0645535e-02   2.0420420e-02
   7.4536288e-02   2.1621622e-02
   7.8421505e-02   2.2822823e-02
   8.2300902e-02   2.4024024e-02
   8.6174198e-02   2.5225225e-02
   9.0041114e-02   2.6426426e-02
   9.3901374e-02   2.7627628e-02
   9.7754704e-02   2.8828829e-02
   1.0160083e-01   3.0030030e-02
   1.0543950e-01   3.1231231e-02
   1.0927042e-01   3.2432432e-02
   1.1309336e-01   3.3633634e-02
   1.1690804e-01   3.4834835e-02
   1.2071422e-01   3.6036036e-02
   1.2451163e-01   3.7237237e-02
   1.2830004e-01   3.8438438e-02
   1.3207919e-01   3.9639640e-02
   1.3584885e-01   4.0840841e-02
   1.3960878e-01   4.2042042e-02
   1.4335875e-01   4.3243243e-02
   1.4709852e-01   4.4444444e-02
   1.5082787e-01   4.5645646e-02
   1.5454658e-01   4.6846847e-02
   1.5825442e-01   4.8048048e-02
   1.6195119e-01   4.9249249e-02
   1.6563668e-01   5.0450450e-02
   1.6931068e-01   5.1651652e-02
   1.7297298e-01   5.2852853e-02
   1.7662339e-01   5.4054054e-02
   1.8026173e-01   5.5255255e-02
   1.8388779e-01   5.6456456e-02
   1.8750140e-01   5.7657658e-02
   1.9110237e-01   5.8858859e-02
   1.9469054e-01   6.0060060e-02
   1.9826572e-01   6.1261261e-02
   2.0182776e-01   6.2462462e-02
   2.0537649e-01   6.3663664e-02
   2.0891175e-01   6.4864865e-02
   2.1243339e-01   6.6066066e-02
   2.1594126e-01   6.7267267e-02
   2.1943522e-01   6.8468468e-02
   2.2291513e-01   6.9669670e-02
   2.2638086e-01   7.0870871e-02
   2.2983227e-01   7.2072072e-02
   2.3326923e-01   7.3273273e-02
   2.3669164e-01   7.4474474e-02
   2.4009936e-01   7.5675676e-02
   2.4349229e-01   7.6876877e-02
   2.4687033e-01   7.8078078e-02
   2.5023336e-01   7.9279279e-02
   2.5358128e-01   8.0480480e-02
   2.5691402e-01   8.1681682e-02
   2.6023146e-01   8.2882883e-02
   2.6353354e-01   8.4084084e-02
   2.6682016e-01   8.5285285e-02
   2.7009126e-01   8.6486486e-02
   2.7334675e-01   8.7687688e-02
   2.7658657e-01   8.8888889e-02
   2.7981066e-01   9.0090090e-02
   2.8301895e-01   9.1291291e-02
   2.8621139e-01   9.2492492e-02
   2.8938793e-01   9.3693694e-02
   2.9254851e-01   9.4894895e-02
   2.9569311e-01   9.6096096e-02
   2.9882167e-01   9.7297297e-02
   3.0193416e-01   9.8498498e-02
   3.0503055e-01   9.9699700e-02
   3.0811080e-01   1.0090090e-01
   3.1117491e-01   1.0210210e-01
   3.1422283e-01   1.0330330e-01
   3.1725456e-01   1.0450450e-01
   3.2027009e-01   1.0570571e-01
   3.2326940e-01   1.0690691e-01
   3.2625248e-01   1.0810811e-01
   3.2921934e-01   1.0930931e-01
   3.3216997e-01   1.1051051e-01
   3.3510438e-01   1.1171171e-01
   3.3802256e-01   1.1291291e-01
   3.4092454e-01   1.1411411e-01
   3.4381033e-01   1.1531532e-01
   3.4667993e-01   1.1651652e-01
   3.4953337e-01   1.1771772e-01
   3.5237068e-01   1.1891892e-01
   3.5519187e-01   1.2012012e-01
   3.5799697e-01   1.2132132e-01
   3.6078601e-01   1.2252252e-01
   3.6355902e-01   1.2372372e-01
   3.6631605e-01   1.2492492e-01
   3.6905712e-01   1.2612613e-01
   3.7178228e-01   1.2732733e-01
   3.7449157e-01   1.2852853e-01
   3.7718503e-01   1.2972973e-01
   3.7986272e-01   1.3093093e-01
   3.8252468e-01   1.3213213e-01
   3.8517095e-01   1.3333333e-01
   3.8780161e-01   1.3453453e-01
   3.9041669e-01   1.3573574e-01
   3.9301627e-01   1.3693694e-01
   3.9560039e-01   1.3813814e-01
   3.9816912e-01   1.3933934e-01
   4.0072252e-01   1.4054054e-01
   4.0326066e-01   1.4174174e-01
   4.0578360e-01   1.4294294e-01
   4.0829141e-01   1.4414414e-01
   4.1078417e-01   1.4534535e-01
   4.1326193e-01   1.4654655e-01
   4.1572478e-01   1.4774775e-01
   4.1817278e-01   1.4894895e-01
   4.2060602e-01   1.5015015e-01
   4.2302457e-01   1.5135135e-01
   4.2542850e-01   1.5255255e-01
   4.2781789e-01   1.5375375e-01
   4.3019284e-01   1.5495495e-01
   4.3255340e-01   1.5615616e-01
   4.3489967e-01   1.5735736e-01
   4.3723174e-01   1.5855856e-01
   4.3954967e-01   1.5975976e-01
   4.4185357e-01   1.6096096e-01
   4.4414350e-01   1.6216216e-01
   4.4641957e-01   1.6336336e-01
   4.4868185e-01   1.6456456e-01
   4.5093044e-01   1.6576577e-01
   4.5316541e-01   1.6696697e-01
   4.5538687e-01   1.6816817e-01
   4.5759490e-01   1.6936937e-01
   4.5978958e-01   1.7057057e-01
   4.6197102e-01   1.7177177e-01
   4.6413930e-01   1.7297297e-01
   4.6629450e-01   1.7417417e-01
   4.6843673e-01   1.7537538e-01
   4.7056608e-01   1.7657658e-01
   4.7268263e-01   1.7777778e-01
   4.7478648e-01   1.7897898e-01
   4.7687772e-01   1.8018018e-01
   4.7895644e-01   1.8138138e-01
   4.8102274e-01   1.8258258e-01
   4.8307671e-01   1.8378378e-01
   4.8511845e-01   1.8498498e-01
   4.8714803e-01   1.8618619e-01
   4.8916557e-01   1.8738739e-01
   4.9117115e-01   1.8858859e-01
   4.9316487e-01   1.8978979e-01
   4.9514681e-01   1.9099099e-01
   4.9711707e-01   1.9219219e-01
   4.9907575e-01   1.9339339e-01
   5.0102294e-01   1.9459459e-01
   5.0295872e-01   1.9579580e-01
   5.0488320e-01   1.9699700e-01
   5.0679646e-01   1.9819820e-01
   5.0869860e-01   1.9939940e-01
   5.1058970e-01   2.0060060e-01
   5.1246987e-01   2.0180180e-01
   5.1433919e-01   2.0300300e-01
   5.1619775e-01   2.0420420e-01
   5.1804564e-01   2.0540541e-01
   5.1988296e-01   2.0660661e-01
   5.2170979e-01   2.0780781e-01
   5.2352623e-01   2.0900901e-01
   5.2533236e-01   2.1021021e-01
   5.2712827e-01   2.1141141e-01
   5.2891405e-01   2.1261261e-01
   5.3068979e-01   2.1381381e-01
   5.3245558e-01   2.1501502e-01
   5.3421150e-01   2.1621622e-01
   5.3595765e-01   2.1741742e-01
   5.3769410e-01   2.1861862e-01
   5.3942095e-01   2.1981982e-01
   5.4113828e-01   2.2102102e-01
   5.4284618e-01   2.2222222e-01
   5.4454472e-01   2.2342342e-01
   5.4623400e-01   2.2462462e-01
   5.4791410e-01   2.2582583e-01
   5.4958509e-01   2.2702703e-01
   5.5124708e-01   2.2822823e-01
   5.5290012e-01   2.2942943e-01
   5.5454432e-01   2.3063063e-01
   5.5617974e-01   2.3183183e-01
   5.5780647e-01   2.3303303e-01
   5.5942459e-01   2.3423423e-01
   5.6103418e-01   2.3543544e-01
   5.6263532e-01   2.3663664e-01
   5.6422808e-01   2.3783784e-01
   5.6581255e-01   2.3903904e-01
   5.6738879e-01   2.4024024e-01
   5.6895689e-01   2.4144144e-01
   5.7051693e-01   2.4264264e-01
   5.7206897e-01   2.4384384e-01
   5.7361310e-01   2.4504505e-01
   5.7514938e-01   2.4624625e-01
   5.7667790e-01   2.4744745e-01
   5.7819871e-01   2.4864865e-01
   5.7971191e-01   2.4984985e-01
   5.8121755e-01   2.5105105e-01
   5.8271571e-01   2.5225225e-01
   5.8420647e-01   2.5345345e-01
   5.8568988e-01   2.5465465e-01
   5.8716602e-01   2.5585586e-01
   5.8863496e-01   2.5705706e-01
   5.9009676e-01   2.5825826e-01
   5.9155150e-01   2.5945946e-01
   5.9299924e-01   2.6066066e-01
   5.9444005e-01   2.6186186e-01
   5.9587399e-01   2.6306306e-01
   5.9730114e-01   2.6426426e-01
   5.9872154e-01   2.6546547e-01
   6.0013527e-01   2.6666667e-01
   6.0154239e-01   2.6786787e-01
   6.0294296e-01   2.6906907e-01
   6.0433705e-01   2.7027027e-01
   6.0572472e-01   2.7147147e-01
   6.0710603e-01   2.7267267e-01
   6.0848103e-01   2.7387387e-01
   6.0984979e-01   2.7507508e-01
   6.1121237e-01   2.7627628e-01
   6.1256883e-01   2.7747748e-01
   6.1391922e-01   2.7867868e-01
   6.1526360e-01   2.7987988e-01
   6.1660203e-01   2.8108108e-01
   6.1793457e-01   2.8228228e-01
   6.1926126e-01   2.8348348e-01
   6.2058217e-01   2.8468468e-01
   6.2189736e-01   2.8588589e-01
   6.2320686e-01   2.8708709e-01
   6.2451075e-01   2.8828829e-01
   6.2580906e-01   2.8948949e-01
   6.2710186e-01   2.9069069e-01
   6.2838919e-01   2.9189189e-01
   6.2967111e-01   2.9309309e-01
   6.3094766e-01   2.9429429e-01
   6.3221890e-01   2.9549550e-01
   6.3348488e-01   2.9669670e-01
   6.3474564e-01   2.9789790e-01
   6.3600124e-01   2.9909910e-01
   6.3725171e-01   3.0030030e-01
   6.3849712e-01   3.0150150e-01
   6.3973750e-01   3.0270270e-01
   6.4097290e-01   3.0390390e-01
   6.4220336e-01   3.0510511e-01
   6.4342895e-01   3.0630631e-01
   6.4464968e-01   3.0750751e-01
   6.4586562e-01   3.0870871e-01
   6.4707680e-01   3.0990991e-01
   6.4828328e-01   3.1111111e-01
   6.4948508e-01   3.1231231e-01
   6.5068225e-01   3.1351351e-01
   6.5187484e-01   3.1471471e-01
   6.5306288e-01   3.1591592e-01
   6.5424642e-01   3.1711712e-01
   6.5542550e-01   3.1831832e-01
   6.5660015e-01   3.1951952e-01
   6.5777041e-01   3.2072072e-01
   6.5893633e-01   3.2192192e-01
   6.6009794e-01   3.2312312e-01
   6.6125528e-01   3.2432432e-01
   6.6240839e-01   3.2552553e-01
   6.6355729e-01   3.2672673e-01
   6.6470204e-01   3.2792793e-01
   6.6584266e-01   3.2912913e-01
   6.6697920e-01   3.3033033e-01
   6.6811168e-01   3.3153153e-01
   6.6924013e-01   3.3273273e-01
   6.7036460e-01   3.3393393e-01
   6.7148512e-01   3.3513514e-01
   6.7260172e-01   3.3633634e-01
   6.7371443e-01   3.3753754e-01
   6.7482329e-01   3.3873874e-01
   6.7592833e-01   3.3993994e-01
   6.7702957e-01   3.4114114e-01
   6.7812705e-01   3.4234234e-01
   6.7922080e-01   3.4354354e-01
   6.8031086e-01   3.4474474e-01
   6.8139724e-01   3.4594595e-01
   6.8247998e-01   3.4714715e-01
   6.8355911e-01   3.4834835e-01
   6.8463465e-01   3.4954955e-01
   6.8570664e-01   3.5075075e-01
   6.8677511e-01   3.5195195e-01
   6.8784007e-01   3.5315315e-01
   6.8890156e-01   3.5435435e-01
   6.8995960e-01   3.5555556e-01
   6.9101422e-01   3.5675676e-01
   6.9206545e-01   3.5795796e-01
   6.9311330e-01   3.5915916e-01
   6.9415782e-01   3.6036036e-01
   6.9519901e-01   3.6156156e-01
   6.9623691e-01   3.6276276e-01
   6.9727153e-01   3.6396396e-01
   6.9830291e-01   3.6516517e-01
   6.9933107e-01   3.6636637e-01
   7.0035602e-01   3.6756757e-01
   7.0137780e-01   3.6876877e-01
   7.0239641e-01   3.6996997e-01
   7.0341190e-01   3.7117117e-01
   7.0442427e-01   3.7237237e-01
   7.0543355e-01   3.7357357e-01
   7.0643976e-01   3.7477477e-01
   7.0744292e-01   3.7597598e-01
   7.0844305e-01   3.7717718e-01
   7.0944017e-01   3.7837838e-01
   7.1043430e-01   3.7957958e-01
   7.1142546e-01   3.8078078e-01
   7.1241367e-01   3.8198198e-01
   7.1339895e-01   3.8318318e-01
   7.1438131e-01   3.8438438e-01
   7.1536078e-01   3.8558559e-01
   7.1633737e-01   3.8678679e-01
   7.1731110e-01   3.8798799e-01
   7.1828199e-01   3.8918919e-01
   7.1925005e-01   3.9039039e-01
   7.2021531e-01   3.9159159e-01
   7.2117777e-01   3.9279279e-01
   7.2213746e-01   3.9399399e-01
   7.2309439e-01   3.9519520e-01
   7.2404857e-01   3.9639640e-01
   7.2500003e-01   3.9759760e-01
   7.2594877e-01   3.9879880e-01
   7.2689482e-01   4.0000000e-01
   7.2783818e-01   4.0120120e-01
   7.2877888e-01   4.0240240e-01
   7.2971692e-01   4.0360360e-01
   7.3065232e-01   4.0480480e-01
   7.3158510e-01   4.0600601e-01
   7.3251526e-01   4.0720721e-01
   7.3344283e-01   4.0840841e-01
   7.3436781e-01   4.0960961e-01
   7.3529022e-01   4.1081081e-01
   7.3621006e-01   4.1201201e-01
   7.3712736e-01   4.1321321e-01
   7.3804213e-01   4.1441441e-01
   7.3895437e-01   4.1561562e-01
   7.3986410e-01   4.1681682e-01
   7.4077134e-01   4.1801802e-01
   7.4167608e-01   4.1921922e-01
   7.4257835e-01   4.2042042e-01
   7.4347816e-01   4.2162162e-01
   7.4437551e-01   4.2282282e-01
   7.4527042e-01   4.2402402e-01
   7.4616289e-01   4.2522523e-01
   7.4705295e-01   4.2642643e-01
   7.4794059e-01   4.2762763e-01
   7.4882583e-01   4.2882883e-01
   7.4970868e-01   4.3003003e-01
   7.5058914e-01   4.3123123e-01
   7.5146724e-01   4.3243243e-01
   7.5234297e-01   4.3363363e-01
   7.5321635e-01   4.3483483e-01
   7.5408738e-01   4.3603604e-01
   7.5495608e-01   4.3723724e-01
   7.5582245e-01   4.3843844e-01
   7.5668650e-01   4.3963964e-01
   7.5754824e-01   4.4084084e-01
   7.5840769e-01   4.4204204e-01
   7.5926484e-01   4.4324324e-01
   7.6011970e-01   4.4444444e-01
   7.6097229e-01   4.4564565e-01
   7.6182261e-01   4.4684685e-01
   7.6267067e-01   4.4804805e-01
   7.6351647e-01   4.4924925e-01
   7.6436003e-01   4.5045045e-01
   7.6520135e-01   4.5165165e-01
   7.6604044e-01   4.5285285e-01
   7.6687730e-01   4.5405405e-01
   7.6771195e-01   4.5525526e-01
   7.6854438e-01   4.5645646e-01
   7.6937462e-01   4.5765766e-01
   7.7020265e-01   4.5885886e-01
   7.7102850e-01   4.6006006e-01
   7.7185216e-01   4.6126126e-01
   7.7267364e-01   4.6246246e-01
   7.7349295e-01   4.6366366e-01
   7.7431009e-01   4.6486486e-01
   7.7512508e-01   4.6606607e-01
   7.7593791e-01   4.6726727e-01
   7.7674860e-01   4.6846847e-01
   7.7755714e-01   4.6966967e-01
   7.7836355e-01   4.7087087e-01
   7.7916782e-01   4.7207207e-01
   7.7996997e-01   4.7327327e-01
   7.8077000e-01   4.7447447e-01
   7.8156792e-01   4.7567568e-01
   7.8236373e-01   4.7687688e-01
   7.8315743e-01   4.7807808e-01
   7.8394904e-01   4.7927928e-01
   7.8473855e-01   4.8048048e-01
   7.8552597e-01   4.8168168e-01
   7.8631131e-01   4.8288288e-01
   7.8709457e-01   4.8408408e-01
   7.8787576e-01   4.8528529e-01
   7.8865488e-01   4.8648649e-01
   7.8943193e-01   4.8768769e-01
   7.9020692e-01   4.8888889e-01
   7.9097985e-01   4.9009009e-01
   7.9175074e-01   4.9129129e-01
   7.9251958e-01   4.9249249e-01
   7.9328637e-01   4.9369369e-01
   7.9405113e-01   4.9489489e-01
   7.9481385e-01   4.9609610e-01
   7.9557454e-01   4.9729730e-01
   7.9633321e-01   4.9849850e-01
   7.9708985e-01   4.9969970e-01
   7.9784448e-01   5.0090090e-01
   7.9859709e-01   5.0210210e-01
   7.9934770e-01   5.0330330e-01
   8.0009629e-01   5.0450450e-01
   8.0084289e-01   5.0570571e-01
   8.0158749e-01   5.0690691e-01
   8.0233009e-01   5.0810811e-01
   8.0307070e-01   5.0930931e-01
   8.0380933e-01   5.1051051e-01
   8.0454597e-01   5.1171171e-01
   8.0528063e-01   5.1291291e-01
   8.0601332e-01   5.1411411e-01
   8.0674403e-01   5.1531532e-01
   8.0747277e-01   5.1651652e-01
   8.0819955e-01   5.1771772e-01
   8.0892437e-01   5.1891892e-01
   8.0964723e-01   5.2012012e-01
   8.1036813e-01   5.2132132e-01
   8.1108708e-01   5.2252252e-01
   8.1180408e-01   5.2372372e-01
   8.1251914e-01   5.2492492e-01
   8.1323225e-01   5.2612613e-01
   8.1394343e-01   5.2732733e-01
   8.1465267e-01   5.2852853e-01
   8.1535998e-01   5.2972973e-01
   8.1606536e-01   5.3093093e-01
   8.1676881e-01   5.3213213e-01
   8.1747034e-01   5.3333333e-01
   8.1816995e-01   5.3453453e-01
   8.1886765e-01   5.3573574e-01
   8.1956343e-01   5.3693694e-01
   8.2025730e-01   5.3813814e-01
   8.2094926e-01   5.3933934e-01
   8.2163932e-01   5.4054054e-01
   8.2232748e-01   5.4174174e-01
   8.2301374e-01   5.4294294e-01
   8.2369811e-01   5.4414414e-01
   8.2438059e-01   5.4534535e-01
   8.2506117e-01   5.4654655e-01
   8.2573987e-01   5.4774775e-01
   8.2641669e-01   5.4894895e-01
   8.2709163e-01   5.5015015e-01
   8.2776469e-01   5.5135135e-01
   8.2843587e-01   5.5255255e-01
   8.2910519e-01   5.5375375e-01
   8.2977263e-01   5.5495495e-01
   8.3043821e-01   5.5615616e-01
   8.3110193e-01   5.5735736e-01
   8.3176379e-01   5.5855856e-01
   8.3242380e-01   5.5975976e-01
   8.3308195e-01   5.6096096e-01
   8.3373824e-01   5.6216216e-01
   8.3439269e-01   5.6336336e-01
   8.3504530e-01   5.6456456e-01
   8.3569606e-01   5.6576577e-01
   8.3634499e-01   5.6696697e-01
   8.3699208e-01   5.6816817e-01
   8.3763733e-01   5.6936937e-01
   8.3828076e-01   5.7057057e-01
   8.3892235e-01   5.7177177e-01
   8.3956212e-01   5.7297297e-01
   8.4020007e-01   5.7417417e-01
   8.4083620e-01   5.7537538e-01
   8.4147052e-01   5.7657658e-01
   8.4210302e-01   5.7777778e-01
   8.4273371e-01   5.7897898e-01
   8.4336259e-01   5.8018018e-01
   8.4398967e-01   5.8138138e-01
   8.4461494e-01   5.8258258e-01
   8.4523842e-01   5.8378378e-01
   8.4586010e-01   5.8498498e-01
   8.4647999e-01   5.8618619e-01
   8.4709809e-01   5.8738739e-01
   8.4771439e-01   5.8858859e-01
   8.4832892e-01   5.8978979e-01
   8.4894166e-01   5.9099099e-01
   8.4955262e-01   5.9219219e-01
   8.5016181e-01   5.9339339e-01
   8.5076923e-01   5.9459459e-01
   8.5137487e-01   5.9579580e-01
   8.5197875e-01   5.9699700e-01
   8.5258086e-01   5.9819820e-01
   8.5318121e-01   5.9939940e-01
   8.5377980e-01   6.0060060e-01
   8.5437664e-01   6.0180180e-01
   8.5497172e-01   6.0300300e-01
   8.5556505e-01   6.0420420e-01
   8.5615664e-01   6.0540541e-01
   8.5674648e-01   6.0660661e-01
   8.5733458e-01   6.0780781e-01
   8.5792094e-01   6.0900901e-01
   8.5850557e-01   6.1021021e-01
   8.5908847e-01   6.1141141e-01
   8.5966963e-01   6.1261261e-01
   8.6024907e-01   6.1381381e-01
   8.6082678e-01   6.1501502e-01
   8.6140278e-01   6.1621622e-01
   8.6197706e-01   6.1741742e-01
   8.6254962e-01   6.1861862e-01
   8.6312047e-01   6.1981982e-01
   8.6368961e-01   6.2102102e-01
   8.6425705e-01   6.2222222e-01
   8.6482279e-01   6.2342342e-01
   8.6538682e-01   6.2462462e-01
   8.6594916e-01   6.2582583e-01
   8.6650980e-01   6.2702703e-01
   8.6706876e-01   6.2822823e-01
   8.6762603e-01   6.2942943e-01
   8.6818161e-01   6.3063063e-01
   8.6873551e-01   6.3183183e-01
   8.6928773e-01   6.3303303e-01
   8.6983828e-01   6.3423423e-01
   8.7038716e-01   6.3543544e-01
   8.7093436e-01   6.3663664e-01
   8.7147990e-01   6.3783784e-01
   8.7202378e-01   6.3903904e-01
   8.7256600e-01   6.4024024e-01
   8.7310656e-01   6.4144144e-01
   8.7364546e-01   6.4264264e-01
   8.7418272e-01   6.4384384e-01
   8.7471833e-01   6.4504505e-01
   8.7525229e-01   6.4624625e-01
   8.7578462e-01   6.4744745e-01
   8.7631530e-01   6.4864865e-01
   8.7684435e-01   6.4984985e-01
   8.7737177e-01   6.5105105e-01
   8.7789756e-01   6.5225225e-01
   8.7842173e-01   6.5345345e-01
   8.7894427e-01   6.5465465e-01
   8.7946519e-01   6.5585586e-01
   8.7998450e-01   6.5705706e-01
   8.8050219e-01   6.5825826e-01
   8.8101828e-01   6.5945946e-01
   8.8153276e-01   6.6066066e-01
   8.8204563e-01   6.6186186e-01
   8.8255691e-01   6.6306306e-01
   8.8306659e-01   6.6426426e-01
   8.8357467e-01   6.6546547e-01
   8.8408117e-01   6.6666667e-01
   8.8458607e-01   6.6786787e-01
   8.8508940e-01   6.6906907e-01
   8.8559114e-01   6.7027027e-01
   8.8609131e-01   6.7147147e-01
   8.8658990e-01   6.7267267e-01
   8.8708692e-01   6.7387387e-01
   8.8758238e-01   6.7507508e-01
   8.8807626e-01   6.7627628e-01
   8.8856859e-01   6.7747748e-01
   8.8905936e-01   6.7867868e-01
   8.8954858e-01   6.7987988e-01
   8.9003625e-01   6.8108108e-01
   8.9052236e-01   6.8228228e-01
   8.9100694e-01   6.8348348e-01
   8.9148997e-01   6.8468468e-01
   8.9197146e-01   6.8588589e-01
   8.9245142e-01   6.8708709e-01
   8.9292985e-01   6.8828829e-01
   8.9340675e-01   6.8948949e-01
   8.9388213e-01   6.9069069e-01
   8.9435598e-01   6.9189189e-01
   8.9482832e-01   6.9309309e-01
   8.9529914e-01   6.9429429e-01
   8.9576845e-01   6.9549550e-01
   8.9623625e-01   6.9669670e-01
   8.9670255e-01   6.9789790e-01
   8.9716735e-01   6.9909910e-01
   8.9763065e-01   7.0030030e-01
   8.9809245e-01   7.0150150e-01
   8.9855277e-01   7.0270270e-01
   8.9901159e-01   7.0390390e-01
   8.9946894e-01   7.0510511e-01
   8.9992480e-01   7.0630631e-01
   9.0037918e-01   7.0750751e-01
   9.0083209e-01   7.0870871e-01
   9.0128353e-01   7.0990991e-01
   9.0173351e-01   7.1111111e-01
   9.0218201e-01   7.1231231e-01
   9.0262906e-01   7.1351351e-01
   9.0307465e-01   7.1471471e-01
   9.0351879e-01   7.1591592e-01
   9.0396148e-01   7.1711712e-01
   9.0440272e-01   7.1831832e-01
   9.0484252e-01   7.1951952e-01
   9.0528087e-01   7.2072072e-01
   9.0571779e-01   7.2192192e-01
   9.0615328e-01   7.2312312e-01
   9.0658734e-01   7.2432432e-01
   9.0701997e-01   7.2552553e-01
   9.0745118e-01   7.2672673e-01
   9.0788097e-01   7.2792793e-01
   9.0830935e-01   7.2912913e-01
   9.0873631e-01   7.3033033e-01
   9.0916187e-01   7.3153153e-01
   9.0958601e-01   7.3273273e-01
   9.1000876e-01   7.3393393e-01
   9.1043011e-01   7.3513514e-01
   9.1085006e-01   7.3633634e-01
   9.1126862e-01   7.3753754e-01
   9.1168580e-01   7.3873874e-01
   9.1210158e-01   7.3993994e-01
   9.1251599e-01   7.4114114e-01
   9.1292902e-01   7.4234234e-01
   9.1334068e-01   7.4354354e-01
   9.1375096e-01   7.4474474e-01
   9.1415988e-01   7.4594595e-01
   9.1456743e-01   7.4714715e-01
   9.1497363e-01   7.4834835e-01
   9.1537846e-01   7.4954955e-01
   9.1578195e-01   7.5075075e-01
   9.1618408e-01   7.5195195e-01
   9.1658487e-01   7.5315315e-01
   9.1698431e-01   7.5435435e-01
   9.1738242e-01   7.5555556e-01
   9.1777919e-01   7.5675676e-01
   9.1817463e-01   7.5795796e-01
   9.1856874e-01   7.5915916e-01
   9.1896152e-01   7.6036036e-01
   9.1935298e-01   7.6156156e-01
   9.1974312e-01   7.6276276e-01
   9.2013195e-01   7.6396396e-01
   9.2051947e-01   7.6516517e-01
   9.2090567e-01   7.6636637e-01
   9.2129058e-01   7.6756757e-01
   9.2167418e-01   7.6876877e-01
   9.2205649e-01   7.6996997e-01
   9.2243750e-01   7.7117117e-01
   9.2281722e-01   7.7237237e-01
   9.2319565e-01   7.7357357e-01
   9.2357280e-01   7.7477477e-01
   9.2394867e-01   7.7597598e-01
   9.2432327e-01   7.7717718e-01
   9.2469659e-01   7.7837838e-01
   9.2506864e-01   7.7957958e-01
   9.2543942e-01   7.8078078e-01
   9.2580895e-01   7.8198198e-01
   9.2617721e-01   7.8318318e-01
   9.2654422e-01   7.8438438e-01
   9.2690997e-01   7.8558559e-01
   9.2727448e-01   7.8678679e-01
   9.2763774e-01   7.8798799e-01
   9.2799976e-01   7.8918919e-01
   9.2836055e-01   7.9039039e-01
   9.2872009e-01   7.9159159e-01
   9.2907841e-01   7.9279279e-01
   9.2943550e-01   7.9399399e-01
   9.2979136e-01   7.9519520e-01
   9.3014601e-01   7.9639640e-01
   9.3049943e-01   7.9759760e-01
   9.3085165e-01   7.9879880e-01
   9.3120265e-01   8.0000000e-01
   9.3155244e-01   8.0120120e-01
   9.3190104e-01   8.0240240e-01
   9.3224843e-01   8.0360360e-01
   9.3259462e-01   8.0480480e-01
   9.3293963e-01   8.0600601e-01
   9.3328344e-01   8.0720721e-01
   9.3362607e-01   8.0840841e-01
   9.3396751e-01   8.0960961e-01
   9.3430778e-01   8.1081081e-01
   9.3464687e-01   8.1201201e-01
   9.3498478e-01   8.1321321e-01
   9.3532153e-01   8.1441441e-01
   9.3565711e-01   8.1561562e-01
   9.3599153e-01   8.1681682e-01
   9.3632480e-01   8.1801802e-01
   9.3665690e-01   8.1921922e-01
   9.3698786e-01   8.2042042e-01
   9.3731767e-01   8.2162162e-01
   9.3764633e-01   8.2282282e-01
   9.3797385e-01   8.2402402e-01
   9.3830023e-01   8.2522523e-01
   9.3862548e-01   8.2642643e-01
   9.3894960e-01   8.2762763e-01
   9.3927259e-01   8.2882883e-01
   9.3959445e-01   8.3003003e-01
   9.3991520e-01   8.3123123e-01
   9.4023482e-01   8.3243243e-01
   9.4055334e-01   8.3363363e-01
   9.4087074e-01   8.3483483e-01
   9.4118703e-01   8.3603604e-01
   9.4150223e-01   8.3723724e-01
   9.4181632e-01   8.3843844e-01
   9.4212931e-01   8.3963964e-01
   9.4244121e-01   8.4084084e-01
   9.4275202e-01   8.4204204e-01
   9.4306174e-01   8.4324324e-01
   9.4337038e-01   8.4444444e-01
   9.4367794e-01   8.4564565e-01
   9.4398442e-01   8.4684685e-01
   9.4428983e-01   8.4804805e-01
   9.4459417e-01   8.4924925e-01
   9.4489744e-01   8.5045045e-01
   9.4519964e-01   8.5165165e-01
   9.4550079e-01   8.5285285e-01
   9.4580088e-01   8.5405405e-01
   9.4609992e-01   8.5525526e-01
   9.4639791e-01   8.5645646e-01
   9.4669485e-01   8.5765766e-01
   9.4699074e-01   8.5885886e-01
   9.4728560e-01   8.6006006e-01
   9.4757942e-01   8.6126126e-01
   9.4787221e-01   8.6246246e-01
   9.4816396e-01   8.6366366e-01
   9.4845469e-01   8.6486486e-01
   9.4874440e-01   8.6606607e-01
   9.4903308e-01   8.6726727e-01
   9.4932075e-01   8.6846847e-01
   9.4960740e-01   8.6966967e-01
   9.4989305e-01   8.7087087e-01
   9.5017768e-01   8.7207207e-01
   9.5046131e-01   8.7327327e-01
   9.5074395e-01   8.7447447e-01
   9.5102558e-01   8.7567568e-01
   9.5130622e-01   8.7687688e-01
   9.5158587e-01   8.7807808e-01
   9.5186453e-01   8.7927928e-01
   9.5214221e-01   8.8048048e-01
   9.5241890e-01   8.8168168e-01
   9.5269462e-01   8.8288288e-01
   9.5296936e-01   8.8408408e-01
   9.5324313e-01   8.8528529e-01
   9.5351594e-01   8.8648649e-01
   9.5378777e-01   8.8768769e-01
   9.5405865e-01   8.8888889e-01
   9.5432857e-01   8.9009009e-01
   9.5459753e-01   8.9129129e-01
   9.5486554e-01   8.9249249e-01
   9.5513260e-01   8.9369369e-01
   9.5539871e-01   8.9489489e-01
   9.5566388e-01   8.9609610e-01
   9.5592811e-01   8.9729730e-01
   9.5619141e-01   8.9849850e-01
   9.5645377e-01   8.9969970e-01
   9.5671520e-01   9.0090090e-01
   9.5697571e-01   9.0210210e-01
   9.5723529e-01   9.0330330e-01
   9.5749395e-01   9.0450450e-01
   9.5775169e-01   9.0570571e-01
   9.5800851e-01   9.0690691e-01
   9.5826443e-01   9.0810811e-01
   9.5851944e-01   9.0930931e-01
   9.5877354e-01   9.1051051e-01
   9.5902674e-01   9.1171171e-01
   9.5927904e-01   9.1291291e-01
   9.5953045e-01   9.1411411e-01
   9.5978096e-01   9.1531532e-01
   9.6003058e-01   9.1651652e-01
   9.6027932e-01   9.1771772e-01
   9.6052717e-01   9.1891892e-01
   9.6077414e-01   9.2012012e-01
   9.6102024e-01   9.2132132e-01
   9.6126546e-01   9.2252252e-01
   9.6150980e-01   9.2372372e-01
   9.6175328e-01   9.2492492e-01
   9.6199590e-01   9.2612613e-01
   9.6223765e-01   9.2732733e-01
   9.6247854e-01   9.2852853e-01
   9.6271858e-01   9.2972973e-01
   9.6295776e-01   9.3093093e-01
   9.6319609e-01   9.3213213e-01
   9.6343358e-01   9.3333333e-01
   9.6367022e-01   9.3453453e-01
   9.6390602e-01   9.3573574e-01
   9.6414098e-01   9.3693694e-01
   9.6437510e-01   9.3813814e-01
   9.6460840e-01   9.3933934e-01
   9.6484086e-01   9.4054054e-01
   9.6507250e-01   9.4174174e-01
   9.6530331e-01   9.4294294e-01
   9.6553330e-01   9.4414414e-01
   9.6576248e-01   9.4534535e-01
   9.6599084e-01   9.4654655e-01
   9.6621838e-01   9.4774775e-01
   9.6644512e-01   9.4894895e-01
   9.6667105e-01   9.5015015e-01
   9.6689618e-01   9.5135135e-01
   9.6712051e-01   9.5255255e-01
   9.6734404e-01   9.5375375e-01
   9.6756678e-01   9.5495495e-01
   9.6778872e-01   9.5615616e-01
   9.6800988e-01   9.5735736e-01
   9.6823025e-01   9.5855856e-01
   9.6844983e-01   9.5975976e-01
   9.6866864e-01   9.6096096e-01
   9.6888666e-01   9.6216216e-01
   9.6910392e-01   9.6336336e-01
   9.6932040e-01   9.6456456e-01
   9.6953611e-01   9.6576577e-01
   9.6975106e-01   9.6696697e-01
   9.6996524e-01   9.6816817e-01
   9.7017866e-01   9.6936937e-01
   9.7039132e-01   9.7057057e-01
   9.7060323e-01   9.7177177e-01
   9.7081439e-01   9.7297297e-01
   9.7102480e-01   9.7417417e-01
   9.7123446e-01   9.7537538e-01
   9.7144337e-01   9.7657658e-01
   9.7165155e-01   9.7777778e-01
   9.7185898e-01   9.7897898e-01
   9.7206568e-01   9.8018018e-01
   9.7227165e-01   9.8138138e-01
   9.7247688e-01   9.8258258e-01
   9.7268139e-01   9.8378378e-01
   9.7288518e-01   9.8498498e-01
   9.7308824e-01   9.8618619e-01
   9.7329058e-01   9.8738739e-01
   9.7349220e-01   9.8858859e-01
   9.7369311e-01   9.8978979e-01
   9.7389331e-01   9.9099099e-01
   9.7409280e-01   9.9219219e-01
   9.7429158e-01   9.9339339e-01
   9.7448966e-01   9.9459459e-01
   9.7468704e-01   9.9579580e-01
   9.7488372e-01   9.9699700e-01
   9.7507971e-01   9.9819820e-01
   9.7527500e-01   9.9939940e-01
   9.7546960e-01   1.0006006e+00
   9.7566351e-01   1.0018018e+00
   9.7585674e-01   1.0030030e+00
   9.7604928e-01   1.0042042e+00
   9.7624115e-01   1.0054054e+00
   9.7643234e-01   1.0066066e+00
   9.7662285e-01   1.0078078e+00
   9.7681269e-01   1.0090090e+00
   9.7700186e-01   1.0102102e+00
   9.7719036e-01   1.0114114e+00
   9.7737820e-01   1.0126126e+00
   9.7756538e-01   1.0138138e+00
   9.7775189e-01   1.0150150e+00
   9.7793775e-01   1.0162162e+00
   9.7812295e-01   1.0174174e+00
   9.7830751e-01   1.0186186e+00
   9.7849141e-01   1.0198198e+00
   9.7867466e-01   1.0210210e+00
   9.7885727e-01   1.0222222e+00
   9.7903924e-01   1.0234234e+00
   9.7922057e-01   1.0246246e+00
   9.7940126e-01   1.0258258e+00
   9.7958132e-01   1.0270270e+00
   9.7976074e-01   1.0282282e+00
   9.7993954e-01   1.0294294e+00
   9.8011770e-01   1.0306306e+00
   9.8029524e-01   1.0318318e+00
   9.8047216e-01   1.0330330e+00
   9.8064846e-01   1.0342342e+00
   9.8082414e-01   1.0354354e+00
   9.8099921e-01   1.0366366e+00
   9.8117366e-01   1.0378378e+00
   9.8134750e-01   1.0390390e+00
   9.8152074e-01   1.0402402e+00
   9.8169337e-01   1.0414414e+00
   9.8186539e-01   1.0426426e+00
   9.8203681e-01   1.0438438e+00
   9.8220764e-01   1.0450450e+00
   9.8237787e-01   1.0462462e+00
   9.8254750e-01   1.0474474e+00
   9.8271654e-01   1.0486486e+00
   9.8288499e-01   1.0498498e+00
   9.8305286e-01   1.0510511e+00
   9.8322014e-01   1.0522523e+00
   9.8338684e-01   1.0534535e+00
   9.8355296e-01   1.0546547e+00
   9.8371850e-01   1.0558559e+00
   9.8388346e-01   1.0570571e+00
   9.8404785e-01   1.0582583e+00
   9.8421167e-01   1.0594595e+00
   9.8437492e-01   1.0606607e+00
   9.8453761e-01   1.0618619e+00
   9.8469973e-01   1.0630631e+00
   9.8486128e-01   1.0642643e+00
   9.8502228e-01   1.0654655e+00
   9.8518272e-01   1.0666667e+00
   9.8534261e-01   1.0678679e+00
   9.8550194e-01   1.0690691e+00
   9.8566072e-01   1.0702703e+00
   9.8581895e-01   1.0714715e+00
   9.8597663e-01   1.0726727e+00
   9.8613377e-01   1.0738739e+00
   9.8629037e-01   1.0750751e+00
   9.8644643e-01   1.0762763e+00
   9.8660195e-01   1.0774775e+00
   9.8675693e-01   1.0786787e+00
   9.8691139e-01   1.0798799e+00
   9.8706530e-01   1.0810811e+00
   9.8721869e-01   1.0822823e+00
   9.8737156e-01   1.0834835e+00
   9.8752389e-01   1.0846847e+00
   9.8767571e-01   1.0858859e+00
   9.8782700e-01   1.0870871e+00
   9.8797777e-01   1.0882883e+00
   9.8812803e-01   1.0894895e+00
   9.8827778e-01   1.0906907e+00
   9.8842701e-01   1.0918919e+00
   9.8857573e-01   1.0930931e+00
   9.8872394e-01   1.0942943e+00
   9.8887164e-01   1.0954955e+00
   9.8901884e-01   1.0966967e+00
   9.8916554e-01   1.0978979e+00
   9.8931174e-01   1.0990991e+00
   9.8945744e-01   1.1003003e+00
   9.8960264e-01   1.1015015e+00
   9.8974735e-01   1.1027027e+00
   9.8989157e-01   1.1039039e+00
   9.9003530e-01   1.1051051e+00
   9.9017853e-01   1.1063063e+00
   9.9032129e-01   1.1075075e+00
   9.9046356e-01   1.1087087e+00
   9.9060534e-01   1.1099099e+00
   9.9074665e-01   1.1111111e+00
   9.9088747e-01   1.1123123e+00
   9.9102783e-01   1.1135135e+00
   9.9116770e-01   1.1147147e+00
   9.9130711e-01   1.1159159e+00
   9.9144604e-01   1.1171171e+00
   9.9158451e-01   1.1183183e+00
   9.9172250e-01   1.1195195e+00
   9.9186004e-01   1.1207207e+00
   9.9199711e-01   1.1219219e+00
   9.9213372e-01   1.1231231e+00
   9.9226987e-01   1.1243243e+00
   9.9240556e-01   1.1255255e+00
   9.9254080e-01   1.1267267e+00
   9.9267559e-01   1.1279279e+00
   9.9280992e-01   1.1291291e+00
   9.9294380e-01   1.1303303e+00
   9.9307724e-01   1.1315315e+00
   9.9321023e-01   1.1327327e+00
   9.9334278e-01   1.1339339e+00
   9.9347488e-01   1.1351351e+00
   9.9360654e-01   1.1363363e+00
   9.9373777e-01   1.1375375e+00
   9.9386856e-01   1.1387387e+00
   9.9399891e-01   1.1399399e+00
   9.9412883e-01   1.1411411e+00
   9.9425832e-01   1.1423423e+00
   9.9438737e-01   1.1435435e+00
   9.9451600e-01   1.1447447e+00
   9.9464421e-01   1.1459459e+00
   9.9477199e-01   1.1471471e+00
   9.9489935e-01   1.1483483e+00
   9.9502628e-01   1.1495495e+00
   9.9515280e-01   1.1507508e+00
   9.9527890e-01   1.1519520e+00
   9.9540458e-01   1.1531532e+00
   9.9552986e-01   1.1543544e+00
   9.9565471e-01   1.1555556e+00
   9.9577916e-01   1.1567568e+00
   9.9590320e-01   1.1579580e+00
   9.9602684e-01   1.1591592e+00
   9.9615006e-01   1.1603604e+00
   9.9627289e-01   1.1615616e+00
   9.9639531e-01   1.1627628e+00
   9.9651733e-01   1.1639640e+00
   9.9663896e-01   1.1651652e+00
   9.9676018e-01   1.1663664e+00
   9.9688101e-01   1.1675676e+00
   9.9700145e-01   1.1687688e+00
   9.9712150e-01   1.1699700e+00
   9.9724115e-01   1.1711712e+00
   9.9736042e-01   1.1723724e+00
   9.9747930e-01   1.1735736e+00
   9.9759780e-01   1.1747748e+00
   9.9771591e-01   1.1759760e+00
   9.9783364e-01   1.1771772e+00
   9.9795099e-01   1.1783784e+00
   9.9806796e-01   1.1795796e+00
   9.9818455e-01   1.1807808e+00
   9.9830077e-01   1.1819820e+00
   9.9841661e-01   1.1831832e+00
   9.9853208e-01   1.1843844e+00
   9.9864718e-01   1.1855856e+00
   9.9876191e-01   1.1867868e+00
   9.9887627e-01   1.1879880e+00
   9.9899027e-01   1.1891892e+00
   9.9910390e-01   1.1903904e+00
   9.9921717e-01   1.1915916e+00
   9.9933007e-01   1.1927928e+00
   9.9944262e-01   1.1939940e+00
   9.9955481e-01   1.1951952e+00
   9.9966664e-01   1.1963964e+00
   9.9977811e-01   1.1975976e+00
   9.9988923e-01   1.1987988e+00
   1.0000000e+00   1.2000000e+00
