   1.9061078e-02   0.0000000e+00
   3.8107767e-02   7.5777109e-02
   5.7111391e-02   1.5155422e-01
   7.6043575e-02   2.2733133e-01
   9.4876441e-02   3.0310844e-01
   1.1358280e-01   3.7888555e-01
   1.3213634e-01   4.5466266e-01
   1.5051176e-01   5.3043976e-01
   1.6868499e-01   6.0621687e-01
   1.8663325e-01   6.8199398e-01
   2.0433525e-01   7.5777109e-01
   2.2177124e-01   8.3354820e-01
   2.3892311e-01   9.0932531e-01
   2.5577448e-01   9.8510242e-01
   2.7231071e-01   1.0608795e+00
   2.8851894e-01   1.1366566e+00
   3.0438812e-01   1.2124337e+00
   3.1990896e-01   1.2882109e+00
   3.3507396e-01   1.3639880e+00
   3.4987731e-01   1.4397651e+00
   3.6431485e-01   1.5155422e+00
   3.7838403e-01   1.5913193e+00
   3.9208382e-01   1.6670964e+00
   4.0541458e-01   1.7428735e+00
   4.1837803e-01   1.8186506e+00
   4.3097711e-01   1.8944277e+00
   4.4321587e-01   1.9702048e+00
   4.5509939e-01   2.0459819e+00
   4.6663366e-01   2.1217591e+00
   4.7782546e-01   2.1975362e+00
   4.8868228e-01   2.2733133e+00
   4.9921220e-01   2.3490904e+00
   5.0942381e-01   2.4248675e+00
   5.1932609e-01   2.5006446e+00
   5.2892834e-01   2.5764217e+00
   5.3824010e-01   2.6521988e+00
   5.4727108e-01   2.7279759e+00
   5.5603105e-01   2.8037530e+00
   5.6452984e-01   2.8795302e+00
   5.7277722e-01   2.9553073e+00
   5.8078290e-01   3.0310844e+00
   5.8855646e-01   3.1068615e+00
   5.9610732e-01   3.1826386e+00
   6.0344468e-01   3.2584157e+00
   6.1057754e-01   3.3341928e+00
   6.1751464e-01   3.4099699e+00
   6.2426446e-01   3.4857470e+00
   6.3083519e-01   3.5615241e+00
   6.3723474e-01   3.6373012e+00
   6.4347072e-01   3.7130784e+00
   6.4955042e-01   3.7888555e+00
   6.5548084e-01   3.8646326e+00
   6.6126869e-01   3.9404097e+00
   6.6692034e-01   4.0161868e+00
   6.7244190e-01   4.0919639e+00
   6.7783918e-01   4.1677410e+00
   6.8311769e-01   4.2435181e+00
   6.8828268e-01   4.3192952e+00
   6.9333913e-01   4.3950723e+00
   6.9829175e-01   4.4708494e+00
   7.0314503e-01   4.5466266e+00
   7.0790319e-01   4.6224037e+00
   7.1257023e-01   4.6981808e+00
   7.1714995e-01   4.7739579e+00
   7.2164593e-01   4.8497350e+00
   7.2606153e-01   4.9255121e+00
   7.3039996e-01   5.0012892e+00
   7.3466422e-01   5.0770663e+00
   7.3885716e-01   5.1528434e+00
   7.4298146e-01   5.2286205e+00
   7.4703965e-01   5.3043976e+00
   7.5103410e-01   5.3801748e+00
   7.5496708e-01   5.4559519e+00
   7.5884069e-01   5.5317290e+00
   7.6265693e-01   5.6075061e+00
   7.6641769e-01   5.6832832e+00
   7.7012474e-01   5.7590603e+00
   7.7377975e-01   5.8348374e+00
   7.7738430e-01   5.9106145e+00
   7.8093986e-01   5.9863916e+00
   7.8444784e-01   6.0621687e+00
   7.8790955e-01   6.1379458e+00
   7.9132624e-01   6.2137230e+00
   7.9469906e-01   6.2895001e+00
   7.9802911e-01   6.3652772e+00
   8.0131745e-01   6.4410543e+00
   8.0456502e-01   6.5168314e+00
   8.0777277e-01   6.5926085e+00
   8.1094154e-01   6.6683856e+00
   8.1407216e-01   6.7441627e+00
   8.1716539e-01   6.8199398e+00
   8.2022196e-01   6.8957169e+00
   8.2324254e-01   6.9714940e+00
   8.2622777e-01   7.0472712e+00
   8.2917825e-01   7.1230483e+00
   8.3209457e-01   7.1988254e+00
   8.3497724e-01   7.2746025e+00
   8.3782679e-01   7.3503796e+00
   8.4064368e-01   7.4261567e+00
   8.4342837e-01   7.5019338e+00
   8.4618128e-01   7.5777109e+00
   8.4890282e-01   7.6534880e+00
   8.5159337e-01   7.7292651e+00
   8.5425329e-01   7.8050423e+00
   8.5688292e-01   7.8808194e+00
   8.5948260e-01   7.9565965e+00
   8.6205263e-01   8.0323736e+00
   8.6459331e-01   8.1081507e+00
   8.6710493e-01   8.1839278e+00
   8.6958774e-01   8.2597049e+00
   8.7204202e-01   8.3354820e+00
   8.7446802e-01   8.4112591e+00
   8.7686596e-01   8.4870362e+00
   8.7923610e-01   8.5628133e+00
   8.8157864e-01   8.6385905e+00
   8.8389381e-01   8.7143676e+00
   8.8618182e-01   8.7901447e+00
   8.8844288e-01   8.8659218e+00
   8.9067719e-01   8.9416989e+00
   8.9288494e-01   9.0174760e+00
   8.9506633e-01   9.0932531e+00
   8.9722154e-01   9.1690302e+00
   8.9935078e-01   9.2448073e+00
   9.0145422e-01   9.3205844e+00
   9.0353205e-01   9.3963615e+00
   9.0558444e-01   9.4721387e+00
   9.0761159e-01   9.5479158e+00
   9.0961366e-01   9.6236929e+00
   9.1159084e-01   9.6994700e+00
   9.1354331e-01   9.7752471e+00
   9.1547125e-01   9.8510242e+00
   9.1737483e-01   9.9268013e+00
   9.1925424e-01   1.0002578e+01
   9.2110965e-01   1.0078356e+01
   9.2294124e-01   1.0154133e+01
   9.2474919e-01   1.0229910e+01
   9.2653369e-01   1.0305687e+01
   9.2829491e-01   1.0381464e+01
   9.3003303e-01   1.0457241e+01
   9.3174825e-01   1.0533018e+01
   9.3344073e-01   1.0608795e+01
   9.3511067e-01   1.0684572e+01
   9.3675826e-01   1.0760350e+01
   9.3838367e-01   1.0836127e+01
   9.3998710e-01   1.0911904e+01
   9.4156873e-01   1.0987681e+01
   9.4312875e-01   1.1063458e+01
   9.4466736e-01   1.1139235e+01
   9.4618474e-01   1.1215012e+01
   9.4768108e-01   1.1290789e+01
   9.4915658e-01   1.1366566e+01
   9.5061144e-01   1.1442343e+01
   9.5204583e-01   1.1518121e+01
   9.5345997e-01   1.1593898e+01
   9.5485404e-01   1.1669675e+01
   9.5622823e-01   1.1745452e+01
   9.5758276e-01   1.1821229e+01
   9.5891780e-01   1.1897006e+01
   9.6023357e-01   1.1972783e+01
   9.6153025e-01   1.2048560e+01
   9.6280805e-01   1.2124337e+01
   9.6406715e-01   1.2200115e+01
   9.6530777e-01   1.2275892e+01
   9.6653010e-01   1.2351669e+01
   9.6773433e-01   1.2427446e+01
   9.6892067e-01   1.2503223e+01
   9.7008932e-01   1.2579000e+01
   9.7124046e-01   1.2654777e+01
   9.7237431e-01   1.2730554e+01
   9.7349105e-01   1.2806331e+01
   9.7459089e-01   1.2882109e+01
   9.7567402e-01   1.2957886e+01
   9.7674065e-01   1.3033663e+01
   9.7779096e-01   1.3109440e+01
   9.7882515e-01   1.3185217e+01
   9.7984342e-01   1.3260994e+01
   9.8084596e-01   1.3336771e+01
   9.8183297e-01   1.3412548e+01
   9.8280464e-01   1.3488325e+01
   9.8376116e-01   1.3564103e+01
   9.8470273e-01   1.3639880e+01
   9.8562954e-01   1.3715657e+01
   9.8654178e-01   1.3791434e+01
   9.8743963e-01   1.3867211e+01
   9.8832329e-01   1.3942988e+01
   9.8919295e-01   1.4018765e+01
   9.9004878e-01   1.4094542e+01
   9.9089098e-01   1.4170319e+01
   9.9171973e-01   1.4246097e+01
   9.9253522e-01   1.4321874e+01
   9.9333762e-01   1.4397651e+01
   9.9412713e-01   1.4473428e+01
   9.9490391e-01   1.4549205e+01
   9.9566814e-01   1.4624982e+01
   9.9642001e-01   1.4700759e+01
   9.9715970e-01   1.4776536e+01
   9.9788736e-01   1.4852313e+01
   9.9860319e-01   1.4928091e+01
   9.9930734e-01   1.5003868e+01
   1.0000000e+00   1.5079645e+01
