   0.0000000e+00   0.0000000e+00
   1.6147184e-02   1.6195616e-01
   3.2294369e-02   5.5127216e-01
   4.8441553e-02   1.0372070e+00
   6.4588737e-02   1.5347601e+00
   8.0735922e-02   2.0091724e+00
   9.6883106e-02   2.4586250e+00
   1.1303029e-01   2.8940415e+00
   1.2917747e-01   3.3261990e+00
   1.4532466e-01   3.7608813e+00
   1.6147184e-01   4.1988630e+00
   1.7761903e-01   4.6376578e+00
   1.9376621e-01   5.0733300e+00
   2.0991340e-01   5.5017708e+00
   2.2606058e-01   5.9194029e+00
   2.4220777e-01   6.3234666e+00
   2.5835495e-01   6.7120539e+00
   2.7450213e-01   7.0840182e+00
   2.9064932e-01   7.4388343e+00
   3.0679650e-01   7.7764552e+00
   3.2294369e-01   8.0971822e+00
   3.3909087e-01   8.4015590e+00
   3.5523806e-01   8.6902868e+00
   3.7138524e-01   8.9641606e+00
   3.8753242e-01   9.2240226e+00
   4.0367961e-01   9.4707278e+00
   4.1982679e-01   9.7051212e+00
   4.3597398e-01   9.9280215e+00
   4.5212116e-01   1.0140211e+01
   4.6826835e-01   1.0342431e+01
   4.8441553e-01   1.0535377e+01
   5.0056272e-01   1.0719698e+01
   5.1670990e-01   1.0895998e+01
   5.3285708e-01   1.1064837e+01
   5.4900427e-01   1.1226732e+01
   5.6515145e-01   1.1382162e+01
   5.8129864e-01   1.1531567e+01
   5.9744582e-01   1.1675353e+01
   6.1359301e-01   1.1813893e+01
   6.2974019e-01   1.1947533e+01
   6.4588737e-01   1.2076587e+01
   6.6203456e-01   1.2201349e+01
   6.7818174e-01   1.2322085e+01
   6.9432893e-01   1.2439044e+01
   7.1047611e-01   1.2552453e+01
   7.2662330e-01   1.2662521e+01
   7.4277048e-01   1.2769442e+01
   7.5891767e-01   1.2873396e+01
   7.7506485e-01   1.2974546e+01
   7.9121203e-01   1.3073045e+01
   8.0735922e-01   1.3169034e+01
   8.2350640e-01   1.3262643e+01
   8.3965359e-01   1.3353993e+01
   8.5580077e-01   1.3443195e+01
   8.7194796e-01   1.3530353e+01
   8.8809514e-01   1.3615564e+01
   9.0424232e-01   1.3698915e+01
   9.2038951e-01   1.3780490e+01
   9.3653669e-01   1.3860366e+01
   9.5268388e-01   1.3938615e+01
   9.6883106e-01   1.4015303e+01
   9.8497825e-01   1.4090492e+01
   1.0011254e+00   1.4164241e+01
   1.0172726e+00   1.4236603e+01
   1.0334198e+00   1.4307628e+01
   1.0495670e+00   1.4377365e+01
   1.0657142e+00   1.4445858e+01
   1.0818614e+00   1.4513147e+01
   1.0980085e+00   1.4579271e+01
   1.1141557e+00   1.4644267e+01
   1.1303029e+00   1.4708168e+01
   1.1464501e+00   1.4771008e+01
   1.1625973e+00   1.4832816e+01
   1.1787445e+00   1.4893620e+01
   1.1948916e+00   1.4953448e+01
   1.2110388e+00   1.5012324e+01
   1.2271860e+00   1.5070273e+01
   1.2433332e+00   1.5127316e+01
   1.2594804e+00   1.5183476e+01
   1.2756276e+00   1.5238773e+01
   1.2917747e+00   1.5293226e+01
   1.3079219e+00   1.5346853e+01
   1.3240691e+00   1.5399672e+01
   1.3402163e+00   1.5451699e+01
   1.3563635e+00   1.5502949e+01
   1.3725107e+00   1.5553439e+01
   1.3886579e+00   1.5603183e+01
   1.4048050e+00   1.5652194e+01
   1.4209522e+00   1.5700485e+01
   1.4370994e+00   1.5748070e+01
   1.4532466e+00   1.5794961e+01
   1.4693938e+00   1.5841169e+01
   1.4855410e+00   1.5886705e+01
   1.5016881e+00   1.5931581e+01
   1.5178353e+00   1.5975808e+01
   1.5339825e+00   1.6019395e+01
   1.5501297e+00   1.6062353e+01
   1.5662769e+00   1.6104690e+01
   1.5824241e+00   1.6146418e+01
   1.5985713e+00   1.6187543e+01
   1.6147184e+00   1.6228076e+01
   1.6308656e+00   1.6268026e+01
   1.6470128e+00   1.6307399e+01
   1.6631600e+00   1.6346205e+01
   1.6793072e+00   1.6384452e+01
   1.6954544e+00   1.6422148e+01
   1.7116015e+00   1.6459299e+01
   1.7277487e+00   1.6495915e+01
   1.7438959e+00   1.6532001e+01
   1.7600431e+00   1.6567566e+01
   1.7761903e+00   1.6602617e+01
   1.7923375e+00   1.6637160e+01
   1.8084846e+00   1.6671202e+01
   1.8246318e+00   1.6704750e+01
   1.8407790e+00   1.6737812e+01
   1.8569262e+00   1.6770392e+01
   1.8730734e+00   1.6802499e+01
   1.8892206e+00   1.6834138e+01
   1.9053678e+00   1.6865315e+01
   1.9215149e+00   1.6896037e+01
   1.9376621e+00   1.6926309e+01
   1.9538093e+00   1.6956139e+01
   1.9699565e+00   1.6985531e+01
   1.9861037e+00   1.7014492e+01
   2.0022509e+00   1.7043028e+01
   2.0183980e+00   1.7071143e+01
   2.0345452e+00   1.7098845e+01
   2.0506924e+00   1.7126139e+01
   2.0668396e+00   1.7153029e+01
   2.0829868e+00   1.7179522e+01
   2.0991340e+00   1.7205623e+01
   2.1152812e+00   1.7231338e+01
   2.1314283e+00   1.7256671e+01
   2.1475755e+00   1.7281628e+01
   2.1637227e+00   1.7306215e+01
   2.1798699e+00   1.7330435e+01
   2.1960171e+00   1.7354295e+01
   2.2121643e+00   1.7377799e+01
   2.2283114e+00   1.7400953e+01
   2.2444586e+00   1.7423761e+01
   2.2606058e+00   1.7446228e+01
   2.2767530e+00   1.7468359e+01
   2.2929002e+00   1.7490159e+01
   2.3090474e+00   1.7511632e+01
   2.3251945e+00   1.7532783e+01
   2.3413417e+00   1.7553616e+01
   2.3574889e+00   1.7574137e+01
   2.3736361e+00   1.7594349e+01
   2.3897833e+00   1.7614258e+01
   2.4059305e+00   1.7633866e+01
   2.4220777e+00   1.7653180e+01
   2.4382248e+00   1.7672203e+01
   2.4543720e+00   1.7690939e+01
   2.4705192e+00   1.7709392e+01
   2.4866664e+00   1.7727567e+01
   2.5028136e+00   1.7745468e+01
   2.5189608e+00   1.7763099e+01
   2.5351079e+00   1.7780463e+01
   2.5512551e+00   1.7797565e+01
   2.5674023e+00   1.7814408e+01
   2.5835495e+00   1.7830997e+01
   2.5996967e+00   1.7847335e+01
   2.6158439e+00   1.7863426e+01
   2.6319911e+00   1.7879274e+01
   2.6481382e+00   1.7894882e+01
   2.6642854e+00   1.7910253e+01
   2.6804326e+00   1.7925393e+01
   2.6965798e+00   1.7940303e+01
   2.7127270e+00   1.7954988e+01
   2.7288742e+00   1.7969450e+01
   2.7450213e+00   1.7983694e+01
   2.7611685e+00   1.7997722e+01
   2.7773157e+00   1.8011538e+01
   2.7934629e+00   1.8025145e+01
   2.8096101e+00   1.8038547e+01
   2.8257573e+00   1.8051746e+01
   2.8419044e+00   1.8064745e+01
   2.8580516e+00   1.8077548e+01
   2.8741988e+00   1.8090158e+01
   2.8903460e+00   1.8102577e+01
   2.9064932e+00   1.8114809e+01
   2.9226404e+00   1.8126857e+01
   2.9387876e+00   1.8138722e+01
   2.9549347e+00   1.8150409e+01
   2.9710819e+00   1.8161920e+01
   2.9872291e+00   1.8173257e+01
   3.0033763e+00   1.8184424e+01
   3.0195235e+00   1.8195423e+01
   3.0356707e+00   1.8206256e+01
   3.0518178e+00   1.8216926e+01
   3.0679650e+00   1.8227437e+01
   3.0841122e+00   1.8237789e+01
   3.1002594e+00   1.8247987e+01
   3.1164066e+00   1.8258031e+01
   3.1325538e+00   1.8267925e+01
   3.1487010e+00   1.8277671e+01
   3.1648481e+00   1.8287271e+01
   3.1809953e+00   1.8296728e+01
   3.1971425e+00   1.8306043e+01
   3.2132897e+00   1.8315220e+01
   3.2294369e+00   1.8324259e+01
   3.2455841e+00   1.8333164e+01
   3.2617312e+00   1.8341937e+01
   3.2778784e+00   1.8350579e+01
   3.2940256e+00   1.8359093e+01
   3.3101728e+00   1.8367480e+01
   3.3263200e+00   1.8375743e+01
   3.3424672e+00   1.8383883e+01
   3.3586143e+00   1.8391903e+01
   3.3747615e+00   1.8399805e+01
   3.3909087e+00   1.8407590e+01
   3.4070559e+00   1.8415260e+01
   3.4232031e+00   1.8422817e+01
   3.4393503e+00   1.8430262e+01
   3.4554975e+00   1.8437598e+01
   3.4716446e+00   1.8444827e+01
   3.4877918e+00   1.8451949e+01
   3.5039390e+00   1.8458967e+01
   3.5200862e+00   1.8465882e+01
   3.5362334e+00   1.8472696e+01
   3.5523806e+00   1.8479410e+01
   3.5685277e+00   1.8486027e+01
   3.5846749e+00   1.8492547e+01
   3.6008221e+00   1.8498972e+01
   3.6169693e+00   1.8505304e+01
   3.6331165e+00   1.8511544e+01
   3.6492637e+00   1.8517693e+01
   3.6654109e+00   1.8523754e+01
   3.6815580e+00   1.8529726e+01
   3.6977052e+00   1.8535613e+01
   3.7138524e+00   1.8541414e+01
   3.7299996e+00   1.8547132e+01
   3.7461468e+00   1.8552768e+01
   3.7622940e+00   1.8558322e+01
   3.7784411e+00   1.8563797e+01
   3.7945883e+00   1.8569194e+01
   3.8107355e+00   1.8574513e+01
   3.8268827e+00   1.8579756e+01
   3.8430299e+00   1.8584925e+01
   3.8591771e+00   1.8590020e+01
   3.8753242e+00   1.8595042e+01
   3.8914714e+00   1.8599993e+01
   3.9076186e+00   1.8604874e+01
   3.9237658e+00   1.8609686e+01
   3.9399130e+00   1.8614429e+01
   3.9560602e+00   1.8619106e+01
   3.9722074e+00   1.8623716e+01
   3.9883545e+00   1.8628262e+01
   4.0045017e+00   1.8632743e+01
   4.0206489e+00   1.8637162e+01
   4.0367961e+00   1.8641519e+01
   4.0529433e+00   1.8645815e+01
   4.0690905e+00   1.8650051e+01
   4.0852376e+00   1.8654227e+01
   4.1013848e+00   1.8658346e+01
   4.1175320e+00   1.8662407e+01
   4.1336792e+00   1.8666412e+01
   4.1498264e+00   1.8670361e+01
   4.1659736e+00   1.8674255e+01
   4.1821208e+00   1.8678096e+01
   4.1982679e+00   1.8681884e+01
   4.2144151e+00   1.8685619e+01
   4.2305623e+00   1.8689303e+01
   4.2467095e+00   1.8692936e+01
   4.2628567e+00   1.8696520e+01
   4.2790039e+00   1.8700055e+01
   4.2951510e+00   1.8703541e+01
   4.3112982e+00   1.8706979e+01
   4.3274454e+00   1.8710371e+01
   4.3435926e+00   1.8713717e+01
   4.3597398e+00   1.8717017e+01
   4.3758870e+00   1.8720272e+01
   4.3920341e+00   1.8723483e+01
   4.4081813e+00   1.8726651e+01
   4.4243285e+00   1.8729777e+01
   4.4404757e+00   1.8732860e+01
   4.4566229e+00   1.8735901e+01
   4.4727701e+00   1.8738902e+01
   4.4889173e+00   1.8741863e+01
   4.5050644e+00   1.8744784e+01
   4.5212116e+00   1.8747666e+01
   4.5373588e+00   1.8750509e+01
   4.5535060e+00   1.8753315e+01
   4.5696532e+00   1.8756083e+01
   4.5858004e+00   1.8758815e+01
   4.6019475e+00   1.8761510e+01
   4.6180947e+00   1.8764170e+01
   4.6342419e+00   1.8766795e+01
   4.6503891e+00   1.8769385e+01
   4.6665363e+00   1.8771941e+01
   4.6826835e+00   1.8774464e+01
   4.6988307e+00   1.8776953e+01
   4.7149778e+00   1.8779410e+01
   4.7311250e+00   1.8781835e+01
   4.7472722e+00   1.8784228e+01
   4.7634194e+00   1.8786590e+01
   4.7795666e+00   1.8788922e+01
   4.7957138e+00   1.8791223e+01
   4.8118609e+00   1.8793494e+01
   4.8280081e+00   1.8795736e+01
   4.8441553e+00   1.8797949e+01
   4.8603025e+00   1.8800134e+01
   4.8764497e+00   1.8802290e+01
   4.8925969e+00   1.8804419e+01
   4.9087440e+00   1.8806520e+01
   4.9248912e+00   1.8808595e+01
   4.9410384e+00   1.8810643e+01
   4.9571856e+00   1.8812665e+01
   4.9733328e+00   1.8814662e+01
   4.9894800e+00   1.8816633e+01
   5.0056272e+00   1.8818579e+01
   5.0217743e+00   1.8820500e+01
   5.0379215e+00   1.8822397e+01
   5.0540687e+00   1.8824270e+01
   5.0702159e+00   1.8826120e+01
   5.0863631e+00   1.8827947e+01
   5.1025103e+00   1.8829750e+01
   5.1186574e+00   1.8831531e+01
   5.1348046e+00   1.8833290e+01
   5.1509518e+00   1.8835026e+01
   5.1670990e+00   1.8836742e+01
   5.1832462e+00   1.8838435e+01
   5.1993934e+00   1.8840108e+01
   5.2155406e+00   1.8841760e+01
   5.2316877e+00   1.8843392e+01
   5.2478349e+00   1.8845003e+01
   5.2639821e+00   1.8846595e+01
   5.2801293e+00   1.8848167e+01
   5.2962765e+00   1.8849720e+01
   5.3124237e+00   1.8851254e+01
   5.3285708e+00   1.8852769e+01
   5.3447180e+00   1.8854266e+01
   5.3608652e+00   1.8855744e+01
   5.3770124e+00   1.8857204e+01
   5.3931596e+00   1.8858647e+01
   5.4093068e+00   1.8860072e+01
   5.4254539e+00   1.8861480e+01
   5.4416011e+00   1.8862871e+01
   5.4577483e+00   1.8864245e+01
   5.4738955e+00   1.8865603e+01
   5.4900427e+00   1.8866944e+01
   5.5061899e+00   1.8868269e+01
   5.5223371e+00   1.8869579e+01
   5.5384842e+00   1.8870872e+01
   5.5546314e+00   1.8872151e+01
   5.5707786e+00   1.8873414e+01
   5.5869258e+00   1.8874662e+01
   5.6030730e+00   1.8875895e+01
   5.6192202e+00   1.8877114e+01
   5.6353673e+00   1.8878318e+01
   5.6515145e+00   1.8879509e+01
   5.6676617e+00   1.8880685e+01
   5.6838089e+00   1.8881847e+01
   5.6999561e+00   1.8882996e+01
   5.7161033e+00   1.8884131e+01
   5.7322505e+00   1.8885253e+01
   5.7483976e+00   1.8886362e+01
   5.7645448e+00   1.8887458e+01
   5.7806920e+00   1.8888541e+01
   5.7968392e+00   1.8889612e+01
   5.8129864e+00   1.8890670e+01
   5.8291336e+00   1.8891716e+01
   5.8452807e+00   1.8892750e+01
   5.8614279e+00   1.8893772e+01
   5.8775751e+00   1.8894782e+01
   5.8937223e+00   1.8895781e+01
   5.9098695e+00   1.8896768e+01
   5.9260167e+00   1.8897744e+01
   5.9421638e+00   1.8898709e+01
   5.9583110e+00   1.8899663e+01
   5.9744582e+00   1.8900606e+01
   5.9906054e+00   1.8901538e+01
   6.0067526e+00   1.8902460e+01
   6.0228998e+00   1.8903371e+01
   6.0390470e+00   1.8904272e+01
   6.0551941e+00   1.8905163e+01
   6.0713413e+00   1.8906044e+01
   6.0874885e+00   1.8906915e+01
   6.1036357e+00   1.8907776e+01
   6.1197829e+00   1.8908628e+01
   6.1359301e+00   1.8909470e+01
   6.1520772e+00   1.8910302e+01
   6.1682244e+00   1.8911126e+01
   6.1843716e+00   1.8911940e+01
   6.2005188e+00   1.8912745e+01
   6.2166660e+00   1.8913542e+01
   6.2328132e+00   1.8914329e+01
   6.2489603e+00   1.8915108e+01
   6.2651075e+00   1.8915878e+01
   6.2812547e+00   1.8916640e+01
   6.2974019e+00   1.8917393e+01
   6.3135491e+00   1.8918139e+01
   6.3296963e+00   1.8918876e+01
   6.3458435e+00   1.8919605e+01
   6.3619906e+00   1.8920326e+01
   6.3781378e+00   1.8921039e+01
   6.3942850e+00   1.8921744e+01
   6.4104322e+00   1.8922442e+01
   6.4265794e+00   1.8923132e+01
   6.4427266e+00   1.8923815e+01
   6.4588737e+00   1.8924491e+01
   6.4750209e+00   1.8925159e+01
   6.4911681e+00   1.8925820e+01
   6.5073153e+00   1.8926474e+01
   6.5234625e+00   1.8927121e+01
   6.5396097e+00   1.8927761e+01
   6.5557569e+00   1.8928394e+01
   6.5719040e+00   1.8929021e+01
   6.5880512e+00   1.8929640e+01
   6.6041984e+00   1.8930254e+01
   6.6203456e+00   1.8930860e+01
   6.6364928e+00   1.8931461e+01
   6.6526400e+00   1.8932055e+01
   6.6687871e+00   1.8932642e+01
   6.6849343e+00   1.8933224e+01
   6.7010815e+00   1.8933799e+01
   6.7172287e+00   1.8934369e+01
   6.7333759e+00   1.8934932e+01
   6.7495231e+00   1.8935490e+01
   6.7656702e+00   1.8936042e+01
   6.7818174e+00   1.8936588e+01
   6.7979646e+00   1.8937128e+01
   6.8141118e+00   1.8937663e+01
   6.8302590e+00   1.8938192e+01
   6.8464062e+00   1.8938716e+01
   6.8625534e+00   1.8939234e+01
   6.8787005e+00   1.8939747e+01
   6.8948477e+00   1.8940255e+01
   6.9109949e+00   1.8940758e+01
   6.9271421e+00   1.8941255e+01
   6.9432893e+00   1.8941747e+01
   6.9594365e+00   1.8942235e+01
   6.9755836e+00   1.8942717e+01
   6.9917308e+00   1.8943194e+01
   7.0078780e+00   1.8943667e+01
   7.0240252e+00   1.8944135e+01
   7.0401724e+00   1.8944598e+01
   7.0563196e+00   1.8945056e+01
   7.0724668e+00   1.8945510e+01
   7.0886139e+00   1.8945959e+01
   7.1047611e+00   1.8946404e+01
   7.1209083e+00   1.8946844e+01
   7.1370555e+00   1.8947280e+01
   7.1532027e+00   1.8947711e+01
   7.1693499e+00   1.8948138e+01
   7.1854970e+00   1.8948561e+01
   7.2016442e+00   1.8948980e+01
   7.2177914e+00   1.8949394e+01
   7.2339386e+00   1.8949805e+01
   7.2500858e+00   1.8950211e+01
   7.2662330e+00   1.8950613e+01
   7.2823801e+00   1.8951012e+01
   7.2985273e+00   1.8951406e+01
   7.3146745e+00   1.8951797e+01
   7.3308217e+00   1.8952184e+01
   7.3469689e+00   1.8952567e+01
   7.3631161e+00   1.8952946e+01
   7.3792633e+00   1.8953321e+01
   7.3954104e+00   1.8953693e+01
   7.4115576e+00   1.8954061e+01
   7.4277048e+00   1.8954426e+01
   7.4438520e+00   1.8954787e+01
   7.4599992e+00   1.8955145e+01
   7.4761464e+00   1.8955499e+01
   7.4922935e+00   1.8955850e+01
   7.5084407e+00   1.8956197e+01
   7.5245879e+00   1.8956541e+01
   7.5407351e+00   1.8956882e+01
   7.5568823e+00   1.8957219e+01
   7.5730295e+00   1.8957553e+01
   7.5891767e+00   1.8957884e+01
   7.6053238e+00   1.8958212e+01
   7.6214710e+00   1.8958537e+01
   7.6376182e+00   1.8958859e+01
   7.6537654e+00   1.8959177e+01
   7.6699126e+00   1.8959493e+01
   7.6860598e+00   1.8959806e+01
   7.7022069e+00   1.8960115e+01
   7.7183541e+00   1.8960422e+01
   7.7345013e+00   1.8960726e+01
   7.7506485e+00   1.8961027e+01
   7.7667957e+00   1.8961325e+01
   7.7829429e+00   1.8961621e+01
   7.7990900e+00   1.8961913e+01
   7.8152372e+00   1.8962203e+01
   7.8313844e+00   1.8962490e+01
   7.8475316e+00   1.8962775e+01
   7.8636788e+00   1.8963057e+01
   7.8798260e+00   1.8963336e+01
   7.8959732e+00   1.8963613e+01
   7.9121203e+00   1.8963887e+01
   7.9282675e+00   1.8964158e+01
   7.9444147e+00   1.8964428e+01
   7.9605619e+00   1.8964694e+01
   7.9767091e+00   1.8964958e+01
   7.9928563e+00   1.8965220e+01
   8.0090034e+00   1.8965479e+01
   8.0251506e+00   1.8965736e+01
   8.0412978e+00   1.8965991e+01
   8.0574450e+00   1.8966243e+01
   8.0735922e+00   1.8966493e+01
   8.0897394e+00   1.8966741e+01
   8.1058866e+00   1.8966987e+01
   8.1220337e+00   1.8967230e+01
   8.1381809e+00   1.8967471e+01
   8.1543281e+00   1.8967710e+01
   8.1704753e+00   1.8967947e+01
   8.1866225e+00   1.8968181e+01
   8.2027697e+00   1.8968414e+01
   8.2189168e+00   1.8968644e+01
   8.2350640e+00   1.8968873e+01
   8.2512112e+00   1.8969099e+01
   8.2673584e+00   1.8969324e+01
   8.2835056e+00   1.8969546e+01
   8.2996528e+00   1.8969766e+01
   8.3157999e+00   1.8969985e+01
   8.3319471e+00   1.8970201e+01
   8.3480943e+00   1.8970416e+01
   8.3642415e+00   1.8970628e+01
   8.3803887e+00   1.8970839e+01
   8.3965359e+00   1.8971048e+01
   8.4126831e+00   1.8971255e+01
   8.4288302e+00   1.8971460e+01
   8.4449774e+00   1.8971664e+01
   8.4611246e+00   1.8971866e+01
   8.4772718e+00   1.8972066e+01
   8.4934190e+00   1.8972264e+01
   8.5095662e+00   1.8972460e+01
   8.5257133e+00   1.8972655e+01
   8.5418605e+00   1.8972848e+01
   8.5580077e+00   1.8973039e+01
   8.5741549e+00   1.8973229e+01
   8.5903021e+00   1.8973417e+01
   8.6064493e+00   1.8973604e+01
   8.6225965e+00   1.8973789e+01
   8.6387436e+00   1.8973972e+01
   8.6548908e+00   1.8974154e+01
   8.6710380e+00   1.8974334e+01
   8.6871852e+00   1.8974512e+01
   8.7033324e+00   1.8974689e+01
   8.7194796e+00   1.8974865e+01
   8.7356267e+00   1.8975039e+01
   8.7517739e+00   1.8975212e+01
   8.7679211e+00   1.8975383e+01
   8.7840683e+00   1.8975552e+01
   8.8002155e+00   1.8975721e+01
   8.8163627e+00   1.8975887e+01
   8.8325098e+00   1.8976053e+01
   8.8486570e+00   1.8976217e+01
   8.8648042e+00   1.8976379e+01
   8.8809514e+00   1.8976541e+01
   8.8970986e+00   1.8976700e+01
   8.9132458e+00   1.8976859e+01
   8.9293930e+00   1.8977016e+01
   8.9455401e+00   1.8977172e+01
   8.9616873e+00   1.8977327e+01
   8.9778345e+00   1.8977480e+01
   8.9939817e+00   1.8977632e+01
   9.0101289e+00   1.8977783e+01
   9.0262761e+00   1.8977933e+01
   9.0424232e+00   1.8978081e+01
   9.0585704e+00   1.8978228e+01
   9.0747176e+00   1.8978374e+01
   9.0908648e+00   1.8978518e+01
   9.1070120e+00   1.8978662e+01
   9.1231592e+00   1.8978804e+01
   9.1393064e+00   1.8978945e+01
   9.1554535e+00   1.8979085e+01
   9.1716007e+00   1.8979224e+01
   9.1877479e+00   1.8979362e+01
   9.2038951e+00   1.8979498e+01
   9.2200423e+00   1.8979634e+01
   9.2361895e+00   1.8979768e+01
   9.2523366e+00   1.8979901e+01
   9.2684838e+00   1.8980034e+01
   9.2846310e+00   1.8980165e+01
   9.3007782e+00   1.8980295e+01
   9.3169254e+00   1.8980424e+01
   9.3330726e+00   1.8980552e+01
   9.3492197e+00   1.8980679e+01
   9.3653669e+00   1.8980805e+01
   9.3815141e+00   1.8980930e+01
   9.3976613e+00   1.8981053e+01
   9.4138085e+00   1.8981176e+01
   9.4299557e+00   1.8981298e+01
   9.4461029e+00   1.8981419e+01
   9.4622500e+00   1.8981539e+01
   9.4783972e+00   1.8981658e+01
   9.4945444e+00   1.8981776e+01
   9.5106916e+00   1.8981893e+01
   9.5268388e+00   1.8982010e+01
   9.5429860e+00   1.8982125e+01
   9.5591331e+00   1.8982239e+01
   9.5752803e+00   1.8982353e+01
   9.5914275e+00   1.8982466e+01
   9.6075747e+00   1.8982577e+01
   9.6237219e+00   1.8982688e+01
   9.6398691e+00   1.8982798e+01
   9.6560163e+00   1.8982907e+01
   9.6721634e+00   1.8983015e+01
   9.6883106e+00   1.8983123e+01
   9.7044578e+00   1.8983229e+01
   9.7206050e+00   1.8983335e+01
   9.7367522e+00   1.8983440e+01
   9.7528994e+00   1.8983544e+01
   9.7690465e+00   1.8983647e+01
   9.7851937e+00   1.8983750e+01
   9.8013409e+00   1.8983852e+01
   9.8174881e+00   1.8983953e+01
   9.8336353e+00   1.8984053e+01
   9.8497825e+00   1.8984152e+01
   9.8659296e+00   1.8984251e+01
   9.8820768e+00   1.8984349e+01
   9.8982240e+00   1.8984446e+01
   9.9143712e+00   1.8984542e+01
   9.9305184e+00   1.8984638e+01
   9.9466656e+00   1.8984733e+01
   9.9628128e+00   1.8984827e+01
   9.9789599e+00   1.8984920e+01
   9.9951071e+00   1.8985013e+01
   1.0011254e+01   1.8985105e+01
   1.0027401e+01   1.8985196e+01
   1.0043549e+01   1.8985287e+01
   1.0059696e+01   1.8985377e+01
   1.0075843e+01   1.8985466e+01
   1.0091990e+01   1.8985555e+01
   1.0108137e+01   1.8985643e+01
   1.0124285e+01   1.8985730e+01
   1.0140432e+01   1.8985817e+01
   1.0156579e+01   1.8985903e+01
   1.0172726e+01   1.8985988e+01
   1.0188873e+01   1.8986073e+01
   1.0205021e+01   1.8986157e+01
   1.0221168e+01   1.8986240e+01
   1.0237315e+01   1.8986323e+01
   1.0253462e+01   1.8986406e+01
   1.0269609e+01   1.8986487e+01
   1.0285756e+01   1.8986568e+01
   1.0301904e+01   1.8986649e+01
   1.0318051e+01   1.8986728e+01
   1.0334198e+01   1.8986808e+01
   1.0350345e+01   1.8986886e+01
   1.0366492e+01   1.8986964e+01
   1.0382640e+01   1.8987042e+01
   1.0398787e+01   1.8987119e+01
   1.0414934e+01   1.8987195e+01
   1.0431081e+01   1.8987271e+01
   1.0447228e+01   1.8987346e+01
   1.0463375e+01   1.8987421e+01
   1.0479523e+01   1.8987495e+01
   1.0495670e+01   1.8987568e+01
   1.0511817e+01   1.8987642e+01
   1.0527964e+01   1.8987714e+01
   1.0544111e+01   1.8987786e+01
   1.0560259e+01   1.8987858e+01
   1.0576406e+01   1.8987929e+01
   1.0592553e+01   1.8987999e+01
   1.0608700e+01   1.8988069e+01
   1.0624847e+01   1.8988138e+01
   1.0640994e+01   1.8988207e+01
   1.0657142e+01   1.8988276e+01
   1.0673289e+01   1.8988344e+01
   1.0689436e+01   1.8988411e+01
   1.0705583e+01   1.8988478e+01
   1.0721730e+01   1.8988545e+01
   1.0737878e+01   1.8988611e+01
   1.0754025e+01   1.8988676e+01
   1.0770172e+01   1.8988742e+01
   1.0786319e+01   1.8988806e+01
   1.0802466e+01   1.8988870e+01
   1.0818614e+01   1.8988934e+01
   1.0834761e+01   1.8988997e+01
   1.0850908e+01   1.8989060e+01
   1.0867055e+01   1.8989123e+01
   1.0883202e+01   1.8989185e+01
   1.0899349e+01   1.8989246e+01
   1.0915497e+01   1.8989307e+01
   1.0931644e+01   1.8989368e+01
   1.0947791e+01   1.8989428e+01
   1.0963938e+01   1.8989488e+01
   1.0980085e+01   1.8989547e+01
   1.0996233e+01   1.8989606e+01
   1.1012380e+01   1.8989665e+01
   1.1028527e+01   1.8989723e+01
   1.1044674e+01   1.8989781e+01
   1.1060821e+01   1.8989838e+01
   1.1076968e+01   1.8989895e+01
   1.1093116e+01   1.8989952e+01
   1.1109263e+01   1.8990008e+01
   1.1125410e+01   1.8990063e+01
   1.1141557e+01   1.8990119e+01
   1.1157704e+01   1.8990174e+01
   1.1173852e+01   1.8990229e+01
   1.1189999e+01   1.8990283e+01
   1.1206146e+01   1.8990337e+01
   1.1222293e+01   1.8990390e+01
   1.1238440e+01   1.8990443e+01
   1.1254588e+01   1.8990496e+01
   1.1270735e+01   1.8990549e+01
   1.1286882e+01   1.8990601e+01
   1.1303029e+01   1.8990652e+01
   1.1319176e+01   1.8990704e+01
   1.1335323e+01   1.8990755e+01
   1.1351471e+01   1.8990805e+01
   1.1367618e+01   1.8990856e+01
   1.1383765e+01   1.8990906e+01
   1.1399912e+01   1.8990955e+01
   1.1416059e+01   1.8991005e+01
   1.1432207e+01   1.8991054e+01
   1.1448354e+01   1.8991102e+01
   1.1464501e+01   1.8991151e+01
   1.1480648e+01   1.8991199e+01
   1.1496795e+01   1.8991246e+01
   1.1512942e+01   1.8991294e+01
   1.1529090e+01   1.8991341e+01
   1.1545237e+01   1.8991387e+01
   1.1561384e+01   1.8991434e+01
   1.1577531e+01   1.8991480e+01
   1.1593678e+01   1.8991526e+01
   1.1609826e+01   1.8991571e+01
   1.1625973e+01   1.8991616e+01
   1.1642120e+01   1.8991661e+01
   1.1658267e+01   1.8991706e+01
   1.1674414e+01   1.8991750e+01
   1.1690561e+01   1.8991794e+01
   1.1706709e+01   1.8991838e+01
   1.1722856e+01   1.8991881e+01
   1.1739003e+01   1.8991924e+01
   1.1755150e+01   1.8991967e+01
   1.1771297e+01   1.8992010e+01
   1.1787445e+01   1.8992052e+01
   1.1803592e+01   1.8992094e+01
   1.1819739e+01   1.8992136e+01
   1.1835886e+01   1.8992177e+01
   1.1852033e+01   1.8992218e+01
   1.1868181e+01   1.8992259e+01
   1.1884328e+01   1.8992300e+01
   1.1900475e+01   1.8992340e+01
   1.1916622e+01   1.8992381e+01
   1.1932769e+01   1.8992420e+01
   1.1948916e+01   1.8992460e+01
   1.1965064e+01   1.8992499e+01
   1.1981211e+01   1.8992539e+01
   1.1997358e+01   1.8992577e+01
   1.2013505e+01   1.8992616e+01
   1.2029652e+01   1.8992654e+01
   1.2045800e+01   1.8992692e+01
   1.2061947e+01   1.8992730e+01
   1.2078094e+01   1.8992768e+01
   1.2094241e+01   1.8992805e+01
   1.2110388e+01   1.8992842e+01
   1.2126535e+01   1.8992879e+01
   1.2142683e+01   1.8992916e+01
   1.2158830e+01   1.8992952e+01
   1.2174977e+01   1.8992989e+01
   1.2191124e+01   1.8993025e+01
   1.2207271e+01   1.8993060e+01
   1.2223419e+01   1.8993096e+01
   1.2239566e+01   1.8993131e+01
   1.2255713e+01   1.8993166e+01
   1.2271860e+01   1.8993201e+01
   1.2288007e+01   1.8993236e+01
   1.2304154e+01   1.8993270e+01
   1.2320302e+01   1.8993304e+01
   1.2336449e+01   1.8993338e+01
   1.2352596e+01   1.8993372e+01
   1.2368743e+01   1.8993406e+01
   1.2384890e+01   1.8993439e+01
   1.2401038e+01   1.8993472e+01
   1.2417185e+01   1.8993505e+01
   1.2433332e+01   1.8993538e+01
   1.2449479e+01   1.8993570e+01
   1.2465626e+01   1.8993603e+01
   1.2481774e+01   1.8993635e+01
   1.2497921e+01   1.8993667e+01
   1.2514068e+01   1.8993698e+01
   1.2530215e+01   1.8993730e+01
   1.2546362e+01   1.8993761e+01
   1.2562509e+01   1.8993792e+01
   1.2578657e+01   1.8993823e+01
   1.2594804e+01   1.8993854e+01
   1.2610951e+01   1.8993884e+01
   1.2627098e+01   1.8993915e+01
   1.2643245e+01   1.8993945e+01
   1.2659393e+01   1.8993975e+01
   1.2675540e+01   1.8994005e+01
   1.2691687e+01   1.8994034e+01
   1.2707834e+01   1.8994064e+01
   1.2723981e+01   1.8994093e+01
   1.2740128e+01   1.8994122e+01
   1.2756276e+01   1.8994151e+01
   1.2772423e+01   1.8994180e+01
   1.2788570e+01   1.8994208e+01
   1.2804717e+01   1.8994237e+01
   1.2820864e+01   1.8994265e+01
   1.2837012e+01   1.8994293e+01
   1.2853159e+01   1.8994321e+01
   1.2869306e+01   1.8994349e+01
   1.2885453e+01   1.8994376e+01
   1.2901600e+01   1.8994403e+01
   1.2917747e+01   1.8994431e+01
   1.2933895e+01   1.8994458e+01
   1.2950042e+01   1.8994485e+01
   1.2966189e+01   1.8994511e+01
   1.2982336e+01   1.8994538e+01
   1.2998483e+01   1.8994564e+01
   1.3014631e+01   1.8994591e+01
   1.3030778e+01   1.8994617e+01
   1.3046925e+01   1.8994643e+01
   1.3063072e+01   1.8994668e+01
   1.3079219e+01   1.8994694e+01
   1.3095367e+01   1.8994719e+01
   1.3111514e+01   1.8994745e+01
   1.3127661e+01   1.8994770e+01
   1.3143808e+01   1.8994795e+01
   1.3159955e+01   1.8994820e+01
   1.3176102e+01   1.8994844e+01
   1.3192250e+01   1.8994869e+01
   1.3208397e+01   1.8994893e+01
   1.3224544e+01   1.8994918e+01
   1.3240691e+01   1.8994942e+01
   1.3256838e+01   1.8994966e+01
   1.3272986e+01   1.8994990e+01
   1.3289133e+01   1.8995013e+01
   1.3305280e+01   1.8995037e+01
   1.3321427e+01   1.8995060e+01
   1.3337574e+01   1.8995084e+01
   1.3353721e+01   1.8995107e+01
   1.3369869e+01   1.8995130e+01
   1.3386016e+01   1.8995153e+01
   1.3402163e+01   1.8995176e+01
   1.3418310e+01   1.8995198e+01
   1.3434457e+01   1.8995221e+01
   1.3450605e+01   1.8995243e+01
   1.3466752e+01   1.8995265e+01
   1.3482899e+01   1.8995287e+01
   1.3499046e+01   1.8995309e+01
   1.3515193e+01   1.8995331e+01
   1.3531340e+01   1.8995353e+01
   1.3547488e+01   1.8995375e+01
   1.3563635e+01   1.8995396e+01
   1.3579782e+01   1.8995417e+01
   1.3595929e+01   1.8995439e+01
   1.3612076e+01   1.8995460e+01
   1.3628224e+01   1.8995481e+01
   1.3644371e+01   1.8995502e+01
   1.3660518e+01   1.8995522e+01
   1.3676665e+01   1.8995543e+01
   1.3692812e+01   1.8995563e+01
   1.3708960e+01   1.8995584e+01
   1.3725107e+01   1.8995604e+01
   1.3741254e+01   1.8995624e+01
   1.3757401e+01   1.8995644e+01
   1.3773548e+01   1.8995664e+01
   1.3789695e+01   1.8995684e+01
   1.3805843e+01   1.8995704e+01
   1.3821990e+01   1.8995723e+01
   1.3838137e+01   1.8995743e+01
   1.3854284e+01   1.8995762e+01
   1.3870431e+01   1.8995781e+01
   1.3886579e+01   1.8995801e+01
   1.3902726e+01   1.8995820e+01
   1.3918873e+01   1.8995839e+01
   1.3935020e+01   1.8995857e+01
   1.3951167e+01   1.8995876e+01
   1.3967314e+01   1.8995895e+01
   1.3983462e+01   1.8995913e+01
   1.3999609e+01   1.8995932e+01
   1.4015756e+01   1.8995950e+01
   1.4031903e+01   1.8995968e+01
   1.4048050e+01   1.8995986e+01
   1.4064198e+01   1.8996004e+01
   1.4080345e+01   1.8996022e+01
   1.4096492e+01   1.8996040e+01
   1.4112639e+01   1.8996058e+01
   1.4128786e+01   1.8996075e+01
   1.4144934e+01   1.8996093e+01
   1.4161081e+01   1.8996110e+01
   1.4177228e+01   1.8996128e+01
   1.4193375e+01   1.8996145e+01
   1.4209522e+01   1.8996162e+01
   1.4225669e+01   1.8996179e+01
   1.4241817e+01   1.8996196e+01
   1.4257964e+01   1.8996213e+01
   1.4274111e+01   1.8996230e+01
   1.4290258e+01   1.8996246e+01
   1.4306405e+01   1.8996263e+01
   1.4322553e+01   1.8996279e+01
   1.4338700e+01   1.8996296e+01
   1.4354847e+01   1.8996312e+01
   1.4370994e+01   1.8996328e+01
   1.4387141e+01   1.8996344e+01
   1.4403288e+01   1.8996360e+01
   1.4419436e+01   1.8996376e+01
   1.4435583e+01   1.8996392e+01
   1.4451730e+01   1.8996408e+01
   1.4467877e+01   1.8996424e+01
   1.4484024e+01   1.8996439e+01
   1.4500172e+01   1.8996455e+01
   1.4516319e+01   1.8996470e+01
   1.4532466e+01   1.8996485e+01
   1.4548613e+01   1.8996501e+01
   1.4564760e+01   1.8996516e+01
   1.4580907e+01   1.8996531e+01
   1.4597055e+01   1.8996546e+01
   1.4613202e+01   1.8996561e+01
   1.4629349e+01   1.8996576e+01
   1.4645496e+01   1.8996591e+01
   1.4661643e+01   1.8996605e+01
   1.4677791e+01   1.8996620e+01
   1.4693938e+01   1.8996635e+01
   1.4710085e+01   1.8996649e+01
   1.4726232e+01   1.8996663e+01
   1.4742379e+01   1.8996678e+01
   1.4758527e+01   1.8996692e+01
   1.4774674e+01   1.8996706e+01
   1.4790821e+01   1.8996720e+01
   1.4806968e+01   1.8996734e+01
   1.4823115e+01   1.8996748e+01
   1.4839262e+01   1.8996762e+01
   1.4855410e+01   1.8996776e+01
   1.4871557e+01   1.8996789e+01
   1.4887704e+01   1.8996803e+01
   1.4903851e+01   1.8996817e+01
   1.4919998e+01   1.8996830e+01
   1.4936146e+01   1.8996844e+01
   1.4952293e+01   1.8996857e+01
   1.4968440e+01   1.8996870e+01
   1.4984587e+01   1.8996884e+01
   1.5000734e+01   1.8996897e+01
   1.5016881e+01   1.8996910e+01
   1.5033029e+01   1.8996923e+01
   1.5049176e+01   1.8996936e+01
   1.5065323e+01   1.8996949e+01
   1.5081470e+01   1.8996961e+01
   1.5097617e+01   1.8996974e+01
   1.5113765e+01   1.8996987e+01
   1.5129912e+01   1.8996999e+01
   1.5146059e+01   1.8997012e+01
   1.5162206e+01   1.8997024e+01
   1.5178353e+01   1.8997037e+01
   1.5194500e+01   1.8997049e+01
   1.5210648e+01   1.8997062e+01
   1.5226795e+01   1.8997074e+01
   1.5242942e+01   1.8997086e+01
   1.5259089e+01   1.8997098e+01
   1.5275236e+01   1.8997110e+01
   1.5291384e+01   1.8997122e+01
   1.5307531e+01   1.8997134e+01
   1.5323678e+01   1.8997146e+01
   1.5339825e+01   1.8997158e+01
   1.5355972e+01   1.8997169e+01
   1.5372120e+01   1.8997181e+01
   1.5388267e+01   1.8997193e+01
   1.5404414e+01   1.8997204e+01
   1.5420561e+01   1.8997216e+01
   1.5436708e+01   1.8997227e+01
   1.5452855e+01   1.8997238e+01
   1.5469003e+01   1.8997250e+01
   1.5485150e+01   1.8997261e+01
   1.5501297e+01   1.8997272e+01
   1.5517444e+01   1.8997283e+01
   1.5533591e+01   1.8997294e+01
   1.5549739e+01   1.8997305e+01
   1.5565886e+01   1.8997316e+01
   1.5582033e+01   1.8997327e+01
   1.5598180e+01   1.8997338e+01
   1.5614327e+01   1.8997349e+01
   1.5630474e+01   1.8997360e+01
   1.5646622e+01   1.8997370e+01
   1.5662769e+01   1.8997381e+01
   1.5678916e+01   1.8997392e+01
   1.5695063e+01   1.8997402e+01
   1.5711210e+01   1.8997413e+01
   1.5727358e+01   1.8997423e+01
   1.5743505e+01   1.8997434e+01
   1.5759652e+01   1.8997444e+01
   1.5775799e+01   1.8997454e+01
   1.5791946e+01   1.8997464e+01
   1.5808093e+01   1.8997475e+01
   1.5824241e+01   1.8997485e+01
   1.5840388e+01   1.8997495e+01
   1.5856535e+01   1.8997505e+01
   1.5872682e+01   1.8997515e+01
   1.5888829e+01   1.8997525e+01
   1.5904977e+01   1.8997535e+01
   1.5921124e+01   1.8997544e+01
   1.5937271e+01   1.8997554e+01
   1.5953418e+01   1.8997564e+01
   1.5969565e+01   1.8997574e+01
   1.5985713e+01   1.8997583e+01
   1.6001860e+01   1.8997593e+01
   1.6018007e+01   1.8997602e+01
   1.6034154e+01   1.8997612e+01
   1.6050301e+01   1.8997621e+01
   1.6066448e+01   1.8997631e+01
   1.6082596e+01   1.8997640e+01
   1.6098743e+01   1.8997649e+01
   1.6114890e+01   1.8997659e+01
   1.6131037e+01   1.8997668e+01
