   3.8545361e-03   0.0000000e+00
   7.7088804e-03   1.2012012e-03
   1.1562649e-02   2.4024024e-03
   1.5415459e-02   3.6036036e-03
   1.9266927e-02   4.8048048e-03
   2.3116673e-02   6.0060060e-03
   2.6964317e-02   7.2072072e-03
   3.0809479e-02   8.4084084e-03
   3.4651784e-02   9.6096096e-03
   3.8490857e-02   1.0810811e-02
   4.2326327e-02   1.2012012e-02
   4.6157826e-02   1.3213213e-02
   4.9984987e-02   1.4414414e-02
   5.3807448e-02   1.5615616e-02
   5.7624851e-02   1.6816817e-02
   6.1436841e-02   1.8018018e-02
   6.5243067e-02   1.9219219e-02
   6.9043184e-02   2.0420420e-02
   7.2836849e-02   2.1621622e-02
   7.6623727e-02   2.2822823e-02
   8.0403486e-02   2.4024024e-02
   8.4175800e-02   2.5225225e-02
   8.7940349e-02   2.6426426e-02
   9.1696817e-02   2.7627628e-02
   9.5444896e-02   2.8828829e-02
   9.9184284e-02   3.0030030e-02
   1.0291468e-01   3.1231231e-02
   1.0663580e-01   3.2432432e-02
   1.1034736e-01   3.3633634e-02
   1.1404909e-01   3.4834835e-02
   1.1774070e-01   3.6036036e-02
   1.2142194e-01   3.7237237e-02
   1.2509256e-01   3.8438438e-02
   1.2875230e-01   3.9639640e-02
   1.3240093e-01   4.0840841e-02
   1.3603821e-01   4.2042042e-02
   1.3966391e-01   4.3243243e-02
   1.4327782e-01   4.4444444e-02
   1.4687973e-01   4.5645646e-02
   1.5046942e-01   4.6846847e-02
   1.5404671e-01   4.8048048e-02
   1.5761141e-01   4.9249249e-02
   1.6116334e-01   5.0450450e-02
   1.6470231e-01   5.1651652e-02
   1.6822818e-01   5.2852853e-02
   1.7174078e-01   5.4054054e-02
   1.7523996e-01   5.5255255e-02
   1.7872557e-01   5.6456456e-02
   1.8219749e-01   5.7657658e-02
   1.8565558e-01   5.8858859e-02
   1.8909973e-01   6.0060060e-02
   1.9252982e-01   6.1261261e-02
   1.9594575e-01   6.2462462e-02
   1.9934742e-01   6.3663664e-02
   2.0273473e-01   6.4864865e-02
   2.0610761e-01   6.6066066e-02
   2.0946597e-01   6.7267267e-02
   2.1280974e-01   6.8468468e-02
   2.1613887e-01   6.9669670e-02
   2.1945328e-01   7.0870871e-02
   2.2275294e-01   7.2072072e-02
   2.2603780e-01   7.3273273e-02
   2.2930781e-01   7.4474474e-02
   2.3256295e-01   7.5675676e-02
   2.3580318e-01   7.6876877e-02
   2.3902849e-01   7.8078078e-02
   2.4223886e-01   7.9279279e-02
   2.4543429e-01   8.0480480e-02
   2.4861475e-01   8.1681682e-02
   2.5178026e-01   8.2882883e-02
   2.5493083e-01   8.4084084e-02
   2.5806645e-01   8.5285285e-02
   2.6118714e-01   8.6486486e-02
   2.6429293e-01   8.7687688e-02
   2.6738384e-01   8.8888889e-02
   2.7045989e-01   9.0090090e-02
   2.7352111e-01   9.1291291e-02
   2.7656754e-01   9.2492492e-02
   2.7959922e-01   9.3693694e-02
   2.8261619e-01   9.4894895e-02
   2.8561850e-01   9.6096096e-02
   2.8860618e-01   9.7297297e-02
   2.9157931e-01   9.8498498e-02
   2.9453793e-01   9.9699700e-02
   2.9748209e-01   1.0090090e-01
   3.0041186e-01   1.0210210e-01
   3.0332730e-01   1.0330330e-01
   3.0622847e-01   1.0450450e-01
   3.0911545e-01   1.0570571e-01
   3.1198829e-01   1.0690691e-01
   3.1484707e-01   1.0810811e-01
   3.1769187e-01   1.0930931e-01
   3.2052275e-01   1.1051051e-01
   3.2333978e-01   1.1171171e-01
   3.2614306e-01   1.1291291e-01
   3.2893265e-01   1.1411411e-01
   3.3170863e-01   1.1531532e-01
   3.3447109e-01   1.1651652e-01
   3.3722009e-01   1.1771772e-01
   3.3995574e-01   1.1891892e-01
   3.4267809e-01   1.2012012e-01
   3.4538725e-01   1.2132132e-01
   3.4808328e-01   1.2252252e-01
   3.5076628e-01   1.2372372e-01
   3.5343633e-01   1.2492492e-01
   3.5609351e-01   1.2612613e-01
   3.5873790e-01   1.2732733e-01
   3.6136959e-01   1.2852853e-01
   3.6398865e-01   1.2972973e-01
   3.6659519e-01   1.3093093e-01
   3.6918927e-01   1.3213213e-01
   3.7177098e-01   1.3333333e-01
   3.7434040e-01   1.3453453e-01
   3.7689761e-01   1.3573574e-01
   3.7944270e-01   1.3693694e-01
   3.8197574e-01   1.3813814e-01
   3.8449682e-01   1.3933934e-01
   3.8700602e-01   1.4054054e-01
   3.8950340e-01   1.4174174e-01
   3.9198906e-01   1.4294294e-01
   3.9446307e-01   1.4414414e-01
   3.9692551e-01   1.4534535e-01
   3.9937645e-01   1.4654655e-01
   4.0181596e-01   1.4774775e-01
   4.0424412e-01   1.4894895e-01
   4.0666101e-01   1.5015015e-01
   4.0906669e-01   1.5135135e-01
   4.1146124e-01   1.5255255e-01
   4.1384472e-01   1.5375375e-01
   4.1621721e-01   1.5495495e-01
   4.1857877e-01   1.5615616e-01
   4.2092947e-01   1.5735736e-01
   4.2326938e-01   1.5855856e-01
   4.2559856e-01   1.5975976e-01
   4.2791708e-01   1.6096096e-01
   4.3022500e-01   1.6216216e-01
   4.3252237e-01   1.6336336e-01
   4.3480927e-01   1.6456456e-01
   4.3708575e-01   1.6576577e-01
   4.3935187e-01   1.6696697e-01
   4.4160769e-01   1.6816817e-01
   4.4385326e-01   1.6936937e-01
   4.4608865e-01   1.7057057e-01
   4.4831390e-01   1.7177177e-01
   4.5052907e-01   1.7297297e-01
   4.5273422e-01   1.7417417e-01
   4.5492939e-01   1.7537538e-01
   4.5711463e-01   1.7657658e-01
   4.5929001e-01   1.7777778e-01
   4.6145556e-01   1.7897898e-01
   4.6361133e-01   1.8018018e-01
   4.6575737e-01   1.8138138e-01
   4.6789374e-01   1.8258258e-01
   4.7002046e-01   1.8378378e-01
   4.7213760e-01   1.8498498e-01
   4.7424519e-01   1.8618619e-01
   4.7634328e-01   1.8738739e-01
   4.7843190e-01   1.8858859e-01
   4.8051111e-01   1.8978979e-01
   4.8258094e-01   1.9099099e-01
   4.8464143e-01   1.9219219e-01
   4.8669263e-01   1.9339339e-01
   4.8873457e-01   1.9459459e-01
   4.9076729e-01   1.9579580e-01
   4.9279083e-01   1.9699700e-01
   4.9480523e-01   1.9819820e-01
   4.9681052e-01   1.9939940e-01
   4.9880674e-01   2.0060060e-01
   5.0079392e-01   2.0180180e-01
   5.0277211e-01   2.0300300e-01
   5.0474133e-01   2.0420420e-01
   5.0670162e-01   2.0540541e-01
   5.0865302e-01   2.0660661e-01
   5.1059555e-01   2.0780781e-01
   5.1252926e-01   2.0900901e-01
   5.1445416e-01   2.1021021e-01
   5.1637030e-01   2.1141141e-01
   5.1827771e-01   2.1261261e-01
   5.2017642e-01   2.1381381e-01
   5.2206646e-01   2.1501502e-01
   5.2394786e-01   2.1621622e-01
   5.2582066e-01   2.1741742e-01
   5.2768487e-01   2.1861862e-01
   5.2954054e-01   2.1981982e-01
   5.3138769e-01   2.2102102e-01
   5.3322636e-01   2.2222222e-01
   5.3505656e-01   2.2342342e-01
   5.3687834e-01   2.2462462e-01
   5.3869172e-01   2.2582583e-01
   5.4049673e-01   2.2702703e-01
   5.4229340e-01   2.2822823e-01
   5.4408176e-01   2.2942943e-01
   5.4586184e-01   2.3063063e-01
   5.4763366e-01   2.3183183e-01
   5.4939725e-01   2.3303303e-01
   5.5115265e-01   2.3423423e-01
   5.5289988e-01   2.3543544e-01
   5.5463897e-01   2.3663664e-01
   5.5636995e-01   2.3783784e-01
   5.5809284e-01   2.3903904e-01
   5.5980767e-01   2.4024024e-01
   5.6151448e-01   2.4144144e-01
   5.6321329e-01   2.4264264e-01
   5.6490412e-01   2.4384384e-01
   5.6658702e-01   2.4504505e-01
   5.6826200e-01   2.4624625e-01
   5.6992909e-01   2.4744745e-01
   5.7158832e-01   2.4864865e-01
   5.7323972e-01   2.4984985e-01
   5.7488332e-01   2.5105105e-01
   5.7651915e-01   2.5225225e-01
   5.7814723e-01   2.5345345e-01
   5.7976759e-01   2.5465465e-01
   5.8138026e-01   2.5585586e-01
   5.8298527e-01   2.5705706e-01
   5.8458265e-01   2.5825826e-01
   5.8617243e-01   2.5945946e-01
   5.8775463e-01   2.6066066e-01
   5.8932929e-01   2.6186186e-01
   5.9089643e-01   2.6306306e-01
   5.9245608e-01   2.6426426e-01
   5.9400827e-01   2.6546547e-01
   5.9555303e-01   2.6666667e-01
   5.9709039e-01   2.6786787e-01
   5.9862037e-01   2.6906907e-01
   6.0014302e-01   2.7027027e-01
   6.0165835e-01   2.7147147e-01
   6.0316639e-01   2.7267267e-01
   6.0466718e-01   2.7387387e-01
   6.0616074e-01   2.7507508e-01
   6.0764711e-01   2.7627628e-01
   6.0912631e-01   2.7747748e-01
   6.1059838e-01   2.7867868e-01
   6.1206334e-01   2.7987988e-01
   6.1352122e-01   2.8108108e-01
   6.1497206e-01   2.8228228e-01
   6.1641588e-01   2.8348348e-01
   6.1785271e-01   2.8468468e-01
   6.1928259e-01   2.8588589e-01
   6.2070554e-01   2.8708709e-01
   6.2212159e-01   2.8828829e-01
   6.2353078e-01   2.8948949e-01
   6.2493314e-01   2.9069069e-01
   6.2632869e-01   2.9189189e-01
   6.2771747e-01   2.9309309e-01
   6.2909951e-01   2.9429429e-01
   6.3047483e-01   2.9549550e-01
   6.3184348e-01   2.9669670e-01
   6.3320547e-01   2.9789790e-01
   6.3456085e-01   2.9909910e-01
   6.3590963e-01   3.0030030e-01
   6.3725186e-01   3.0150150e-01
   6.3858757e-01   3.0270270e-01
   6.3991678e-01   3.0390390e-01
   6.4123952e-01   3.0510511e-01
   6.4255584e-01   3.0630631e-01
   6.4386575e-01   3.0750751e-01
   6.4516930e-01   3.0870871e-01
   6.4646650e-01   3.0990991e-01
   6.4775740e-01   3.1111111e-01
   6.4904202e-01   3.1231231e-01
   6.5032040e-01   3.1351351e-01
   6.5159257e-01   3.1471471e-01
   6.5285856e-01   3.1591592e-01
   6.5411839e-01   3.1711712e-01
   6.5537211e-01   3.1831832e-01
   6.5661975e-01   3.1951952e-01
   6.5786133e-01   3.2072072e-01
   6.5909688e-01   3.2192192e-01
   6.6032645e-01   3.2312312e-01
   6.6155005e-01   3.2432432e-01
   6.6276773e-01   3.2552553e-01
   6.6397951e-01   3.2672673e-01
   6.6518542e-01   3.2792793e-01
   6.6638550e-01   3.2912913e-01
   6.6757978e-01   3.3033033e-01
   6.6876829e-01   3.3153153e-01
   6.6995106e-01   3.3273273e-01
   6.7112813e-01   3.3393393e-01
   6.7229951e-01   3.3513514e-01
   6.7346526e-01   3.3633634e-01
   6.7462539e-01   3.3753754e-01
   6.7577994e-01   3.3873874e-01
   6.7692894e-01   3.3993994e-01
   6.7807242e-01   3.4114114e-01
   6.7921042e-01   3.4234234e-01
   6.8034296e-01   3.4354354e-01
   6.8147007e-01   3.4474474e-01
   6.8259180e-01   3.4594595e-01
   6.8370816e-01   3.4714715e-01
   6.8481919e-01   3.4834835e-01
   6.8592492e-01   3.4954955e-01
   6.8702538e-01   3.5075075e-01
   6.8812060e-01   3.5195195e-01
   6.8921062e-01   3.5315315e-01
   6.9029546e-01   3.5435435e-01
   6.9137516e-01   3.5555556e-01
   6.9244975e-01   3.5675676e-01
   6.9351925e-01   3.5795796e-01
   6.9458370e-01   3.5915916e-01
   6.9564312e-01   3.6036036e-01
   6.9669756e-01   3.6156156e-01
   6.9774703e-01   3.6276276e-01
   6.9879157e-01   3.6396396e-01
   6.9983122e-01   3.6516517e-01
   7.0086599e-01   3.6636637e-01
   7.0189592e-01   3.6756757e-01
   7.0292105e-01   3.6876877e-01
   7.0394139e-01   3.6996997e-01
   7.0495699e-01   3.7117117e-01
   7.0596786e-01   3.7237237e-01
   7.0697404e-01   3.7357357e-01
   7.0797557e-01   3.7477477e-01
   7.0897246e-01   3.7597598e-01
   7.0996475e-01   3.7717718e-01
   7.1095246e-01   3.7837838e-01
   7.1193564e-01   3.7957958e-01
   7.1291430e-01   3.8078078e-01
   7.1388848e-01   3.8198198e-01
   7.1485820e-01   3.8318318e-01
   7.1582349e-01   3.8438438e-01
   7.1678438e-01   3.8558559e-01
   7.1774091e-01   3.8678679e-01
   7.1869310e-01   3.8798799e-01
   7.1964097e-01   3.8918919e-01
   7.2058456e-01   3.9039039e-01
   7.2152389e-01   3.9159159e-01
   7.2245899e-01   3.9279279e-01
   7.2338990e-01   3.9399399e-01
   7.2431663e-01   3.9519520e-01
   7.2523922e-01   3.9639640e-01
   7.2615769e-01   3.9759760e-01
   7.2707207e-01   3.9879880e-01
   7.2798240e-01   4.0000000e-01
   7.2888869e-01   4.0120120e-01
   7.2979097e-01   4.0240240e-01
   7.3068927e-01   4.0360360e-01
   7.3158362e-01   4.0480480e-01
   7.3247404e-01   4.0600601e-01
   7.3336056e-01   4.0720721e-01
   7.3424321e-01   4.0840841e-01
   7.3512202e-01   4.0960961e-01
   7.3599700e-01   4.1081081e-01
   7.3686819e-01   4.1201201e-01
   7.3773561e-01   4.1321321e-01
   7.3859930e-01   4.1441441e-01
   7.3945926e-01   4.1561562e-01
   7.4031554e-01   4.1681682e-01
   7.4116815e-01   4.1801802e-01
   7.4201712e-01   4.1921922e-01
   7.4286248e-01   4.2042042e-01
   7.4370424e-01   4.2162162e-01
   7.4454245e-01   4.2282282e-01
   7.4537711e-01   4.2402402e-01
   7.4620827e-01   4.2522523e-01
   7.4703593e-01   4.2642643e-01
   7.4786013e-01   4.2762763e-01
   7.4868089e-01   4.2882883e-01
   7.4949823e-01   4.3003003e-01
   7.5031218e-01   4.3123123e-01
   7.5112276e-01   4.3243243e-01
   7.5192999e-01   4.3363363e-01
   7.5273391e-01   4.3483483e-01
   7.5353453e-01   4.3603604e-01
   7.5433187e-01   4.3723724e-01
   7.5512597e-01   4.3843844e-01
   7.5591683e-01   4.3963964e-01
   7.5670449e-01   4.4084084e-01
   7.5748898e-01   4.4204204e-01
   7.5827030e-01   4.4324324e-01
   7.5904848e-01   4.4444444e-01
   7.5982356e-01   4.4564565e-01
   7.6059554e-01   4.4684685e-01
   7.6136445e-01   4.4804805e-01
   7.6213031e-01   4.4924925e-01
   7.6289315e-01   4.5045045e-01
   7.6365299e-01   4.5165165e-01
   7.6440984e-01   4.5285285e-01
   7.6516373e-01   4.5405405e-01
   7.6591469e-01   4.5525526e-01
   7.6666272e-01   4.5645646e-01
   7.6740786e-01   4.5765766e-01
   7.6815012e-01   4.5885886e-01
   7.6888953e-01   4.6006006e-01
   7.6962610e-01   4.6126126e-01
   7.7035986e-01   4.6246246e-01
   7.7109082e-01   4.6366366e-01
   7.7181902e-01   4.6486486e-01
   7.7254445e-01   4.6606607e-01
   7.7326716e-01   4.6726727e-01
   7.7398715e-01   4.6846847e-01
   7.7470444e-01   4.6966967e-01
   7.7541907e-01   4.7087087e-01
   7.7613103e-01   4.7207207e-01
   7.7684036e-01   4.7327327e-01
   7.7754708e-01   4.7447447e-01
   7.7825119e-01   4.7567568e-01
   7.7895273e-01   4.7687688e-01
   7.7965171e-01   4.7807808e-01
   7.8034814e-01   4.7927928e-01
   7.8104206e-01   4.8048048e-01
   7.8173346e-01   4.8168168e-01
   7.8242238e-01   4.8288288e-01
   7.8310884e-01   4.8408408e-01
   7.8379284e-01   4.8528529e-01
   7.8447441e-01   4.8648649e-01
   7.8515356e-01   4.8768769e-01
   7.8583031e-01   4.8888889e-01
   7.8650469e-01   4.9009009e-01
   7.8717670e-01   4.9129129e-01
   7.8784637e-01   4.9249249e-01
   7.8851370e-01   4.9369369e-01
   7.8917873e-01   4.9489489e-01
   7.8984145e-01   4.9609610e-01
   7.9050190e-01   4.9729730e-01
   7.9116009e-01   4.9849850e-01
   7.9181603e-01   4.9969970e-01
   7.9246974e-01   5.0090090e-01
   7.9312124e-01   5.0210210e-01
   7.9377054e-01   5.0330330e-01
   7.9441765e-01   5.0450450e-01
   7.9506260e-01   5.0570571e-01
   7.9570540e-01   5.0690691e-01
   7.9634606e-01   5.0810811e-01
   7.9698461e-01   5.0930931e-01
   7.9762104e-01   5.1051051e-01
   7.9825539e-01   5.1171171e-01
   7.9888767e-01   5.1291291e-01
   7.9951788e-01   5.1411411e-01
   8.0014604e-01   5.1531532e-01
   8.0077218e-01   5.1651652e-01
   8.0139630e-01   5.1771772e-01
   8.0201842e-01   5.1891892e-01
   8.0263855e-01   5.2012012e-01
   8.0325670e-01   5.2132132e-01
   8.0387290e-01   5.2252252e-01
   8.0448715e-01   5.2372372e-01
   8.0509947e-01   5.2492492e-01
   8.0570987e-01   5.2612613e-01
   8.0631836e-01   5.2732733e-01
   8.0692496e-01   5.2852853e-01
   8.0752968e-01   5.2972973e-01
   8.0813254e-01   5.3093093e-01
   8.0873355e-01   5.3213213e-01
   8.0933271e-01   5.3333333e-01
   8.0993005e-01   5.3453453e-01
   8.1052558e-01   5.3573574e-01
   8.1111930e-01   5.3693694e-01
   8.1171124e-01   5.3813814e-01
   8.1230140e-01   5.3933934e-01
   8.1288979e-01   5.4054054e-01
   8.1347643e-01   5.4174174e-01
   8.1406133e-01   5.4294294e-01
   8.1464451e-01   5.4414414e-01
   8.1522597e-01   5.4534535e-01
   8.1580572e-01   5.4654655e-01
   8.1638378e-01   5.4774775e-01
   8.1696016e-01   5.4894895e-01
   8.1753487e-01   5.5015015e-01
   8.1810792e-01   5.5135135e-01
   8.1867932e-01   5.5255255e-01
   8.1924908e-01   5.5375375e-01
   8.1981722e-01   5.5495495e-01
   8.2038375e-01   5.5615616e-01
   8.2094867e-01   5.5735736e-01
   8.2151200e-01   5.5855856e-01
   8.2207375e-01   5.5975976e-01
   8.2263392e-01   5.6096096e-01
   8.2319253e-01   5.6216216e-01
   8.2374959e-01   5.6336336e-01
   8.2430511e-01   5.6456456e-01
   8.2485910e-01   5.6576577e-01
   8.2541157e-01   5.6696697e-01
   8.2596252e-01   5.6816817e-01
   8.2651198e-01   5.6936937e-01
   8.2705994e-01   5.7057057e-01
   8.2760642e-01   5.7177177e-01
   8.2815143e-01   5.7297297e-01
   8.2869497e-01   5.7417417e-01
   8.2923706e-01   5.7537538e-01
   8.2977771e-01   5.7657658e-01
   8.3031692e-01   5.7777778e-01
   8.3085471e-01   5.7897898e-01
   8.3139107e-01   5.8018018e-01
   8.3192603e-01   5.8138138e-01
   8.3245959e-01   5.8258258e-01
   8.3299176e-01   5.8378378e-01
   8.3352254e-01   5.8498498e-01
   8.3405196e-01   5.8618619e-01
   8.3458000e-01   5.8738739e-01
   8.3510669e-01   5.8858859e-01
   8.3563204e-01   5.8978979e-01
   8.3615604e-01   5.9099099e-01
   8.3667871e-01   5.9219219e-01
   8.3720005e-01   5.9339339e-01
   8.3772008e-01   5.9459459e-01
   8.3823880e-01   5.9579580e-01
   8.3875622e-01   5.9699700e-01
   8.3927235e-01   5.9819820e-01
   8.3978719e-01   5.9939940e-01
   8.4030075e-01   6.0060060e-01
   8.4081305e-01   6.0180180e-01
   8.4132408e-01   6.0300300e-01
   8.4183385e-01   6.0420420e-01
   8.4234238e-01   6.0540541e-01
   8.4284967e-01   6.0660661e-01
   8.4335572e-01   6.0780781e-01
   8.4386055e-01   6.0900901e-01
   8.4436416e-01   6.1021021e-01
   8.4486655e-01   6.1141141e-01
   8.4536774e-01   6.1261261e-01
   8.4586773e-01   6.1381381e-01
   8.4636653e-01   6.1501502e-01
   8.4686414e-01   6.1621622e-01
   8.4736057e-01   6.1741742e-01
   8.4785583e-01   6.1861862e-01
   8.4834992e-01   6.1981982e-01
   8.4884285e-01   6.2102102e-01
   8.4933463e-01   6.2222222e-01
   8.4982526e-01   6.2342342e-01
   8.5031475e-01   6.2462462e-01
   8.5080311e-01   6.2582583e-01
   8.5129033e-01   6.2702703e-01
   8.5177643e-01   6.2822823e-01
   8.5226142e-01   6.2942943e-01
   8.5274529e-01   6.3063063e-01
   8.5322806e-01   6.3183183e-01
   8.5370972e-01   6.3303303e-01
   8.5419029e-01   6.3423423e-01
   8.5466977e-01   6.3543544e-01
   8.5514817e-01   6.3663664e-01
   8.5562549e-01   6.3783784e-01
   8.5610174e-01   6.3903904e-01
   8.5657692e-01   6.4024024e-01
   8.5705104e-01   6.4144144e-01
   8.5752410e-01   6.4264264e-01
   8.5799611e-01   6.4384384e-01
   8.5846708e-01   6.4504505e-01
   8.5893700e-01   6.4624625e-01
   8.5940588e-01   6.4744745e-01
   8.5987374e-01   6.4864865e-01
   8.6034057e-01   6.4984985e-01
   8.6080637e-01   6.5105105e-01
   8.6127116e-01   6.5225225e-01
   8.6173494e-01   6.5345345e-01
   8.6219771e-01   6.5465465e-01
   8.6265947e-01   6.5585586e-01
   8.6312024e-01   6.5705706e-01
   8.6358002e-01   6.5825826e-01
   8.6403880e-01   6.5945946e-01
   8.6449660e-01   6.6066066e-01
   8.6495342e-01   6.6186186e-01
   8.6540926e-01   6.6306306e-01
   8.6586413e-01   6.6426426e-01
   8.6631804e-01   6.6546547e-01
   8.6677098e-01   6.6666667e-01
   8.6722296e-01   6.6786787e-01
   8.6767398e-01   6.6906907e-01
   8.6812405e-01   6.7027027e-01
   8.6857318e-01   6.7147147e-01
   8.6902137e-01   6.7267267e-01
   8.6946861e-01   6.7387387e-01
   8.6991492e-01   6.7507508e-01
   8.7036029e-01   6.7627628e-01
   8.7080474e-01   6.7747748e-01
   8.7124827e-01   6.7867868e-01
   8.7169087e-01   6.7987988e-01
   8.7213256e-01   6.8108108e-01
   8.7257334e-01   6.8228228e-01
   8.7301320e-01   6.8348348e-01
   8.7345216e-01   6.8468468e-01
   8.7389022e-01   6.8588589e-01
   8.7432738e-01   6.8708709e-01
   8.7476364e-01   6.8828829e-01
   8.7519901e-01   6.8948949e-01
   8.7563349e-01   6.9069069e-01
   8.7606709e-01   6.9189189e-01
   8.7649980e-01   6.9309309e-01
   8.7693163e-01   6.9429429e-01
   8.7736259e-01   6.9549550e-01
   8.7779268e-01   6.9669670e-01
   8.7822189e-01   6.9789790e-01
   8.7865024e-01   6.9909910e-01
   8.7907773e-01   7.0030030e-01
   8.7950436e-01   7.0150150e-01
   8.7993012e-01   7.0270270e-01
   8.8035504e-01   7.0390390e-01
   8.8077910e-01   7.0510511e-01
   8.8120232e-01   7.0630631e-01
   8.8162468e-01   7.0750751e-01
   8.8204621e-01   7.0870871e-01
   8.8246689e-01   7.0990991e-01
   8.8288674e-01   7.1111111e-01
   8.8330575e-01   7.1231231e-01
   8.8372394e-01   7.1351351e-01
   8.8414129e-01   7.1471471e-01
   8.8455781e-01   7.1591592e-01
   8.8497351e-01   7.1711712e-01
   8.8538839e-01   7.1831832e-01
   8.8580245e-01   7.1951952e-01
   8.8621570e-01   7.2072072e-01
   8.8662813e-01   7.2192192e-01
   8.8703975e-01   7.2312312e-01
   8.8745056e-01   7.2432432e-01
   8.8786056e-01   7.2552553e-01
   8.8826976e-01   7.2672673e-01
   8.8867816e-01   7.2792793e-01
   8.8908576e-01   7.2912913e-01
   8.8949256e-01   7.3033033e-01
   8.8989857e-01   7.3153153e-01
   8.9030378e-01   7.3273273e-01
   8.9070820e-01   7.3393393e-01
   8.9111184e-01   7.3513514e-01
   8.9151469e-01   7.3633634e-01
   8.9191675e-01   7.3753754e-01
   8.9231804e-01   7.3873874e-01
   8.9271854e-01   7.3993994e-01
   8.9311827e-01   7.4114114e-01
   8.9351722e-01   7.4234234e-01
   8.9391540e-01   7.4354354e-01
   8.9431281e-01   7.4474474e-01
   8.9470945e-01   7.4594595e-01
   8.9510532e-01   7.4714715e-01
   8.9550043e-01   7.4834835e-01
   8.9589477e-01   7.4954955e-01
   8.9628835e-01   7.5075075e-01
   8.9668117e-01   7.5195195e-01
   8.9707324e-01   7.5315315e-01
   8.9746454e-01   7.5435435e-01
   8.9785510e-01   7.5555556e-01
   8.9824490e-01   7.5675676e-01
   8.9863395e-01   7.5795796e-01
   8.9902226e-01   7.5915916e-01
   8.9940982e-01   7.6036036e-01
   8.9979663e-01   7.6156156e-01
   9.0018270e-01   7.6276276e-01
   9.0056803e-01   7.6396396e-01
   9.0095261e-01   7.6516517e-01
   9.0133647e-01   7.6636637e-01
   9.0171958e-01   7.6756757e-01
   9.0210196e-01   7.6876877e-01
   9.0248360e-01   7.6996997e-01
   9.0286452e-01   7.7117117e-01
   9.0324470e-01   7.7237237e-01
   9.0362416e-01   7.7357357e-01
   9.0400289e-01   7.7477477e-01
   9.0438090e-01   7.7597598e-01
   9.0475818e-01   7.7717718e-01
   9.0513474e-01   7.7837838e-01
   9.0551057e-01   7.7957958e-01
   9.0588569e-01   7.8078078e-01
   9.0626010e-01   7.8198198e-01
   9.0663378e-01   7.8318318e-01
   9.0700675e-01   7.8438438e-01
   9.0737901e-01   7.8558559e-01
   9.0775056e-01   7.8678679e-01
   9.0812139e-01   7.8798799e-01
   9.0849152e-01   7.8918919e-01
   9.0886094e-01   7.9039039e-01
   9.0922966e-01   7.9159159e-01
   9.0959766e-01   7.9279279e-01
   9.0996497e-01   7.9399399e-01
   9.1033157e-01   7.9519520e-01
   9.1069748e-01   7.9639640e-01
   9.1106268e-01   7.9759760e-01
   9.1142719e-01   7.9879880e-01
   9.1179099e-01   8.0000000e-01
   9.1215411e-01   8.0120120e-01
   9.1251653e-01   8.0240240e-01
   9.1287825e-01   8.0360360e-01
   9.1323929e-01   8.0480480e-01
   9.1359963e-01   8.0600601e-01
   9.1395929e-01   8.0720721e-01
   9.1431825e-01   8.0840841e-01
   9.1467653e-01   8.0960961e-01
   9.1503413e-01   8.1081081e-01
   9.1539104e-01   8.1201201e-01
   9.1574727e-01   8.1321321e-01
   9.1610281e-01   8.1441441e-01
   9.1645768e-01   8.1561562e-01
   9.1681186e-01   8.1681682e-01
   9.1716537e-01   8.1801802e-01
   9.1751820e-01   8.1921922e-01
   9.1787035e-01   8.2042042e-01
   9.1822183e-01   8.2162162e-01
   9.1857263e-01   8.2282282e-01
   9.1892277e-01   8.2402402e-01
   9.1927223e-01   8.2522523e-01
   9.1962102e-01   8.2642643e-01
   9.1996914e-01   8.2762763e-01
   9.2031659e-01   8.2882883e-01
   9.2066337e-01   8.3003003e-01
   9.2100949e-01   8.3123123e-01
   9.2135494e-01   8.3243243e-01
   9.2169973e-01   8.3363363e-01
   9.2204386e-01   8.3483483e-01
   9.2238732e-01   8.3603604e-01
   9.2273012e-01   8.3723724e-01
   9.2307227e-01   8.3843844e-01
   9.2341375e-01   8.3963964e-01
   9.2375458e-01   8.4084084e-01
   9.2409475e-01   8.4204204e-01
   9.2443426e-01   8.4324324e-01
   9.2477312e-01   8.4444444e-01
   9.2511132e-01   8.4564565e-01
   9.2544888e-01   8.4684685e-01
   9.2578578e-01   8.4804805e-01
   9.2612203e-01   8.4924925e-01
   9.2645762e-01   8.5045045e-01
   9.2679258e-01   8.5165165e-01
   9.2712688e-01   8.5285285e-01
   9.2746053e-01   8.5405405e-01
   9.2779354e-01   8.5525526e-01
   9.2812591e-01   8.5645646e-01
   9.2845763e-01   8.5765766e-01
   9.2878870e-01   8.5885886e-01
   9.2911914e-01   8.6006006e-01
   9.2944893e-01   8.6126126e-01
   9.2977809e-01   8.6246246e-01
   9.3010660e-01   8.6366366e-01
   9.3043447e-01   8.6486486e-01
   9.3076171e-01   8.6606607e-01
   9.3108831e-01   8.6726727e-01
   9.3141428e-01   8.6846847e-01
   9.3173961e-01   8.6966967e-01
   9.3206430e-01   8.7087087e-01
   9.3238837e-01   8.7207207e-01
   9.3271180e-01   8.7327327e-01
   9.3303460e-01   8.7447447e-01
   9.3335677e-01   8.7567568e-01
   9.3367831e-01   8.7687688e-01
   9.3399922e-01   8.7807808e-01
   9.3431950e-01   8.7927928e-01
   9.3463916e-01   8.8048048e-01
   9.3495819e-01   8.8168168e-01
   9.3527659e-01   8.8288288e-01
   9.3559437e-01   8.8408408e-01
   9.3591153e-01   8.8528529e-01
   9.3622807e-01   8.8648649e-01
   9.3654398e-01   8.8768769e-01
   9.3685927e-01   8.8888889e-01
   9.3717394e-01   8.9009009e-01
   9.3748800e-01   8.9129129e-01
   9.3780143e-01   8.9249249e-01
   9.3811425e-01   8.9369369e-01
   9.3842645e-01   8.9489489e-01
   9.3873804e-01   8.9609610e-01
   9.3904901e-01   8.9729730e-01
   9.3935937e-01   8.9849850e-01
   9.3966911e-01   8.9969970e-01
   9.3997824e-01   9.0090090e-01
   9.4028676e-01   9.0210210e-01
   9.4059467e-01   9.0330330e-01
   9.4090197e-01   9.0450450e-01
   9.4120866e-01   9.0570571e-01
   9.4151475e-01   9.0690691e-01
   9.4182022e-01   9.0810811e-01
   9.4212509e-01   9.0930931e-01
   9.4242936e-01   9.1051051e-01
   9.4273301e-01   9.1171171e-01
   9.4303607e-01   9.1291291e-01
   9.4333852e-01   9.1411411e-01
   9.4364037e-01   9.1531532e-01
   9.4394162e-01   9.1651652e-01
   9.4424226e-01   9.1771772e-01
   9.4454231e-01   9.1891892e-01
   9.4484176e-01   9.2012012e-01
   9.4514061e-01   9.2132132e-01
   9.4543886e-01   9.2252252e-01
   9.4573651e-01   9.2372372e-01
   9.4603357e-01   9.2492492e-01
   9.4633004e-01   9.2612613e-01
   9.4662591e-01   9.2732733e-01
   9.4692119e-01   9.2852853e-01
   9.4721587e-01   9.2972973e-01
   9.4750996e-01   9.3093093e-01
   9.4780346e-01   9.3213213e-01
   9.4809638e-01   9.3333333e-01
   9.4838870e-01   9.3453453e-01
   9.4868043e-01   9.3573574e-01
   9.4897158e-01   9.3693694e-01
   9.4926214e-01   9.3813814e-01
   9.4955211e-01   9.3933934e-01
   9.4984149e-01   9.4054054e-01
   9.5013030e-01   9.4174174e-01
   9.5041852e-01   9.4294294e-01
   9.5070615e-01   9.4414414e-01
   9.5099321e-01   9.4534535e-01
   9.5127968e-01   9.4654655e-01
   9.5156557e-01   9.4774775e-01
   9.5185088e-01   9.4894895e-01
   9.5213562e-01   9.5015015e-01
   9.5241977e-01   9.5135135e-01
   9.5270335e-01   9.5255255e-01
   9.5298635e-01   9.5375375e-01
   9.5326877e-01   9.5495495e-01
   9.5355062e-01   9.5615616e-01
   9.5383190e-01   9.5735736e-01
   9.5411260e-01   9.5855856e-01
   9.5439273e-01   9.5975976e-01
   9.5467229e-01   9.6096096e-01
   9.5495128e-01   9.6216216e-01
   9.5522970e-01   9.6336336e-01
   9.5550754e-01   9.6456456e-01
   9.5578482e-01   9.6576577e-01
   9.5606153e-01   9.6696697e-01
   9.5633768e-01   9.6816817e-01
   9.5661326e-01   9.6936937e-01
   9.5688827e-01   9.7057057e-01
   9.5716272e-01   9.7177177e-01
   9.5743660e-01   9.7297297e-01
   9.5770992e-01   9.7417417e-01
   9.5798268e-01   9.7537538e-01
   9.5825488e-01   9.7657658e-01
   9.5852652e-01   9.7777778e-01
   9.5879760e-01   9.7897898e-01
   9.5906811e-01   9.8018018e-01
   9.5933807e-01   9.8138138e-01
   9.5960748e-01   9.8258258e-01
   9.5987632e-01   9.8378378e-01
   9.6014461e-01   9.8498498e-01
   9.6041235e-01   9.8618619e-01
   9.6067953e-01   9.8738739e-01
   9.6094615e-01   9.8858859e-01
   9.6121223e-01   9.8978979e-01
   9.6147775e-01   9.9099099e-01
   9.6174272e-01   9.9219219e-01
   9.6200714e-01   9.9339339e-01
   9.6227102e-01   9.9459459e-01
   9.6253434e-01   9.9579580e-01
   9.6279711e-01   9.9699700e-01
   9.6305934e-01   9.9819820e-01
   9.6332102e-01   9.9939940e-01
   9.6358216e-01   1.0006006e+00
   9.6384275e-01   1.0018018e+00
   9.6410280e-01   1.0030030e+00
   9.6436231e-01   1.0042042e+00
   9.6462127e-01   1.0054054e+00
   9.6487969e-01   1.0066066e+00
   9.6513757e-01   1.0078078e+00
   9.6539491e-01   1.0090090e+00
   9.6565171e-01   1.0102102e+00
   9.6590797e-01   1.0114114e+00
   9.6616370e-01   1.0126126e+00
   9.6641889e-01   1.0138138e+00
   9.6667354e-01   1.0150150e+00
   9.6692766e-01   1.0162162e+00
   9.6718124e-01   1.0174174e+00
   9.6743429e-01   1.0186186e+00
   9.6768681e-01   1.0198198e+00
   9.6793880e-01   1.0210210e+00
   9.6819025e-01   1.0222222e+00
   9.6844118e-01   1.0234234e+00
   9.6869157e-01   1.0246246e+00
   9.6894144e-01   1.0258258e+00
   9.6919078e-01   1.0270270e+00
   9.6943959e-01   1.0282282e+00
   9.6968788e-01   1.0294294e+00
   9.6993564e-01   1.0306306e+00
   9.7018287e-01   1.0318318e+00
   9.7042958e-01   1.0330330e+00
   9.7067577e-01   1.0342342e+00
   9.7092144e-01   1.0354354e+00
   9.7116658e-01   1.0366366e+00
   9.7141121e-01   1.0378378e+00
   9.7165531e-01   1.0390390e+00
   9.7189890e-01   1.0402402e+00
   9.7214197e-01   1.0414414e+00
   9.7238452e-01   1.0426426e+00
   9.7262655e-01   1.0438438e+00
   9.7286807e-01   1.0450450e+00
   9.7310907e-01   1.0462462e+00
   9.7334956e-01   1.0474474e+00
   9.7358954e-01   1.0486486e+00
   9.7382900e-01   1.0498498e+00
   9.7406796e-01   1.0510511e+00
   9.7430640e-01   1.0522523e+00
   9.7454433e-01   1.0534535e+00
   9.7478175e-01   1.0546547e+00
   9.7501867e-01   1.0558559e+00
   9.7525507e-01   1.0570571e+00
   9.7549097e-01   1.0582583e+00
   9.7572637e-01   1.0594595e+00
   9.7596126e-01   1.0606607e+00
   9.7619564e-01   1.0618619e+00
   9.7642952e-01   1.0630631e+00
   9.7666290e-01   1.0642643e+00
   9.7689578e-01   1.0654655e+00
   9.7712815e-01   1.0666667e+00
   9.7736003e-01   1.0678679e+00
   9.7759140e-01   1.0690691e+00
   9.7782228e-01   1.0702703e+00
   9.7805266e-01   1.0714715e+00
   9.7828254e-01   1.0726727e+00
   9.7851193e-01   1.0738739e+00
   9.7874082e-01   1.0750751e+00
   9.7896922e-01   1.0762763e+00
   9.7919712e-01   1.0774775e+00
   9.7942453e-01   1.0786787e+00
   9.7965145e-01   1.0798799e+00
   9.7987787e-01   1.0810811e+00
   9.8010381e-01   1.0822823e+00
   9.8032926e-01   1.0834835e+00
   9.8055422e-01   1.0846847e+00
   9.8077869e-01   1.0858859e+00
   9.8100267e-01   1.0870871e+00
   9.8122617e-01   1.0882883e+00
   9.8144918e-01   1.0894895e+00
   9.8167171e-01   1.0906907e+00
   9.8189375e-01   1.0918919e+00
   9.8211531e-01   1.0930931e+00
   9.8233639e-01   1.0942943e+00
   9.8255699e-01   1.0954955e+00
   9.8277710e-01   1.0966967e+00
   9.8299674e-01   1.0978979e+00
   9.8321590e-01   1.0990991e+00
   9.8343458e-01   1.1003003e+00
   9.8365278e-01   1.1015015e+00
   9.8387050e-01   1.1027027e+00
   9.8408775e-01   1.1039039e+00
   9.8430453e-01   1.1051051e+00
   9.8452083e-01   1.1063063e+00
   9.8473666e-01   1.1075075e+00
   9.8495202e-01   1.1087087e+00
   9.8516690e-01   1.1099099e+00
   9.8538132e-01   1.1111111e+00
   9.8559526e-01   1.1123123e+00
   9.8580874e-01   1.1135135e+00
   9.8602174e-01   1.1147147e+00
   9.8623428e-01   1.1159159e+00
   9.8644636e-01   1.1171171e+00
   9.8665797e-01   1.1183183e+00
   9.8686911e-01   1.1195195e+00
   9.8707979e-01   1.1207207e+00
   9.8729000e-01   1.1219219e+00
   9.8749976e-01   1.1231231e+00
   9.8770905e-01   1.1243243e+00
   9.8791788e-01   1.1255255e+00
   9.8812625e-01   1.1267267e+00
   9.8833416e-01   1.1279279e+00
   9.8854162e-01   1.1291291e+00
   9.8874862e-01   1.1303303e+00
   9.8895516e-01   1.1315315e+00
   9.8916124e-01   1.1327327e+00
   9.8936687e-01   1.1339339e+00
   9.8957204e-01   1.1351351e+00
   9.8977677e-01   1.1363363e+00
   9.8998104e-01   1.1375375e+00
   9.9018485e-01   1.1387387e+00
   9.9038822e-01   1.1399399e+00
   9.9059114e-01   1.1411411e+00
   9.9079361e-01   1.1423423e+00
   9.9099562e-01   1.1435435e+00
   9.9119720e-01   1.1447447e+00
   9.9139832e-01   1.1459459e+00
   9.9159900e-01   1.1471471e+00
   9.9179924e-01   1.1483483e+00
   9.9199903e-01   1.1495495e+00
   9.9219837e-01   1.1507508e+00
   9.9239728e-01   1.1519520e+00
   9.9259574e-01   1.1531532e+00
   9.9279376e-01   1.1543544e+00
   9.9299134e-01   1.1555556e+00
   9.9318849e-01   1.1567568e+00
   9.9338519e-01   1.1579580e+00
   9.9358146e-01   1.1591592e+00
   9.9377728e-01   1.1603604e+00
   9.9397268e-01   1.1615616e+00
   9.9416764e-01   1.1627628e+00
   9.9436216e-01   1.1639640e+00
   9.9455625e-01   1.1651652e+00
   9.9474991e-01   1.1663664e+00
   9.9494313e-01   1.1675676e+00
   9.9513593e-01   1.1687688e+00
   9.9532829e-01   1.1699700e+00
   9.9552023e-01   1.1711712e+00
   9.9571174e-01   1.1723724e+00
   9.9590282e-01   1.1735736e+00
   9.9609347e-01   1.1747748e+00
   9.9628369e-01   1.1759760e+00
   9.9647349e-01   1.1771772e+00
   9.9666287e-01   1.1783784e+00
   9.9685182e-01   1.1795796e+00
   9.9704035e-01   1.1807808e+00
   9.9722846e-01   1.1819820e+00
   9.9741615e-01   1.1831832e+00
   9.9760342e-01   1.1843844e+00
   9.9779026e-01   1.1855856e+00
   9.9797669e-01   1.1867868e+00
   9.9816270e-01   1.1879880e+00
   9.9834829e-01   1.1891892e+00
   9.9853347e-01   1.1903904e+00
   9.9871823e-01   1.1915916e+00
   9.9890258e-01   1.1927928e+00
   9.9908651e-01   1.1939940e+00
   9.9927003e-01   1.1951952e+00
   9.9945314e-01   1.1963964e+00
   9.9963584e-01   1.1975976e+00
   9.9981812e-01   1.1987988e+00
   1.0000000e+00   1.2000000e+00
