   0.0000000e+00   0.0000000e+00
   1.6147184e-02   1.6912269e-01
   3.2294369e-02   6.0120857e-01
   4.8441553e-02   1.1811854e+00
   6.4588737e-02   1.8122428e+00
   8.0735922e-02   2.4302729e+00
   9.6883106e-02   3.0041174e+00
   1.1303029e-01   3.5270250e+00
   1.2917747e-01   4.0058857e+00
   1.4532466e-01   4.4524940e+00
   1.6147184e-01   4.8782204e+00
   1.7761903e-01   5.2916495e+00
   1.9376621e-01   5.6981268e+00
   2.0991340e-01   6.1002460e+00
   2.2606058e-01   6.4986378e+00
   2.4220777e-01   6.8927253e+00
   2.5835495e-01   7.2813154e+00
   2.7450213e-01   7.6630073e+00
   2.9064932e-01   8.0364454e+00
   3.0679650e-01   8.4004566e+00
   3.2294369e-01   8.7541103e+00
   3.3909087e-01   9.0967301e+00
   3.5523806e-01   9.4278783e+00
   3.7138524e-01   9.7473266e+00
   3.8753242e-01   1.0055022e+01
   4.0367961e-01   1.0351055e+01
   4.1982679e-01   1.0635625e+01
   4.3597398e-01   1.0909015e+01
   4.5212116e-01   1.1171570e+01
   4.6826835e-01   1.1423677e+01
   4.8441553e-01   1.1665749e+01
   5.0056272e-01   1.1898214e+01
   5.1670990e-01   1.2121505e+01
   5.3285708e-01   1.2336054e+01
   5.4900427e-01   1.2542286e+01
   5.6515145e-01   1.2740615e+01
   5.8129864e-01   1.2931441e+01
   5.9744582e-01   1.3115150e+01
   6.1359301e-01   1.3292108e+01
   6.2974019e-01   1.3462668e+01
   6.4588737e-01   1.3627162e+01
   6.6203456e-01   1.3785907e+01
   6.7818174e-01   1.3939202e+01
   6.9432893e-01   1.4087330e+01
   7.1047611e-01   1.4230556e+01
   7.2662330e-01   1.4369132e+01
   7.4277048e-01   1.4503294e+01
   7.5891767e-01   1.4633266e+01
   7.7506485e-01   1.4759257e+01
   7.9121203e-01   1.4881463e+01
   8.0735922e-01   1.5000071e+01
   8.2350640e-01   1.5115254e+01
   8.3965359e-01   1.5227176e+01
   8.5580077e-01   1.5335993e+01
   8.7194796e-01   1.5441848e+01
   8.8809514e-01   1.5544879e+01
   9.0424232e-01   1.5645213e+01
   9.2038951e-01   1.5742973e+01
   9.3653669e-01   1.5838272e+01
   9.5268388e-01   1.5931217e+01
   9.6883106e-01   1.6021910e+01
   9.8497825e-01   1.6110446e+01
   1.0011254e+00   1.6196914e+01
   1.0172726e+00   1.6281401e+01
   1.0334198e+00   1.6363986e+01
   1.0495670e+00   1.6444746e+01
   1.0657142e+00   1.6523750e+01
   1.0818614e+00   1.6601068e+01
   1.0980085e+00   1.6676764e+01
   1.1141557e+00   1.6750897e+01
   1.1303029e+00   1.6823525e+01
   1.1464501e+00   1.6894703e+01
   1.1625973e+00   1.6964481e+01
   1.1787445e+00   1.7032910e+01
   1.1948916e+00   1.7100034e+01
   1.2110388e+00   1.7165898e+01
   1.2271860e+00   1.7230544e+01
   1.2433332e+00   1.7294011e+01
   1.2594804e+00   1.7356337e+01
   1.2756276e+00   1.7417557e+01
   1.2917747e+00   1.7477706e+01
   1.3079219e+00   1.7536816e+01
   1.3240691e+00   1.7594918e+01
   1.3402163e+00   1.7652041e+01
   1.3563635e+00   1.7708214e+01
   1.3725107e+00   1.7763463e+01
   1.3886579e+00   1.7817813e+01
   1.4048050e+00   1.7871289e+01
   1.4209522e+00   1.7923915e+01
   1.4370994e+00   1.7975712e+01
   1.4532466e+00   1.8026701e+01
   1.4693938e+00   1.8076904e+01
   1.4855410e+00   1.8126339e+01
   1.5016881e+00   1.8175026e+01
   1.5178353e+00   1.8222981e+01
   1.5339825e+00   1.8270222e+01
   1.5501297e+00   1.8316766e+01
   1.5662769e+00   1.8362629e+01
   1.5824241e+00   1.8407825e+01
   1.5985713e+00   1.8452369e+01
   1.6147184e+00   1.8496275e+01
   1.6308656e+00   1.8539557e+01
   1.6470128e+00   1.8582227e+01
   1.6631600e+00   1.8624298e+01
   1.6793072e+00   1.8665783e+01
   1.6954544e+00   1.8706692e+01
   1.7116015e+00   1.8747037e+01
   1.7277487e+00   1.8786828e+01
   1.7438959e+00   1.8826076e+01
   1.7600431e+00   1.8864792e+01
   1.7761903e+00   1.8902985e+01
   1.7923375e+00   1.8940663e+01
   1.8084846e+00   1.8977838e+01
   1.8246318e+00   1.9014516e+01
   1.8407790e+00   1.9050708e+01
   1.8569262e+00   1.9086420e+01
   1.8730734e+00   1.9121662e+01
   1.8892206e+00   1.9156441e+01
   1.9053678e+00   1.9190764e+01
   1.9215149e+00   1.9224640e+01
   1.9376621e+00   1.9258074e+01
   1.9538093e+00   1.9291075e+01
   1.9699565e+00   1.9323649e+01
   1.9861037e+00   1.9355802e+01
   2.0022509e+00   1.9387542e+01
   2.0183980e+00   1.9418873e+01
   2.0345452e+00   1.9449803e+01
   2.0506924e+00   1.9480338e+01
   2.0668396e+00   1.9510483e+01
   2.0829868e+00   1.9540243e+01
   2.0991340e+00   1.9569625e+01
   2.1152812e+00   1.9598635e+01
   2.1314283e+00   1.9627276e+01
   2.1475755e+00   1.9655555e+01
   2.1637227e+00   1.9683476e+01
   2.1798699e+00   1.9711045e+01
   2.1960171e+00   1.9738266e+01
   2.2121643e+00   1.9765145e+01
   2.2283114e+00   1.9791685e+01
   2.2444586e+00   1.9817892e+01
   2.2606058e+00   1.9843770e+01
   2.2767530e+00   1.9869323e+01
   2.2929002e+00   1.9894556e+01
   2.3090474e+00   1.9919473e+01
   2.3251945e+00   1.9944078e+01
   2.3413417e+00   1.9968376e+01
   2.3574889e+00   1.9992370e+01
   2.3736361e+00   2.0016064e+01
   2.3897833e+00   2.0039463e+01
   2.4059305e+00   2.0062570e+01
   2.4220777e+00   2.0085388e+01
   2.4382248e+00   2.0107922e+01
   2.4543720e+00   2.0130176e+01
   2.4705192e+00   2.0152153e+01
   2.4866664e+00   2.0173855e+01
   2.5028136e+00   2.0195288e+01
   2.5189608e+00   2.0216455e+01
   2.5351079e+00   2.0237358e+01
   2.5512551e+00   2.0258001e+01
   2.5674023e+00   2.0278387e+01
   2.5835495e+00   2.0298520e+01
   2.5996967e+00   2.0318404e+01
   2.6158439e+00   2.0338040e+01
   2.6319911e+00   2.0357432e+01
   2.6481382e+00   2.0376584e+01
   2.6642854e+00   2.0395497e+01
   2.6804326e+00   2.0414176e+01
   2.6965798e+00   2.0432624e+01
   2.7127270e+00   2.0450842e+01
   2.7288742e+00   2.0468834e+01
   2.7450213e+00   2.0486603e+01
   2.7611685e+00   2.0504152e+01
   2.7773157e+00   2.0521483e+01
   2.7934629e+00   2.0538599e+01
   2.8096101e+00   2.0555503e+01
   2.8257573e+00   2.0572198e+01
   2.8419044e+00   2.0588685e+01
   2.8580516e+00   2.0604968e+01
   2.8741988e+00   2.0621050e+01
   2.8903460e+00   2.0636932e+01
   2.9064932e+00   2.0652617e+01
   2.9226404e+00   2.0668108e+01
   2.9387876e+00   2.0683408e+01
   2.9549347e+00   2.0698517e+01
   2.9710819e+00   2.0713440e+01
   2.9872291e+00   2.0728178e+01
   3.0033763e+00   2.0742733e+01
   3.0195235e+00   2.0757109e+01
   3.0356707e+00   2.0771306e+01
   3.0518178e+00   2.0785328e+01
   3.0679650e+00   2.0799176e+01
   3.0841122e+00   2.0812853e+01
   3.1002594e+00   2.0826361e+01
   3.1164066e+00   2.0839702e+01
   3.1325538e+00   2.0852878e+01
   3.1487010e+00   2.0865892e+01
   3.1648481e+00   2.0878744e+01
   3.1809953e+00   2.0891438e+01
   3.1971425e+00   2.0903975e+01
   3.2132897e+00   2.0916357e+01
   3.2294369e+00   2.0928587e+01
   3.2455841e+00   2.0940666e+01
   3.2617312e+00   2.0952595e+01
   3.2778784e+00   2.0964378e+01
   3.2940256e+00   2.0976015e+01
   3.3101728e+00   2.0987509e+01
   3.3263200e+00   2.0998861e+01
   3.3424672e+00   2.1010074e+01
   3.3586143e+00   2.1021148e+01
   3.3747615e+00   2.1032087e+01
   3.3909087e+00   2.1042890e+01
   3.4070559e+00   2.1053561e+01
   3.4232031e+00   2.1064101e+01
   3.4393503e+00   2.1074511e+01
   3.4554975e+00   2.1084794e+01
   3.4716446e+00   2.1094950e+01
   3.4877918e+00   2.1104981e+01
   3.5039390e+00   2.1114890e+01
   3.5200862e+00   2.1124677e+01
   3.5362334e+00   2.1134344e+01
   3.5523806e+00   2.1143893e+01
   3.5685277e+00   2.1153325e+01
   3.5846749e+00   2.1162641e+01
   3.6008221e+00   2.1171844e+01
   3.6169693e+00   2.1180934e+01
   3.6331165e+00   2.1189913e+01
   3.6492637e+00   2.1198782e+01
   3.6654109e+00   2.1207544e+01
   3.6815580e+00   2.1216198e+01
   3.6977052e+00   2.1224747e+01
   3.7138524e+00   2.1233192e+01
   3.7299996e+00   2.1241534e+01
   3.7461468e+00   2.1249775e+01
   3.7622940e+00   2.1257915e+01
   3.7784411e+00   2.1265956e+01
   3.7945883e+00   2.1273900e+01
   3.8107355e+00   2.1281748e+01
   3.8268827e+00   2.1289500e+01
   3.8430299e+00   2.1297159e+01
   3.8591771e+00   2.1304724e+01
   3.8753242e+00   2.1312198e+01
   3.8914714e+00   2.1319582e+01
   3.9076186e+00   2.1326877e+01
   3.9237658e+00   2.1334083e+01
   3.9399130e+00   2.1341203e+01
   3.9560602e+00   2.1348237e+01
   3.9722074e+00   2.1355186e+01
   3.9883545e+00   2.1362051e+01
   4.0045017e+00   2.1368834e+01
   4.0206489e+00   2.1375535e+01
   4.0367961e+00   2.1382156e+01
   4.0529433e+00   2.1388697e+01
   4.0690905e+00   2.1395160e+01
   4.0852376e+00   2.1401546e+01
   4.1013848e+00   2.1407855e+01
   4.1175320e+00   2.1414089e+01
   4.1336792e+00   2.1420248e+01
   4.1498264e+00   2.1426334e+01
   4.1659736e+00   2.1432347e+01
   4.1821208e+00   2.1438288e+01
   4.1982679e+00   2.1444159e+01
   4.2144151e+00   2.1449960e+01
   4.2305623e+00   2.1455692e+01
   4.2467095e+00   2.1461356e+01
   4.2628567e+00   2.1466952e+01
   4.2790039e+00   2.1472483e+01
   4.2951510e+00   2.1477948e+01
   4.3112982e+00   2.1483348e+01
   4.3274454e+00   2.1488685e+01
   4.3435926e+00   2.1493958e+01
   4.3597398e+00   2.1499169e+01
   4.3758870e+00   2.1504319e+01
   4.3920341e+00   2.1509409e+01
   4.4081813e+00   2.1514438e+01
   4.4243285e+00   2.1519408e+01
   4.4404757e+00   2.1524320e+01
   4.4566229e+00   2.1529175e+01
   4.4727701e+00   2.1533972e+01
   4.4889173e+00   2.1538714e+01
   4.5050644e+00   2.1543400e+01
   4.5212116e+00   2.1548031e+01
   4.5373588e+00   2.1552609e+01
   4.5535060e+00   2.1557133e+01
   4.5696532e+00   2.1561604e+01
   4.5858004e+00   2.1566024e+01
   4.6019475e+00   2.1570392e+01
   4.6180947e+00   2.1574709e+01
   4.6342419e+00   2.1578977e+01
   4.6503891e+00   2.1583195e+01
   4.6665363e+00   2.1587364e+01
   4.6826835e+00   2.1591485e+01
   4.6988307e+00   2.1595558e+01
   4.7149778e+00   2.1599585e+01
   4.7311250e+00   2.1603565e+01
   4.7472722e+00   2.1607500e+01
   4.7634194e+00   2.1611389e+01
   4.7795666e+00   2.1615234e+01
   4.7957138e+00   2.1619035e+01
   4.8118609e+00   2.1622792e+01
   4.8280081e+00   2.1626506e+01
   4.8441553e+00   2.1630178e+01
   4.8603025e+00   2.1633808e+01
   4.8764497e+00   2.1637397e+01
   4.8925969e+00   2.1640945e+01
   4.9087440e+00   2.1644452e+01
   4.9248912e+00   2.1647920e+01
   4.9410384e+00   2.1651348e+01
   4.9571856e+00   2.1654738e+01
   4.9733328e+00   2.1658089e+01
   4.9894800e+00   2.1661403e+01
   5.0056272e+00   2.1664679e+01
   5.0217743e+00   2.1667918e+01
   5.0379215e+00   2.1671121e+01
   5.0540687e+00   2.1674287e+01
   5.0702159e+00   2.1677418e+01
   5.0863631e+00   2.1680515e+01
   5.1025103e+00   2.1683576e+01
   5.1186574e+00   2.1686603e+01
   5.1348046e+00   2.1689597e+01
   5.1509518e+00   2.1692557e+01
   5.1670990e+00   2.1695484e+01
   5.1832462e+00   2.1698378e+01
   5.1993934e+00   2.1701240e+01
   5.2155406e+00   2.1704071e+01
   5.2316877e+00   2.1706870e+01
   5.2478349e+00   2.1709638e+01
   5.2639821e+00   2.1712376e+01
   5.2801293e+00   2.1715083e+01
   5.2962765e+00   2.1717760e+01
   5.3124237e+00   2.1720408e+01
   5.3285708e+00   2.1723027e+01
   5.3447180e+00   2.1725617e+01
   5.3608652e+00   2.1728179e+01
   5.3770124e+00   2.1730713e+01
   5.3931596e+00   2.1733219e+01
   5.4093068e+00   2.1735697e+01
   5.4254539e+00   2.1738149e+01
   5.4416011e+00   2.1740574e+01
   5.4577483e+00   2.1742972e+01
   5.4738955e+00   2.1745344e+01
   5.4900427e+00   2.1747691e+01
   5.5061899e+00   2.1750012e+01
   5.5223371e+00   2.1752308e+01
   5.5384842e+00   2.1754579e+01
   5.5546314e+00   2.1756826e+01
   5.5707786e+00   2.1759048e+01
   5.5869258e+00   2.1761247e+01
   5.6030730e+00   2.1763422e+01
   5.6192202e+00   2.1765573e+01
   5.6353673e+00   2.1767702e+01
   5.6515145e+00   2.1769808e+01
   5.6676617e+00   2.1771891e+01
   5.6838089e+00   2.1773952e+01
   5.6999561e+00   2.1775991e+01
   5.7161033e+00   2.1778008e+01
   5.7322505e+00   2.1780004e+01
   5.7483976e+00   2.1781978e+01
   5.7645448e+00   2.1783932e+01
   5.7806920e+00   2.1785865e+01
   5.7968392e+00   2.1787777e+01
   5.8129864e+00   2.1789670e+01
   5.8291336e+00   2.1791542e+01
   5.8452807e+00   2.1793395e+01
   5.8614279e+00   2.1795228e+01
   5.8775751e+00   2.1797042e+01
   5.8937223e+00   2.1798837e+01
   5.9098695e+00   2.1800613e+01
   5.9260167e+00   2.1802370e+01
   5.9421638e+00   2.1804109e+01
   5.9583110e+00   2.1805830e+01
   5.9744582e+00   2.1807533e+01
   5.9906054e+00   2.1809219e+01
   6.0067526e+00   2.1810886e+01
   6.0228998e+00   2.1812537e+01
   6.0390470e+00   2.1814170e+01
   6.0551941e+00   2.1815787e+01
   6.0713413e+00   2.1817387e+01
   6.0874885e+00   2.1818970e+01
   6.1036357e+00   2.1820537e+01
   6.1197829e+00   2.1822088e+01
   6.1359301e+00   2.1823623e+01
   6.1520772e+00   2.1825142e+01
   6.1682244e+00   2.1826646e+01
   6.1843716e+00   2.1828134e+01
   6.2005188e+00   2.1829608e+01
   6.2166660e+00   2.1831066e+01
   6.2328132e+00   2.1832509e+01
   6.2489603e+00   2.1833937e+01
   6.2651075e+00   2.1835352e+01
   6.2812547e+00   2.1836751e+01
   6.2974019e+00   2.1838137e+01
   6.3135491e+00   2.1839508e+01
   6.3296963e+00   2.1840866e+01
   6.3458435e+00   2.1842210e+01
   6.3619906e+00   2.1843541e+01
   6.3781378e+00   2.1844858e+01
   6.3942850e+00   2.1846162e+01
   6.4104322e+00   2.1847452e+01
   6.4265794e+00   2.1848730e+01
   6.4427266e+00   2.1849995e+01
   6.4588737e+00   2.1851248e+01
   6.4750209e+00   2.1852488e+01
   6.4911681e+00   2.1853715e+01
   6.5073153e+00   2.1854931e+01
   6.5234625e+00   2.1856134e+01
   6.5396097e+00   2.1857326e+01
   6.5557569e+00   2.1858505e+01
   6.5719040e+00   2.1859673e+01
   6.5880512e+00   2.1860830e+01
   6.6041984e+00   2.1861975e+01
   6.6203456e+00   2.1863109e+01
   6.6364928e+00   2.1864231e+01
   6.6526400e+00   2.1865343e+01
   6.6687871e+00   2.1866444e+01
   6.6849343e+00   2.1867534e+01
   6.7010815e+00   2.1868613e+01
   6.7172287e+00   2.1869682e+01
   6.7333759e+00   2.1870740e+01
   6.7495231e+00   2.1871789e+01
   6.7656702e+00   2.1872826e+01
   6.7818174e+00   2.1873854e+01
   6.7979646e+00   2.1874872e+01
   6.8141118e+00   2.1875880e+01
   6.8302590e+00   2.1876879e+01
   6.8464062e+00   2.1877867e+01
   6.8625534e+00   2.1878847e+01
   6.8787005e+00   2.1879816e+01
   6.8948477e+00   2.1880777e+01
   6.9109949e+00   2.1881728e+01
   6.9271421e+00   2.1882670e+01
   6.9432893e+00   2.1883603e+01
   6.9594365e+00   2.1884528e+01
   6.9755836e+00   2.1885443e+01
   6.9917308e+00   2.1886350e+01
   7.0078780e+00   2.1887248e+01
   7.0240252e+00   2.1888137e+01
   7.0401724e+00   2.1889018e+01
   7.0563196e+00   2.1889891e+01
   7.0724668e+00   2.1890756e+01
   7.0886139e+00   2.1891612e+01
   7.1047611e+00   2.1892460e+01
   7.1209083e+00   2.1893301e+01
   7.1370555e+00   2.1894133e+01
   7.1532027e+00   2.1894958e+01
   7.1693499e+00   2.1895775e+01
   7.1854970e+00   2.1896584e+01
   7.2016442e+00   2.1897386e+01
   7.2177914e+00   2.1898180e+01
   7.2339386e+00   2.1898967e+01
   7.2500858e+00   2.1899746e+01
   7.2662330e+00   2.1900518e+01
   7.2823801e+00   2.1901283e+01
   7.2985273e+00   2.1902041e+01
   7.3146745e+00   2.1902792e+01
   7.3308217e+00   2.1903536e+01
   7.3469689e+00   2.1904274e+01
   7.3631161e+00   2.1905004e+01
   7.3792633e+00   2.1905728e+01
   7.3954104e+00   2.1906445e+01
   7.4115576e+00   2.1907155e+01
   7.4277048e+00   2.1907859e+01
   7.4438520e+00   2.1908557e+01
   7.4599992e+00   2.1909248e+01
   7.4761464e+00   2.1909933e+01
   7.4922935e+00   2.1910611e+01
   7.5084407e+00   2.1911284e+01
   7.5245879e+00   2.1911950e+01
   7.5407351e+00   2.1912610e+01
   7.5568823e+00   2.1913265e+01
   7.5730295e+00   2.1913913e+01
   7.5891767e+00   2.1914556e+01
   7.6053238e+00   2.1915193e+01
   7.6214710e+00   2.1915824e+01
   7.6376182e+00   2.1916449e+01
   7.6537654e+00   2.1917069e+01
   7.6699126e+00   2.1917683e+01
   7.6860598e+00   2.1918292e+01
   7.7022069e+00   2.1918895e+01
   7.7183541e+00   2.1919493e+01
   7.7345013e+00   2.1920085e+01
   7.7506485e+00   2.1920673e+01
   7.7667957e+00   2.1921255e+01
   7.7829429e+00   2.1921832e+01
   7.7990900e+00   2.1922403e+01
   7.8152372e+00   2.1922970e+01
   7.8313844e+00   2.1923532e+01
   7.8475316e+00   2.1924089e+01
   7.8636788e+00   2.1924640e+01
   7.8798260e+00   2.1925187e+01
   7.8959732e+00   2.1925730e+01
   7.9121203e+00   2.1926267e+01
   7.9282675e+00   2.1926800e+01
   7.9444147e+00   2.1927328e+01
   7.9605619e+00   2.1927851e+01
   7.9767091e+00   2.1928370e+01
   7.9928563e+00   2.1928885e+01
   8.0090034e+00   2.1929395e+01
   8.0251506e+00   2.1929900e+01
   8.0412978e+00   2.1930401e+01
   8.0574450e+00   2.1930898e+01
   8.0735922e+00   2.1931390e+01
   8.0897394e+00   2.1931879e+01
   8.1058866e+00   2.1932363e+01
   8.1220337e+00   2.1932842e+01
   8.1381809e+00   2.1933318e+01
   8.1543281e+00   2.1933790e+01
   8.1704753e+00   2.1934257e+01
   8.1866225e+00   2.1934721e+01
   8.2027697e+00   2.1935181e+01
   8.2189168e+00   2.1935636e+01
   8.2350640e+00   2.1936088e+01
   8.2512112e+00   2.1936536e+01
   8.2673584e+00   2.1936980e+01
   8.2835056e+00   2.1937420e+01
   8.2996528e+00   2.1937857e+01
   8.3157999e+00   2.1938290e+01
   8.3319471e+00   2.1938719e+01
   8.3480943e+00   2.1939145e+01
   8.3642415e+00   2.1939567e+01
   8.3803887e+00   2.1939985e+01
   8.3965359e+00   2.1940400e+01
   8.4126831e+00   2.1940812e+01
   8.4288302e+00   2.1941220e+01
   8.4449774e+00   2.1941625e+01
   8.4611246e+00   2.1942026e+01
   8.4772718e+00   2.1942424e+01
   8.4934190e+00   2.1942818e+01
   8.5095662e+00   2.1943210e+01
   8.5257133e+00   2.1943598e+01
   8.5418605e+00   2.1943982e+01
   8.5580077e+00   2.1944364e+01
   8.5741549e+00   2.1944743e+01
   8.5903021e+00   2.1945118e+01
   8.6064493e+00   2.1945490e+01
   8.6225965e+00   2.1945859e+01
   8.6387436e+00   2.1946225e+01
   8.6548908e+00   2.1946589e+01
   8.6710380e+00   2.1946949e+01
   8.6871852e+00   2.1947306e+01
   8.7033324e+00   2.1947660e+01
   8.7194796e+00   2.1948011e+01
   8.7356267e+00   2.1948360e+01
   8.7517739e+00   2.1948706e+01
   8.7679211e+00   2.1949048e+01
   8.7840683e+00   2.1949388e+01
   8.8002155e+00   2.1949726e+01
   8.8163627e+00   2.1950060e+01
   8.8325098e+00   2.1950392e+01
   8.8486570e+00   2.1950721e+01
   8.8648042e+00   2.1951048e+01
   8.8809514e+00   2.1951372e+01
   8.8970986e+00   2.1951693e+01
   8.9132458e+00   2.1952011e+01
   8.9293930e+00   2.1952328e+01
   8.9455401e+00   2.1952641e+01
   8.9616873e+00   2.1952952e+01
   8.9778345e+00   2.1953261e+01
   8.9939817e+00   2.1953567e+01
   9.0101289e+00   2.1953870e+01
   9.0262761e+00   2.1954172e+01
   9.0424232e+00   2.1954471e+01
   9.0585704e+00   2.1954767e+01
   9.0747176e+00   2.1955061e+01
   9.0908648e+00   2.1955353e+01
   9.1070120e+00   2.1955642e+01
   9.1231592e+00   2.1955930e+01
   9.1393064e+00   2.1956214e+01
   9.1554535e+00   2.1956497e+01
   9.1716007e+00   2.1956778e+01
   9.1877479e+00   2.1957056e+01
   9.2038951e+00   2.1957332e+01
   9.2200423e+00   2.1957606e+01
   9.2361895e+00   2.1957877e+01
   9.2523366e+00   2.1958147e+01
   9.2684838e+00   2.1958415e+01
   9.2846310e+00   2.1958680e+01
   9.3007782e+00   2.1958943e+01
   9.3169254e+00   2.1959205e+01
   9.3330726e+00   2.1959464e+01
   9.3492197e+00   2.1959721e+01
   9.3653669e+00   2.1959977e+01
   9.3815141e+00   2.1960230e+01
   9.3976613e+00   2.1960481e+01
   9.4138085e+00   2.1960731e+01
   9.4299557e+00   2.1960978e+01
   9.4461029e+00   2.1961224e+01
   9.4622500e+00   2.1961467e+01
   9.4783972e+00   2.1961709e+01
   9.4945444e+00   2.1961949e+01
   9.5106916e+00   2.1962187e+01
   9.5268388e+00   2.1962424e+01
   9.5429860e+00   2.1962658e+01
   9.5591331e+00   2.1962891e+01
   9.5752803e+00   2.1963122e+01
   9.5914275e+00   2.1963351e+01
   9.6075747e+00   2.1963578e+01
   9.6237219e+00   2.1963804e+01
   9.6398691e+00   2.1964028e+01
   9.6560163e+00   2.1964250e+01
   9.6721634e+00   2.1964471e+01
   9.6883106e+00   2.1964690e+01
   9.7044578e+00   2.1964907e+01
   9.7206050e+00   2.1965123e+01
   9.7367522e+00   2.1965337e+01
   9.7528994e+00   2.1965550e+01
   9.7690465e+00   2.1965760e+01
   9.7851937e+00   2.1965970e+01
   9.8013409e+00   2.1966177e+01
   9.8174881e+00   2.1966384e+01
   9.8336353e+00   2.1966588e+01
   9.8497825e+00   2.1966791e+01
   9.8659296e+00   2.1966993e+01
   9.8820768e+00   2.1967193e+01
   9.8982240e+00   2.1967392e+01
   9.9143712e+00   2.1967589e+01
   9.9305184e+00   2.1967785e+01
   9.9466656e+00   2.1967979e+01
   9.9628128e+00   2.1968172e+01
   9.9789599e+00   2.1968363e+01
   9.9951071e+00   2.1968553e+01
   1.0011254e+01   2.1968742e+01
   1.0027401e+01   2.1968929e+01
   1.0043549e+01   2.1969115e+01
   1.0059696e+01   2.1969299e+01
   1.0075843e+01   2.1969482e+01
   1.0091990e+01   2.1969664e+01
   1.0108137e+01   2.1969845e+01
   1.0124285e+01   2.1970024e+01
   1.0140432e+01   2.1970201e+01
   1.0156579e+01   2.1970378e+01
   1.0172726e+01   2.1970553e+01
   1.0188873e+01   2.1970727e+01
   1.0205021e+01   2.1970900e+01
   1.0221168e+01   2.1971072e+01
   1.0237315e+01   2.1971242e+01
   1.0253462e+01   2.1971411e+01
   1.0269609e+01   2.1971579e+01
   1.0285756e+01   2.1971745e+01
   1.0301904e+01   2.1971911e+01
   1.0318051e+01   2.1972075e+01
   1.0334198e+01   2.1972238e+01
   1.0350345e+01   2.1972400e+01
   1.0366492e+01   2.1972561e+01
   1.0382640e+01   2.1972720e+01
   1.0398787e+01   2.1972879e+01
   1.0414934e+01   2.1973036e+01
   1.0431081e+01   2.1973192e+01
   1.0447228e+01   2.1973347e+01
   1.0463375e+01   2.1973501e+01
   1.0479523e+01   2.1973654e+01
   1.0495670e+01   2.1973806e+01
   1.0511817e+01   2.1973957e+01
   1.0527964e+01   2.1974106e+01
   1.0544111e+01   2.1974255e+01
   1.0560259e+01   2.1974402e+01
   1.0576406e+01   2.1974549e+01
   1.0592553e+01   2.1974694e+01
   1.0608700e+01   2.1974839e+01
   1.0624847e+01   2.1974982e+01
   1.0640994e+01   2.1975125e+01
   1.0657142e+01   2.1975266e+01
   1.0673289e+01   2.1975407e+01
   1.0689436e+01   2.1975546e+01
   1.0705583e+01   2.1975685e+01
   1.0721730e+01   2.1975822e+01
   1.0737878e+01   2.1975959e+01
   1.0754025e+01   2.1976095e+01
   1.0770172e+01   2.1976229e+01
   1.0786319e+01   2.1976363e+01
   1.0802466e+01   2.1976496e+01
   1.0818614e+01   2.1976628e+01
   1.0834761e+01   2.1976759e+01
   1.0850908e+01   2.1976889e+01
   1.0867055e+01   2.1977019e+01
   1.0883202e+01   2.1977147e+01
   1.0899349e+01   2.1977274e+01
   1.0915497e+01   2.1977401e+01
   1.0931644e+01   2.1977527e+01
   1.0947791e+01   2.1977652e+01
   1.0963938e+01   2.1977776e+01
   1.0980085e+01   2.1977899e+01
   1.0996233e+01   2.1978021e+01
   1.1012380e+01   2.1978143e+01
   1.1028527e+01   2.1978263e+01
   1.1044674e+01   2.1978383e+01
   1.1060821e+01   2.1978502e+01
   1.1076968e+01   2.1978621e+01
   1.1093116e+01   2.1978738e+01
   1.1109263e+01   2.1978855e+01
   1.1125410e+01   2.1978971e+01
   1.1141557e+01   2.1979086e+01
   1.1157704e+01   2.1979200e+01
   1.1173852e+01   2.1979314e+01
   1.1189999e+01   2.1979426e+01
   1.1206146e+01   2.1979538e+01
   1.1222293e+01   2.1979650e+01
   1.1238440e+01   2.1979760e+01
   1.1254588e+01   2.1979870e+01
   1.1270735e+01   2.1979979e+01
   1.1286882e+01   2.1980088e+01
   1.1303029e+01   2.1980195e+01
   1.1319176e+01   2.1980302e+01
   1.1335323e+01   2.1980408e+01
   1.1351471e+01   2.1980514e+01
   1.1367618e+01   2.1980619e+01
   1.1383765e+01   2.1980723e+01
   1.1399912e+01   2.1980826e+01
   1.1416059e+01   2.1980929e+01
   1.1432207e+01   2.1981031e+01
   1.1448354e+01   2.1981132e+01
   1.1464501e+01   2.1981233e+01
   1.1480648e+01   2.1981333e+01
   1.1496795e+01   2.1981432e+01
   1.1512942e+01   2.1981531e+01
   1.1529090e+01   2.1981629e+01
   1.1545237e+01   2.1981727e+01
   1.1561384e+01   2.1981824e+01
   1.1577531e+01   2.1981920e+01
   1.1593678e+01   2.1982015e+01
   1.1609826e+01   2.1982110e+01
   1.1625973e+01   2.1982205e+01
   1.1642120e+01   2.1982298e+01
   1.1658267e+01   2.1982392e+01
   1.1674414e+01   2.1982484e+01
   1.1690561e+01   2.1982576e+01
   1.1706709e+01   2.1982667e+01
   1.1722856e+01   2.1982758e+01
   1.1739003e+01   2.1982848e+01
   1.1755150e+01   2.1982938e+01
   1.1771297e+01   2.1983027e+01
   1.1787445e+01   2.1983115e+01
   1.1803592e+01   2.1983203e+01
   1.1819739e+01   2.1983290e+01
   1.1835886e+01   2.1983377e+01
   1.1852033e+01   2.1983463e+01
   1.1868181e+01   2.1983549e+01
   1.1884328e+01   2.1983634e+01
   1.1900475e+01   2.1983719e+01
   1.1916622e+01   2.1983803e+01
   1.1932769e+01   2.1983886e+01
   1.1948916e+01   2.1983969e+01
   1.1965064e+01   2.1984051e+01
   1.1981211e+01   2.1984133e+01
   1.1997358e+01   2.1984215e+01
   1.2013505e+01   2.1984296e+01
   1.2029652e+01   2.1984376e+01
   1.2045800e+01   2.1984456e+01
   1.2061947e+01   2.1984535e+01
   1.2078094e+01   2.1984614e+01
   1.2094241e+01   2.1984692e+01
   1.2110388e+01   2.1984770e+01
   1.2126535e+01   2.1984848e+01
   1.2142683e+01   2.1984924e+01
   1.2158830e+01   2.1985001e+01
   1.2174977e+01   2.1985077e+01
   1.2191124e+01   2.1985152e+01
   1.2207271e+01   2.1985227e+01
   1.2223419e+01   2.1985302e+01
   1.2239566e+01   2.1985376e+01
   1.2255713e+01   2.1985449e+01
   1.2271860e+01   2.1985523e+01
   1.2288007e+01   2.1985595e+01
   1.2304154e+01   2.1985667e+01
   1.2320302e+01   2.1985739e+01
   1.2336449e+01   2.1985811e+01
   1.2352596e+01   2.1985882e+01
   1.2368743e+01   2.1985952e+01
   1.2384890e+01   2.1986022e+01
   1.2401038e+01   2.1986092e+01
   1.2417185e+01   2.1986161e+01
   1.2433332e+01   2.1986230e+01
   1.2449479e+01   2.1986298e+01
   1.2465626e+01   2.1986366e+01
   1.2481774e+01   2.1986433e+01
   1.2497921e+01   2.1986500e+01
   1.2514068e+01   2.1986567e+01
   1.2530215e+01   2.1986633e+01
   1.2546362e+01   2.1986699e+01
   1.2562509e+01   2.1986765e+01
   1.2578657e+01   2.1986830e+01
   1.2594804e+01   2.1986895e+01
   1.2610951e+01   2.1986959e+01
   1.2627098e+01   2.1987023e+01
   1.2643245e+01   2.1987086e+01
   1.2659393e+01   2.1987149e+01
   1.2675540e+01   2.1987212e+01
   1.2691687e+01   2.1987275e+01
   1.2707834e+01   2.1987337e+01
   1.2723981e+01   2.1987398e+01
   1.2740128e+01   2.1987459e+01
   1.2756276e+01   2.1987520e+01
   1.2772423e+01   2.1987581e+01
   1.2788570e+01   2.1987641e+01
   1.2804717e+01   2.1987701e+01
   1.2820864e+01   2.1987760e+01
   1.2837012e+01   2.1987819e+01
   1.2853159e+01   2.1987878e+01
   1.2869306e+01   2.1987936e+01
   1.2885453e+01   2.1987995e+01
   1.2901600e+01   2.1988052e+01
   1.2917747e+01   2.1988110e+01
   1.2933895e+01   2.1988167e+01
   1.2950042e+01   2.1988223e+01
   1.2966189e+01   2.1988280e+01
   1.2982336e+01   2.1988336e+01
   1.2998483e+01   2.1988391e+01
   1.3014631e+01   2.1988447e+01
   1.3030778e+01   2.1988502e+01
   1.3046925e+01   2.1988556e+01
   1.3063072e+01   2.1988611e+01
   1.3079219e+01   2.1988665e+01
   1.3095367e+01   2.1988719e+01
   1.3111514e+01   2.1988772e+01
   1.3127661e+01   2.1988825e+01
   1.3143808e+01   2.1988878e+01
   1.3159955e+01   2.1988930e+01
   1.3176102e+01   2.1988983e+01
   1.3192250e+01   2.1989035e+01
   1.3208397e+01   2.1989086e+01
   1.3224544e+01   2.1989137e+01
   1.3240691e+01   2.1989188e+01
   1.3256838e+01   2.1989239e+01
   1.3272986e+01   2.1989290e+01
   1.3289133e+01   2.1989340e+01
   1.3305280e+01   2.1989390e+01
   1.3321427e+01   2.1989439e+01
   1.3337574e+01   2.1989488e+01
   1.3353721e+01   2.1989537e+01
   1.3369869e+01   2.1989586e+01
   1.3386016e+01   2.1989634e+01
   1.3402163e+01   2.1989683e+01
   1.3418310e+01   2.1989730e+01
   1.3434457e+01   2.1989778e+01
   1.3450605e+01   2.1989825e+01
   1.3466752e+01   2.1989872e+01
   1.3482899e+01   2.1989919e+01
   1.3499046e+01   2.1989966e+01
   1.3515193e+01   2.1990012e+01
   1.3531340e+01   2.1990058e+01
   1.3547488e+01   2.1990103e+01
   1.3563635e+01   2.1990149e+01
   1.3579782e+01   2.1990194e+01
   1.3595929e+01   2.1990239e+01
   1.3612076e+01   2.1990284e+01
   1.3628224e+01   2.1990328e+01
   1.3644371e+01   2.1990372e+01
   1.3660518e+01   2.1990416e+01
   1.3676665e+01   2.1990460e+01
   1.3692812e+01   2.1990503e+01
   1.3708960e+01   2.1990547e+01
   1.3725107e+01   2.1990590e+01
   1.3741254e+01   2.1990632e+01
   1.3757401e+01   2.1990675e+01
   1.3773548e+01   2.1990717e+01
   1.3789695e+01   2.1990759e+01
   1.3805843e+01   2.1990801e+01
   1.3821990e+01   2.1990842e+01
   1.3838137e+01   2.1990884e+01
   1.3854284e+01   2.1990925e+01
   1.3870431e+01   2.1990965e+01
   1.3886579e+01   2.1991006e+01
   1.3902726e+01   2.1991046e+01
   1.3918873e+01   2.1991087e+01
   1.3935020e+01   2.1991127e+01
   1.3951167e+01   2.1991166e+01
   1.3967314e+01   2.1991206e+01
   1.3983462e+01   2.1991245e+01
   1.3999609e+01   2.1991284e+01
   1.4015756e+01   2.1991323e+01
   1.4031903e+01   2.1991362e+01
   1.4048050e+01   2.1991400e+01
   1.4064198e+01   2.1991438e+01
   1.4080345e+01   2.1991476e+01
   1.4096492e+01   2.1991514e+01
   1.4112639e+01   2.1991552e+01
   1.4128786e+01   2.1991589e+01
   1.4144934e+01   2.1991626e+01
   1.4161081e+01   2.1991663e+01
   1.4177228e+01   2.1991700e+01
   1.4193375e+01   2.1991737e+01
   1.4209522e+01   2.1991773e+01
   1.4225669e+01   2.1991809e+01
   1.4241817e+01   2.1991845e+01
   1.4257964e+01   2.1991881e+01
   1.4274111e+01   2.1991916e+01
   1.4290258e+01   2.1991952e+01
   1.4306405e+01   2.1991987e+01
   1.4322553e+01   2.1992022e+01
   1.4338700e+01   2.1992057e+01
   1.4354847e+01   2.1992091e+01
   1.4370994e+01   2.1992126e+01
   1.4387141e+01   2.1992160e+01
   1.4403288e+01   2.1992194e+01
   1.4419436e+01   2.1992228e+01
   1.4435583e+01   2.1992262e+01
   1.4451730e+01   2.1992295e+01
   1.4467877e+01   2.1992329e+01
   1.4484024e+01   2.1992362e+01
   1.4500172e+01   2.1992395e+01
   1.4516319e+01   2.1992428e+01
   1.4532466e+01   2.1992460e+01
   1.4548613e+01   2.1992493e+01
   1.4564760e+01   2.1992525e+01
   1.4580907e+01   2.1992557e+01
   1.4597055e+01   2.1992589e+01
   1.4613202e+01   2.1992621e+01
   1.4629349e+01   2.1992653e+01
   1.4645496e+01   2.1992684e+01
   1.4661643e+01   2.1992715e+01
   1.4677791e+01   2.1992747e+01
   1.4693938e+01   2.1992777e+01
   1.4710085e+01   2.1992808e+01
   1.4726232e+01   2.1992839e+01
   1.4742379e+01   2.1992869e+01
   1.4758527e+01   2.1992900e+01
   1.4774674e+01   2.1992930e+01
   1.4790821e+01   2.1992960e+01
   1.4806968e+01   2.1992990e+01
   1.4823115e+01   2.1993019e+01
   1.4839262e+01   2.1993049e+01
   1.4855410e+01   2.1993078e+01
   1.4871557e+01   2.1993107e+01
   1.4887704e+01   2.1993136e+01
   1.4903851e+01   2.1993165e+01
   1.4919998e+01   2.1993194e+01
   1.4936146e+01   2.1993223e+01
   1.4952293e+01   2.1993251e+01
   1.4968440e+01   2.1993279e+01
   1.4984587e+01   2.1993308e+01
   1.5000734e+01   2.1993336e+01
   1.5016881e+01   2.1993364e+01
   1.5033029e+01   2.1993391e+01
   1.5049176e+01   2.1993419e+01
   1.5065323e+01   2.1993446e+01
   1.5081470e+01   2.1993474e+01
   1.5097617e+01   2.1993501e+01
   1.5113765e+01   2.1993528e+01
   1.5129912e+01   2.1993555e+01
   1.5146059e+01   2.1993581e+01
   1.5162206e+01   2.1993608e+01
   1.5178353e+01   2.1993634e+01
   1.5194500e+01   2.1993661e+01
   1.5210648e+01   2.1993687e+01
   1.5226795e+01   2.1993713e+01
   1.5242942e+01   2.1993739e+01
   1.5259089e+01   2.1993765e+01
   1.5275236e+01   2.1993790e+01
   1.5291384e+01   2.1993816e+01
   1.5307531e+01   2.1993841e+01
   1.5323678e+01   2.1993867e+01
   1.5339825e+01   2.1993892e+01
   1.5355972e+01   2.1993917e+01
   1.5372120e+01   2.1993942e+01
   1.5388267e+01   2.1993966e+01
   1.5404414e+01   2.1993991e+01
   1.5420561e+01   2.1994016e+01
   1.5436708e+01   2.1994040e+01
   1.5452855e+01   2.1994064e+01
   1.5469003e+01   2.1994088e+01
   1.5485150e+01   2.1994112e+01
   1.5501297e+01   2.1994136e+01
   1.5517444e+01   2.1994160e+01
   1.5533591e+01   2.1994184e+01
   1.5549739e+01   2.1994207e+01
   1.5565886e+01   2.1994231e+01
   1.5582033e+01   2.1994254e+01
   1.5598180e+01   2.1994277e+01
   1.5614327e+01   2.1994300e+01
   1.5630474e+01   2.1994323e+01
   1.5646622e+01   2.1994346e+01
   1.5662769e+01   2.1994369e+01
   1.5678916e+01   2.1994392e+01
   1.5695063e+01   2.1994414e+01
   1.5711210e+01   2.1994436e+01
   1.5727358e+01   2.1994459e+01
   1.5743505e+01   2.1994481e+01
   1.5759652e+01   2.1994503e+01
   1.5775799e+01   2.1994525e+01
   1.5791946e+01   2.1994547e+01
   1.5808093e+01   2.1994569e+01
   1.5824241e+01   2.1994590e+01
   1.5840388e+01   2.1994612e+01
   1.5856535e+01   2.1994633e+01
   1.5872682e+01   2.1994654e+01
   1.5888829e+01   2.1994676e+01
   1.5904977e+01   2.1994697e+01
   1.5921124e+01   2.1994718e+01
   1.5937271e+01   2.1994739e+01
   1.5953418e+01   2.1994759e+01
   1.5969565e+01   2.1994780e+01
   1.5985713e+01   2.1994801e+01
   1.6001860e+01   2.1994821e+01
   1.6018007e+01   2.1994842e+01
   1.6034154e+01   2.1994862e+01
   1.6050301e+01   2.1994882e+01
   1.6066448e+01   2.1994902e+01
   1.6082596e+01   2.1994922e+01
   1.6098743e+01   2.1994942e+01
   1.6114890e+01   2.1994962e+01
   1.6131037e+01   2.1994982e+01
