# Z 25 rho 7.44001 A(Z) 54.938
1 4.24 0.009236 8089 0 0 8093.25
1.5 3.948 0.01591 2979 0 0 2982.96
2 3.646 0.0219 1417 0 0 1420.67
3 3.091 0.03276 482 0 0 485.124
3.01 3.086 0.03287 477.6 0 0 480.719
4 2.613 0.04279 220.2 0 0 222.856
5 2.213 0.05191 118.9 0 0 121.165
5.02 2.206 0.05209 117.6 0 0 119.858
6 1.884 0.06014 71.56 0 0 73.5041
6.539 1.735 0.0642 56.23 0 0 58.0292
6.539 1.735 0.0642 450.2 0 0 451.999
7.03 1.613 0.06772 376.5 0 0 378.181
8 1.407 0.07414 272 0 0 273.481
9.04 1.231 0.08025 197.1 0 0 198.411
10 1.099 0.08523 150.2 0 0 151.384
11.05 0.9822 0.09002 114.5 0 0 115.572
13.06 0.8106 0.09768 72.56 0 0 73.4683
15 0.6878 0.1036 49.48 0 0 50.2714
15.07 0.6839 0.1038 48.83 0 0 49.6177
17.08 0.5859 0.1089 34.36 0 0 35.0548
19.09 0.5072 0.1131 25.05 0 0 25.6703
20 0.4764 0.1148 21.93 0 0 22.5212
21.1 0.4424 0.1166 18.81 0 0 19.369
23.11 0.3885 0.1196 14.47 0 0 14.9781
25.12 0.3434 0.1221 11.36 0 0 11.8255
27.13 0.3055 0.1243 9.071 0 0 9.5008
29.14 0.2735 0.126 7.356 0 0 7.7555
30 0.2613 0.1267 6.753 0 0 7.141
31.15 0.2463 0.1275 6.043 0 0 6.4168
33.16 0.223 0.1288 5.023 0 0 5.3748
35.17 0.2029 0.1298 4.218 0 0 4.5507
37.18 0.1855 0.1306 3.574 0 0 3.8901
39.19 0.1703 0.1313 3.054 0 0 3.3556
40 0.1648 0.1315 2.873 0 0 3.1693
41.2 0.157 0.1318 2.629 0 0 2.9178
43.21 0.1453 0.1322 2.278 0 0 2.5555
45.22 0.1349 0.1325 1.987 0 0 2.2544
47.23 0.1256 0.1328 1.742 0 0 2.0004
49.24 0.1173 0.1329 1.536 0 0 1.7862
50 0.1143 0.133 1.467 0 0 1.7143
51.25 0.1097 0.133 1.361 0 0 1.6037
53.26 0.103 0.1331 1.211 0 0 1.4471
55.27 0.0968 0.1331 1.082 0 0 1.3119
57.28 0.09118 0.1331 0.9703 0 0 1.19458
59.29 0.08605 0.133 0.8734 0 0 1.09245
60 0.08435 0.133 0.8424 0 0 1.05975
61.3 0.08135 0.1329 0.7889 0 0 1.00315
63.31 0.07702 0.1327 0.7148 0 0 0.92452
65.32 0.07304 0.1325 0.6496 0 0 0.85514
67.33 0.06936 0.1323 0.592 0 0 0.79366
69.34 0.06595 0.1321 0.541 0 0 0.73905
71.35 0.06278 0.1318 0.4955 0 0 0.69008
73.36 0.05984 0.1316 0.455 0 0 0.64644
75.37 0.0571 0.1313 0.4187 0 0 0.6071
77.38 0.05454 0.131 0.3862 0 0 0.57174
79.39 0.05215 0.1307 0.3568 0 0 0.53965
80 0.05145 0.1306 0.3486 0 0 0.53065
81.4 0.0499 0.1303 0.3304 0 0 0.5106
83.41 0.0478 0.13 0.3065 0 0 0.4843
85.42 0.04583 0.1297 0.2848 0 0 0.46033
87.43 0.04397 0.1293 0.265 0 0 0.43827
89.44 0.04222 0.129 0.2471 0 0 0.41832
91.45 0.04058 0.1286 0.2307 0 0 0.39988
93.46 0.03902 0.1282 0.2157 0 0 0.38292
95.47 0.03756 0.1279 0.202 0 0 0.36746
97.49 0.03617 0.1275 0.1894 0 0 0.35307
99.5 0.03486 0.1271 0.1778 0 0 0.33976
100 0.03454 0.127 0.1751 0 0 0.33664
101.5 0.03361 0.1268 0.1671 0 0 0.32751
103.5 0.03244 0.1264 0.1573 0 0 0.31614
105.5 0.03132 0.126 0.1482 0 0 0.30552
107.5 0.03026 0.1256 0.1398 0 0 0.29566
109.5 0.02925 0.1252 0.132 0 0 0.28645
111.6 0.02829 0.1248 0.1248 0 0 0.27789
113.6 0.02738 0.1245 0.1181 0 0 0.26998
115.6 0.02651 0.1241 0.1119 0 0 0.26251
117.6 0.02568 0.1237 0.1061 0 0 0.25548
119.6 0.02489 0.1233 0.1007 0 0 0.24889
121.6 0.02413 0.1229 0.0956 0 0 0.24263
123.6 0.02341 0.1225 0.09088 0 0 0.23679
125.6 0.02272 0.1221 0.08646 0 0 0.23128
127.6 0.02206 0.1217 0.08232 0 0 0.22608
129.6 0.02143 0.1213 0.07844 0 0 0.22117
131.7 0.02082 0.121 0.0748 0 0 0.21662
133.7 0.02024 0.1206 0.07138 0 0 0.21222
135.7 0.01969 0.1202 0.06816 0 0 0.20805
137.7 0.01915 0.1198 0.06514 0 0 0.20409
139.7 0.01864 0.1194 0.06229 0 0 0.20033
141.7 0.01815 0.1191 0.0596 0 0 0.19685
143.7 0.01768 0.1187 0.05707 0 0 0.19345
145.7 0.01722 0.1183 0.05468 0 0 0.1902
147.7 0.01678 0.1179 0.05241 0 0 0.18709
149.7 0.01636 0.1176 0.05028 0 0 0.18424
150 0.01631 0.1175 0.05002 0 0 0.18383
151.8 0.01596 0.1172 0.04825 0 0 0.18141
153.8 0.01557 0.1168 0.04634 0 0 0.17871
155.8 0.01519 0.1165 0.04452 0 0 0.17621
157.8 0.01483 0.1161 0.0428 0 0 0.17373
159.8 0.01448 0.1157 0.04116 0 0 0.17134
161.8 0.01414 0.1154 0.03961 0 0 0.16915
163.8 0.01381 0.115 0.03813 0 0 0.16694
165.8 0.0135 0.1147 0.03673 0 0 0.16493
167.8 0.01319 0.1143 0.0354 0 0 0.16289
169.9 0.0129 0.1139 0.03413 0 0 0.16093
171.9 0.01262 0.1136 0.03292 0 0 0.15914
173.9 0.01234 0.1133 0.03176 0 0 0.1574
175.9 0.01207 0.1129 0.03066 0 0 0.15563
177.9 0.01182 0.1126 0.02961 0 0 0.15403
179.9 0.01157 0.1122 0.02861 0 0 0.15238
181.9 0.01133 0.1119 0.02765 0 0 0.15088
183.9 0.01109 0.1116 0.02674 0 0 0.14943
185.9 0.01086 0.1112 0.02587 0 0 0.14793
187.9 0.01064 0.1109 0.02503 0 0 0.14657
189.9 0.01043 0.1106 0.02423 0 0 0.14526
192 0.01022 0.1102 0.02346 0 0 0.14388
194 0.01002 0.1099 0.02273 0 0 0.14265
196 0.009826 0.1096 0.02203 0 0 0.141456
198 0.009637 0.1093 0.02135 0 0 0.140287
200 0.009452 0.109 0.02071 0 0 0.139162
300 0.004322 0.09573 0.006167 0 0 0.106219
400 0.002462 0.08615 0.00272 0 0 0.091332
500 0.001585 0.07885 0.001492 0 0 0.081927
600 0.001105 0.07305 0.0009385 0 0 0.0750935
800 0.0006239 0.06427 0.0004778 0 0 0.0653717
1000 0.0004001 0.05782 0.0002973 0 0 0.0585174
1022 0.0003831 0.05722 0.000282 0 0 0.0578851
1250 0.0002564 0.05173 0.0001907 6.519e-05 0 0.0522423
1500 0.0001781 0.04704 0.0001376 0.0003336 0 0.0476893
2000 0.0001003 0.04015 8.493e-05 0.001278 0 0.0416132
2044 9.599e-05 0.03965 8.204e-05 0.001376 0 0.041204
3000 4.458e-05 0.03159 4.616e-05 0.003546 1.106e-05 0.0352378
4000 2.508e-05 0.02636 3.112e-05 0.00567 4.514e-05 0.0321313
5000 1.605e-05 0.02277 2.332e-05 0.007549 8.992e-05 0.0304483
6000 1.115e-05 0.02013 1.858e-05 0.009223 0.000138 0.0295207
7000 8.191e-06 0.01809 1.541e-05 0.01071 0.000186 0.0290096
8000 6.271e-06 0.01645 1.315e-05 0.01205 0.0002326 0.028752
9000 4.955e-06 0.01513 1.147e-05 0.01326 0.0002772 0.0286836
10000 4.013e-06 0.01402 1.016e-05 0.01436 0.0003196 0.0287138
