   0.0000000e+00   0.0000000e+00
   1.6147184e-02   1.4104741e-01
   3.2294369e-02   5.1199106e-01
   4.8441553e-02   1.0313294e+00
   6.4588737e-02   1.6247966e+00
   8.0735922e-02   2.2352171e+00
   9.6883106e-02   2.8259840e+00
   1.1303029e-01   3.3792157e+00
   1.2917747e-01   3.8909359e+00
   1.4532466e-01   4.3655809e+00
   1.6147184e-01   4.8113459e+00
   1.7761903e-01   5.2369778e+00
   1.9376621e-01   5.6499793e+00
   2.0991340e-01   6.0558855e+00
   2.2606058e-01   6.4582154e+00
   2.4220777e-01   6.8587703e+00
   2.5835495e-01   7.2580556e+00
   2.7450213e-01   7.6556974e+00
   2.9064932e-01   8.0507949e+00
   3.0679650e-01   8.4421889e+00
   3.2294369e-01   8.8286510e+00
   3.3909087e-01   9.2090071e+00
   3.5523806e-01   9.5822096e+00
   3.7138524e-01   9.9473738e+00
   3.8753242e-01   1.0303790e+01
   4.0367961e-01   1.0650919e+01
   4.1982679e-01   1.0988379e+01
   4.3597398e-01   1.1315931e+01
   4.5212116e-01   1.1633454e+01
   4.6826835e-01   1.1940932e+01
   4.8441553e-01   1.2238430e+01
   5.0056272e-01   1.2526082e+01
   5.1670990e-01   1.2804077e+01
   5.3285708e-01   1.3072642e+01
   5.4900427e-01   1.3332036e+01
   5.6515145e-01   1.3582539e+01
   5.8129864e-01   1.3824448e+01
   5.9744582e-01   1.4058067e+01
   6.1359301e-01   1.4283702e+01
   6.2974019e-01   1.4501664e+01
   6.4588737e-01   1.4712257e+01
   6.6203456e-01   1.4915782e+01
   6.7818174e-01   1.5112533e+01
   6.9432893e-01   1.5302795e+01
   7.1047611e-01   1.5486844e+01
   7.2662330e-01   1.5664949e+01
   7.4277048e-01   1.5837365e+01
   7.5891767e-01   1.6004338e+01
   7.7506485e-01   1.6166106e+01
   7.9121203e-01   1.6322894e+01
   8.0735922e-01   1.6474918e+01
   8.2350640e-01   1.6622384e+01
   8.3965359e-01   1.6765488e+01
   8.5580077e-01   1.6904417e+01
   8.7194796e-01   1.7039349e+01
   8.8809514e-01   1.7170454e+01
   9.0424232e-01   1.7297893e+01
   9.2038951e-01   1.7421819e+01
   9.3653669e-01   1.7542377e+01
   9.5268388e-01   1.7659707e+01
   9.6883106e-01   1.7773940e+01
   9.8497825e-01   1.7885202e+01
   1.0011254e+00   1.7993610e+01
   1.0172726e+00   1.8099280e+01
   1.0334198e+00   1.8202318e+01
   1.0495670e+00   1.8302827e+01
   1.0657142e+00   1.8400904e+01
   1.0818614e+00   1.8496642e+01
   1.0980085e+00   1.8590129e+01
   1.1141557e+00   1.8681449e+01
   1.1303029e+00   1.8770683e+01
   1.1464501e+00   1.8857906e+01
   1.1625973e+00   1.8943191e+01
   1.1787445e+00   1.9026607e+01
   1.1948916e+00   1.9108220e+01
   1.2110388e+00   1.9188093e+01
   1.2271860e+00   1.9266286e+01
   1.2433332e+00   1.9342857e+01
   1.2594804e+00   1.9417859e+01
   1.2756276e+00   1.9491346e+01
   1.2917747e+00   1.9563366e+01
   1.3079219e+00   1.9633968e+01
   1.3240691e+00   1.9703198e+01
   1.3402163e+00   1.9771098e+01
   1.3563635e+00   1.9837710e+01
   1.3725107e+00   1.9903075e+01
   1.3886579e+00   1.9967230e+01
   1.4048050e+00   2.0030212e+01
   1.4209522e+00   2.0092055e+01
   1.4370994e+00   2.0152794e+01
   1.4532466e+00   2.0212461e+01
   1.4693938e+00   2.0271086e+01
   1.4855410e+00   2.0328699e+01
   1.5016881e+00   2.0385328e+01
   1.5178353e+00   2.0441001e+01
   1.5339825e+00   2.0495743e+01
   1.5501297e+00   2.0549581e+01
   1.5662769e+00   2.0602536e+01
   1.5824241e+00   2.0654634e+01
   1.5985713e+00   2.0705897e+01
   1.6147184e+00   2.0756345e+01
   1.6308656e+00   2.0806000e+01
   1.6470128e+00   2.0854880e+01
   1.6631600e+00   2.0903007e+01
   1.6793072e+00   2.0950397e+01
   1.6954544e+00   2.0997068e+01
   1.7116015e+00   2.1043038e+01
   1.7277487e+00   2.1088323e+01
   1.7438959e+00   2.1132940e+01
   1.7600431e+00   2.1176902e+01
   1.7761903e+00   2.1220226e+01
   1.7923375e+00   2.1262925e+01
   1.8084846e+00   2.1305013e+01
   1.8246318e+00   2.1346504e+01
   1.8407790e+00   2.1387411e+01
   1.8569262e+00   2.1427745e+01
   1.8730734e+00   2.1467519e+01
   1.8892206e+00   2.1506745e+01
   1.9053678e+00   2.1545433e+01
   1.9215149e+00   2.1583595e+01
   1.9376621e+00   2.1621242e+01
   1.9538093e+00   2.1658383e+01
   1.9699565e+00   2.1695028e+01
   1.9861037e+00   2.1731187e+01
   2.0022509e+00   2.1766870e+01
   2.0183980e+00   2.1802085e+01
   2.0345452e+00   2.1836841e+01
   2.0506924e+00   2.1871147e+01
   2.0668396e+00   2.1905011e+01
   2.0829868e+00   2.1938440e+01
   2.0991340e+00   2.1971443e+01
   2.1152812e+00   2.2004027e+01
   2.1314283e+00   2.2036200e+01
   2.1475755e+00   2.2067969e+01
   2.1637227e+00   2.2099340e+01
   2.1798699e+00   2.2130321e+01
   2.1960171e+00   2.2160917e+01
   2.2121643e+00   2.2191136e+01
   2.2283114e+00   2.2220984e+01
   2.2444586e+00   2.2250466e+01
   2.2606058e+00   2.2279589e+01
   2.2767530e+00   2.2308358e+01
   2.2929002e+00   2.2336779e+01
   2.3090474e+00   2.2364858e+01
   2.3251945e+00   2.2392599e+01
   2.3413417e+00   2.2420009e+01
   2.3574889e+00   2.2447091e+01
   2.3736361e+00   2.2473852e+01
   2.3897833e+00   2.2500295e+01
   2.4059305e+00   2.2526427e+01
   2.4220777e+00   2.2552250e+01
   2.4382248e+00   2.2577771e+01
   2.4543720e+00   2.2602992e+01
   2.4705192e+00   2.2627920e+01
   2.4866664e+00   2.2652557e+01
   2.5028136e+00   2.2676908e+01
   2.5189608e+00   2.2700977e+01
   2.5351079e+00   2.2724768e+01
   2.5512551e+00   2.2748285e+01
   2.5674023e+00   2.2771532e+01
   2.5835495e+00   2.2794512e+01
   2.5996967e+00   2.2817229e+01
   2.6158439e+00   2.2839686e+01
   2.6319911e+00   2.2861888e+01
   2.6481382e+00   2.2883838e+01
   2.6642854e+00   2.2905538e+01
   2.6804326e+00   2.2926993e+01
   2.6965798e+00   2.2948205e+01
   2.7127270e+00   2.2969178e+01
   2.7288742e+00   2.2989914e+01
   2.7450213e+00   2.3010418e+01
   2.7611685e+00   2.3030691e+01
   2.7773157e+00   2.3050738e+01
   2.7934629e+00   2.3070560e+01
   2.8096101e+00   2.3090160e+01
   2.8257573e+00   2.3109542e+01
   2.8419044e+00   2.3128709e+01
   2.8580516e+00   2.3147662e+01
   2.8741988e+00   2.3166405e+01
   2.8903460e+00   2.3184940e+01
   2.9064932e+00   2.3203270e+01
   2.9226404e+00   2.3221397e+01
   2.9387876e+00   2.3239324e+01
   2.9549347e+00   2.3257053e+01
   2.9710819e+00   2.3274587e+01
   2.9872291e+00   2.3291927e+01
   3.0033763e+00   2.3309078e+01
   3.0195235e+00   2.3326040e+01
   3.0356707e+00   2.3342816e+01
   3.0518178e+00   2.3359408e+01
   3.0679650e+00   2.3375819e+01
   3.0841122e+00   2.3392050e+01
   3.1002594e+00   2.3408104e+01
   3.1164066e+00   2.3423983e+01
   3.1325538e+00   2.3439689e+01
   3.1487010e+00   2.3455224e+01
   3.1648481e+00   2.3470589e+01
   3.1809953e+00   2.3485788e+01
   3.1971425e+00   2.3500822e+01
   3.2132897e+00   2.3515692e+01
   3.2294369e+00   2.3530402e+01
   3.2455841e+00   2.3544952e+01
   3.2617312e+00   2.3559344e+01
   3.2778784e+00   2.3573581e+01
   3.2940256e+00   2.3587664e+01
   3.3101728e+00   2.3601595e+01
   3.3263200e+00   2.3615376e+01
   3.3424672e+00   2.3629008e+01
   3.3586143e+00   2.3642494e+01
   3.3747615e+00   2.3655834e+01
   3.3909087e+00   2.3669030e+01
   3.4070559e+00   2.3682085e+01
   3.4232031e+00   2.3695000e+01
   3.4393503e+00   2.3707775e+01
   3.4554975e+00   2.3720414e+01
   3.4716446e+00   2.3732918e+01
   3.4877918e+00   2.3745287e+01
   3.5039390e+00   2.3757524e+01
   3.5200862e+00   2.3769630e+01
   3.5362334e+00   2.3781607e+01
   3.5523806e+00   2.3793455e+01
   3.5685277e+00   2.3805178e+01
   3.5846749e+00   2.3816775e+01
   3.6008221e+00   2.3828248e+01
   3.6169693e+00   2.3839599e+01
   3.6331165e+00   2.3850830e+01
   3.6492637e+00   2.3861940e+01
   3.6654109e+00   2.3872933e+01
   3.6815580e+00   2.3883809e+01
   3.6977052e+00   2.3894569e+01
   3.7138524e+00   2.3905215e+01
   3.7299996e+00   2.3915747e+01
   3.7461468e+00   2.3926169e+01
   3.7622940e+00   2.3936480e+01
   3.7784411e+00   2.3946681e+01
   3.7945883e+00   2.3956775e+01
   3.8107355e+00   2.3966762e+01
   3.8268827e+00   2.3976643e+01
   3.8430299e+00   2.3986420e+01
   3.8591771e+00   2.3996093e+01
   3.8753242e+00   2.4005665e+01
   3.8914714e+00   2.4015135e+01
   3.9076186e+00   2.4024506e+01
   3.9237658e+00   2.4033778e+01
   3.9399130e+00   2.4042953e+01
   3.9560602e+00   2.4052031e+01
   3.9722074e+00   2.4061013e+01
   3.9883545e+00   2.4069901e+01
   4.0045017e+00   2.4078696e+01
   4.0206489e+00   2.4087398e+01
   4.0367961e+00   2.4096010e+01
   4.0529433e+00   2.4104530e+01
   4.0690905e+00   2.4112962e+01
   4.0852376e+00   2.4121306e+01
   4.1013848e+00   2.4129562e+01
   4.1175320e+00   2.4137731e+01
   4.1336792e+00   2.4145816e+01
   4.1498264e+00   2.4153816e+01
   4.1659736e+00   2.4161732e+01
   4.1821208e+00   2.4169566e+01
   4.1982679e+00   2.4177319e+01
   4.2144151e+00   2.4184990e+01
   4.2305623e+00   2.4192582e+01
   4.2467095e+00   2.4200095e+01
   4.2628567e+00   2.4207529e+01
   4.2790039e+00   2.4214887e+01
   4.2951510e+00   2.4222168e+01
   4.3112982e+00   2.4229373e+01
   4.3274454e+00   2.4236504e+01
   4.3435926e+00   2.4243561e+01
   4.3597398e+00   2.4250545e+01
   4.3758870e+00   2.4257457e+01
   4.3920341e+00   2.4264297e+01
   4.4081813e+00   2.4271066e+01
   4.4243285e+00   2.4277766e+01
   4.4404757e+00   2.4284396e+01
   4.4566229e+00   2.4290958e+01
   4.4727701e+00   2.4297453e+01
   4.4889173e+00   2.4303880e+01
   4.5050644e+00   2.4310242e+01
   4.5212116e+00   2.4316538e+01
   4.5373588e+00   2.4322769e+01
   4.5535060e+00   2.4328937e+01
   4.5696532e+00   2.4335041e+01
   4.5858004e+00   2.4341083e+01
   4.6019475e+00   2.4347062e+01
   4.6180947e+00   2.4352981e+01
   4.6342419e+00   2.4358839e+01
   4.6503891e+00   2.4364637e+01
   4.6665363e+00   2.4370376e+01
   4.6826835e+00   2.4376056e+01
   4.6988307e+00   2.4381679e+01
   4.7149778e+00   2.4387244e+01
   4.7311250e+00   2.4392752e+01
   4.7472722e+00   2.4398205e+01
   4.7634194e+00   2.4403602e+01
   4.7795666e+00   2.4408944e+01
   4.7957138e+00   2.4414232e+01
   4.8118609e+00   2.4419466e+01
   4.8280081e+00   2.4424647e+01
   4.8441553e+00   2.4429776e+01
   4.8603025e+00   2.4434853e+01
   4.8764497e+00   2.4439879e+01
   4.8925969e+00   2.4444853e+01
   4.9087440e+00   2.4449778e+01
   4.9248912e+00   2.4454653e+01
   4.9410384e+00   2.4459479e+01
   4.9571856e+00   2.4464256e+01
   4.9733328e+00   2.4468985e+01
   4.9894800e+00   2.4473667e+01
   5.0056272e+00   2.4478302e+01
   5.0217743e+00   2.4482890e+01
   5.0379215e+00   2.4487432e+01
   5.0540687e+00   2.4491929e+01
   5.0702159e+00   2.4496380e+01
   5.0863631e+00   2.4500787e+01
   5.1025103e+00   2.4505151e+01
   5.1186574e+00   2.4509470e+01
   5.1348046e+00   2.4513747e+01
   5.1509518e+00   2.4517980e+01
   5.1670990e+00   2.4522172e+01
   5.1832462e+00   2.4526322e+01
   5.1993934e+00   2.4530431e+01
   5.2155406e+00   2.4534499e+01
   5.2316877e+00   2.4538527e+01
   5.2478349e+00   2.4542514e+01
   5.2639821e+00   2.4546462e+01
   5.2801293e+00   2.4550372e+01
   5.2962765e+00   2.4554242e+01
   5.3124237e+00   2.4558074e+01
   5.3285708e+00   2.4561869e+01
   5.3447180e+00   2.4565626e+01
   5.3608652e+00   2.4569346e+01
   5.3770124e+00   2.4573030e+01
   5.3931596e+00   2.4576677e+01
   5.4093068e+00   2.4580288e+01
   5.4254539e+00   2.4583864e+01
   5.4416011e+00   2.4587405e+01
   5.4577483e+00   2.4590911e+01
   5.4738955e+00   2.4594383e+01
   5.4900427e+00   2.4597821e+01
   5.5061899e+00   2.4601226e+01
   5.5223371e+00   2.4604597e+01
   5.5384842e+00   2.4607936e+01
   5.5546314e+00   2.4611242e+01
   5.5707786e+00   2.4614515e+01
   5.5869258e+00   2.4617757e+01
   5.6030730e+00   2.4620968e+01
   5.6192202e+00   2.4624147e+01
   5.6353673e+00   2.4627295e+01
   5.6515145e+00   2.4630414e+01
   5.6676617e+00   2.4633501e+01
   5.6838089e+00   2.4636559e+01
   5.6999561e+00   2.4639588e+01
   5.7161033e+00   2.4642587e+01
   5.7322505e+00   2.4645558e+01
   5.7483976e+00   2.4648500e+01
   5.7645448e+00   2.4651413e+01
   5.7806920e+00   2.4654299e+01
   5.7968392e+00   2.4657157e+01
   5.8129864e+00   2.4659987e+01
   5.8291336e+00   2.4662791e+01
   5.8452807e+00   2.4665568e+01
   5.8614279e+00   2.4668318e+01
   5.8775751e+00   2.4671042e+01
   5.8937223e+00   2.4673739e+01
   5.9098695e+00   2.4676412e+01
   5.9260167e+00   2.4679058e+01
   5.9421638e+00   2.4681680e+01
   5.9583110e+00   2.4684277e+01
   5.9744582e+00   2.4686849e+01
   5.9906054e+00   2.4689397e+01
   6.0067526e+00   2.4691920e+01
   6.0228998e+00   2.4694420e+01
   6.0390470e+00   2.4696896e+01
   6.0551941e+00   2.4699349e+01
   6.0713413e+00   2.4701779e+01
   6.0874885e+00   2.4704186e+01
   6.1036357e+00   2.4706570e+01
   6.1197829e+00   2.4708931e+01
   6.1359301e+00   2.4711271e+01
   6.1520772e+00   2.4713589e+01
   6.1682244e+00   2.4715885e+01
   6.1843716e+00   2.4718159e+01
   6.2005188e+00   2.4720412e+01
   6.2166660e+00   2.4722645e+01
   6.2328132e+00   2.4724856e+01
   6.2489603e+00   2.4727047e+01
   6.2651075e+00   2.4729217e+01
   6.2812547e+00   2.4731368e+01
   6.2974019e+00   2.4733498e+01
   6.3135491e+00   2.4735608e+01
   6.3296963e+00   2.4737699e+01
   6.3458435e+00   2.4739771e+01
   6.3619906e+00   2.4741823e+01
   6.3781378e+00   2.4743857e+01
   6.3942850e+00   2.4745872e+01
   6.4104322e+00   2.4747868e+01
   6.4265794e+00   2.4749846e+01
   6.4427266e+00   2.4751805e+01
   6.4588737e+00   2.4753747e+01
   6.4750209e+00   2.4755671e+01
   6.4911681e+00   2.4757577e+01
   6.5073153e+00   2.4759466e+01
   6.5234625e+00   2.4761337e+01
   6.5396097e+00   2.4763192e+01
   6.5557569e+00   2.4765029e+01
   6.5719040e+00   2.4766850e+01
   6.5880512e+00   2.4768654e+01
   6.6041984e+00   2.4770442e+01
   6.6203456e+00   2.4772214e+01
   6.6364928e+00   2.4773969e+01
   6.6526400e+00   2.4775709e+01
   6.6687871e+00   2.4777433e+01
   6.6849343e+00   2.4779141e+01
   6.7010815e+00   2.4780834e+01
   6.7172287e+00   2.4782511e+01
   6.7333759e+00   2.4784174e+01
   6.7495231e+00   2.4785821e+01
   6.7656702e+00   2.4787454e+01
   6.7818174e+00   2.4789072e+01
   6.7979646e+00   2.4790676e+01
   6.8141118e+00   2.4792265e+01
   6.8302590e+00   2.4793840e+01
   6.8464062e+00   2.4795401e+01
   6.8625534e+00   2.4796948e+01
   6.8787005e+00   2.4798481e+01
   6.8948477e+00   2.4800000e+01
   6.9109949e+00   2.4801506e+01
   6.9271421e+00   2.4802999e+01
   6.9432893e+00   2.4804478e+01
   6.9594365e+00   2.4805944e+01
   6.9755836e+00   2.4807398e+01
   6.9917308e+00   2.4808838e+01
   7.0078780e+00   2.4810266e+01
   7.0240252e+00   2.4811681e+01
   7.0401724e+00   2.4813083e+01
   7.0563196e+00   2.4814474e+01
   7.0724668e+00   2.4815852e+01
   7.0886139e+00   2.4817218e+01
   7.1047611e+00   2.4818571e+01
   7.1209083e+00   2.4819914e+01
   7.1370555e+00   2.4821244e+01
   7.1532027e+00   2.4822563e+01
   7.1693499e+00   2.4823870e+01
   7.1854970e+00   2.4825166e+01
   7.2016442e+00   2.4826450e+01
   7.2177914e+00   2.4827723e+01
   7.2339386e+00   2.4828986e+01
   7.2500858e+00   2.4830237e+01
   7.2662330e+00   2.4831477e+01
   7.2823801e+00   2.4832707e+01
   7.2985273e+00   2.4833926e+01
   7.3146745e+00   2.4835135e+01
   7.3308217e+00   2.4836333e+01
   7.3469689e+00   2.4837520e+01
   7.3631161e+00   2.4838698e+01
   7.3792633e+00   2.4839865e+01
   7.3954104e+00   2.4841023e+01
   7.4115576e+00   2.4842170e+01
   7.4277048e+00   2.4843308e+01
   7.4438520e+00   2.4844436e+01
   7.4599992e+00   2.4845554e+01
   7.4761464e+00   2.4846663e+01
   7.4922935e+00   2.4847762e+01
   7.5084407e+00   2.4848852e+01
   7.5245879e+00   2.4849932e+01
   7.5407351e+00   2.4851004e+01
   7.5568823e+00   2.4852066e+01
   7.5730295e+00   2.4853119e+01
   7.5891767e+00   2.4854164e+01
   7.6053238e+00   2.4855199e+01
   7.6214710e+00   2.4856226e+01
   7.6376182e+00   2.4857244e+01
   7.6537654e+00   2.4858254e+01
   7.6699126e+00   2.4859255e+01
   7.6860598e+00   2.4860248e+01
   7.7022069e+00   2.4861232e+01
   7.7183541e+00   2.4862208e+01
   7.7345013e+00   2.4863176e+01
   7.7506485e+00   2.4864136e+01
   7.7667957e+00   2.4865087e+01
   7.7829429e+00   2.4866031e+01
   7.7990900e+00   2.4866967e+01
   7.8152372e+00   2.4867895e+01
   7.8313844e+00   2.4868816e+01
   7.8475316e+00   2.4869728e+01
   7.8636788e+00   2.4870634e+01
   7.8798260e+00   2.4871531e+01
   7.8959732e+00   2.4872422e+01
   7.9121203e+00   2.4873304e+01
   7.9282675e+00   2.4874180e+01
   7.9444147e+00   2.4875048e+01
   7.9605619e+00   2.4875910e+01
   7.9767091e+00   2.4876764e+01
   7.9928563e+00   2.4877611e+01
   8.0090034e+00   2.4878451e+01
   8.0251506e+00   2.4879284e+01
   8.0412978e+00   2.4880111e+01
   8.0574450e+00   2.4880930e+01
   8.0735922e+00   2.4881743e+01
   8.0897394e+00   2.4882550e+01
   8.1058866e+00   2.4883350e+01
   8.1220337e+00   2.4884143e+01
   8.1381809e+00   2.4884930e+01
   8.1543281e+00   2.4885710e+01
   8.1704753e+00   2.4886484e+01
   8.1866225e+00   2.4887252e+01
   8.2027697e+00   2.4888014e+01
   8.2189168e+00   2.4888769e+01
   8.2350640e+00   2.4889518e+01
   8.2512112e+00   2.4890262e+01
   8.2673584e+00   2.4890999e+01
   8.2835056e+00   2.4891730e+01
   8.2996528e+00   2.4892456e+01
   8.3157999e+00   2.4893175e+01
   8.3319471e+00   2.4893889e+01
   8.3480943e+00   2.4894598e+01
   8.3642415e+00   2.4895300e+01
   8.3803887e+00   2.4895997e+01
   8.3965359e+00   2.4896688e+01
   8.4126831e+00   2.4897374e+01
   8.4288302e+00   2.4898055e+01
   8.4449774e+00   2.4898730e+01
   8.4611246e+00   2.4899399e+01
   8.4772718e+00   2.4900064e+01
   8.4934190e+00   2.4900723e+01
   8.5095662e+00   2.4901376e+01
   8.5257133e+00   2.4902025e+01
   8.5418605e+00   2.4902669e+01
   8.5580077e+00   2.4903307e+01
   8.5741549e+00   2.4903941e+01
   8.5903021e+00   2.4904569e+01
   8.6064493e+00   2.4905193e+01
   8.6225965e+00   2.4905811e+01
   8.6387436e+00   2.4906425e+01
   8.6548908e+00   2.4907034e+01
   8.6710380e+00   2.4907638e+01
   8.6871852e+00   2.4908238e+01
   8.7033324e+00   2.4908832e+01
   8.7194796e+00   2.4909423e+01
   8.7356267e+00   2.4910008e+01
   8.7517739e+00   2.4910589e+01
   8.7679211e+00   2.4911166e+01
   8.7840683e+00   2.4911738e+01
   8.8002155e+00   2.4912306e+01
   8.8163627e+00   2.4912869e+01
   8.8325098e+00   2.4913428e+01
   8.8486570e+00   2.4913982e+01
   8.8648042e+00   2.4914533e+01
   8.8809514e+00   2.4915079e+01
   8.8970986e+00   2.4915621e+01
   8.9132458e+00   2.4916158e+01
   8.9293930e+00   2.4916692e+01
   8.9455401e+00   2.4917221e+01
   8.9616873e+00   2.4917747e+01
   8.9778345e+00   2.4918268e+01
   8.9939817e+00   2.4918786e+01
   9.0101289e+00   2.4919299e+01
   9.0262761e+00   2.4919809e+01
   9.0424232e+00   2.4920315e+01
   9.0585704e+00   2.4920816e+01
   9.0747176e+00   2.4921315e+01
   9.0908648e+00   2.4921809e+01
   9.1070120e+00   2.4922299e+01
   9.1231592e+00   2.4922786e+01
   9.1393064e+00   2.4923269e+01
   9.1554535e+00   2.4923749e+01
   9.1716007e+00   2.4924225e+01
   9.1877479e+00   2.4924697e+01
   9.2038951e+00   2.4925166e+01
   9.2200423e+00   2.4925631e+01
   9.2361895e+00   2.4926093e+01
   9.2523366e+00   2.4926551e+01
   9.2684838e+00   2.4927006e+01
   9.2846310e+00   2.4927458e+01
   9.3007782e+00   2.4927906e+01
   9.3169254e+00   2.4928351e+01
   9.3330726e+00   2.4928792e+01
   9.3492197e+00   2.4929230e+01
   9.3653669e+00   2.4929665e+01
   9.3815141e+00   2.4930097e+01
   9.3976613e+00   2.4930525e+01
   9.4138085e+00   2.4930951e+01
   9.4299557e+00   2.4931373e+01
   9.4461029e+00   2.4931792e+01
   9.4622500e+00   2.4932208e+01
   9.4783972e+00   2.4932621e+01
   9.4945444e+00   2.4933031e+01
   9.5106916e+00   2.4933437e+01
   9.5268388e+00   2.4933841e+01
   9.5429860e+00   2.4934242e+01
   9.5591331e+00   2.4934640e+01
   9.5752803e+00   2.4935035e+01
   9.5914275e+00   2.4935427e+01
   9.6075747e+00   2.4935817e+01
   9.6237219e+00   2.4936203e+01
   9.6398691e+00   2.4936587e+01
   9.6560163e+00   2.4936968e+01
   9.6721634e+00   2.4937346e+01
   9.6883106e+00   2.4937721e+01
   9.7044578e+00   2.4938094e+01
   9.7206050e+00   2.4938464e+01
   9.7367522e+00   2.4938831e+01
   9.7528994e+00   2.4939196e+01
   9.7690465e+00   2.4939558e+01
   9.7851937e+00   2.4939917e+01
   9.8013409e+00   2.4940274e+01
   9.8174881e+00   2.4940628e+01
   9.8336353e+00   2.4940980e+01
   9.8497825e+00   2.4941329e+01
   9.8659296e+00   2.4941676e+01
   9.8820768e+00   2.4942020e+01
   9.8982240e+00   2.4942361e+01
   9.9143712e+00   2.4942701e+01
   9.9305184e+00   2.4943038e+01
   9.9466656e+00   2.4943372e+01
   9.9628128e+00   2.4943704e+01
   9.9789599e+00   2.4944034e+01
   9.9951071e+00   2.4944361e+01
   1.0011254e+01   2.4944686e+01
   1.0027401e+01   2.4945009e+01
   1.0043549e+01   2.4945330e+01
   1.0059696e+01   2.4945648e+01
   1.0075843e+01   2.4945964e+01
   1.0091990e+01   2.4946278e+01
   1.0108137e+01   2.4946589e+01
   1.0124285e+01   2.4946898e+01
   1.0140432e+01   2.4947206e+01
   1.0156579e+01   2.4947511e+01
   1.0172726e+01   2.4947813e+01
   1.0188873e+01   2.4948114e+01
   1.0205021e+01   2.4948413e+01
   1.0221168e+01   2.4948709e+01
   1.0237315e+01   2.4949004e+01
   1.0253462e+01   2.4949296e+01
   1.0269609e+01   2.4949587e+01
   1.0285756e+01   2.4949875e+01
   1.0301904e+01   2.4950162e+01
   1.0318051e+01   2.4950446e+01
   1.0334198e+01   2.4950728e+01
   1.0350345e+01   2.4951009e+01
   1.0366492e+01   2.4951288e+01
   1.0382640e+01   2.4951564e+01
   1.0398787e+01   2.4951839e+01
   1.0414934e+01   2.4952112e+01
   1.0431081e+01   2.4952383e+01
   1.0447228e+01   2.4952652e+01
   1.0463375e+01   2.4952919e+01
   1.0479523e+01   2.4953184e+01
   1.0495670e+01   2.4953448e+01
   1.0511817e+01   2.4953710e+01
   1.0527964e+01   2.4953970e+01
   1.0544111e+01   2.4954228e+01
   1.0560259e+01   2.4954484e+01
   1.0576406e+01   2.4954739e+01
   1.0592553e+01   2.4954992e+01
   1.0608700e+01   2.4955243e+01
   1.0624847e+01   2.4955493e+01
   1.0640994e+01   2.4955741e+01
   1.0657142e+01   2.4955987e+01
   1.0673289e+01   2.4956232e+01
   1.0689436e+01   2.4956474e+01
   1.0705583e+01   2.4956716e+01
   1.0721730e+01   2.4956955e+01
   1.0737878e+01   2.4957193e+01
   1.0754025e+01   2.4957430e+01
   1.0770172e+01   2.4957664e+01
   1.0786319e+01   2.4957898e+01
   1.0802466e+01   2.4958129e+01
   1.0818614e+01   2.4958360e+01
   1.0834761e+01   2.4958588e+01
   1.0850908e+01   2.4958815e+01
   1.0867055e+01   2.4959041e+01
   1.0883202e+01   2.4959265e+01
   1.0899349e+01   2.4959487e+01
   1.0915497e+01   2.4959708e+01
   1.0931644e+01   2.4959928e+01
   1.0947791e+01   2.4960146e+01
   1.0963938e+01   2.4960363e+01
   1.0980085e+01   2.4960578e+01
   1.0996233e+01   2.4960792e+01
   1.1012380e+01   2.4961004e+01
   1.1028527e+01   2.4961215e+01
   1.1044674e+01   2.4961425e+01
   1.1060821e+01   2.4961633e+01
   1.1076968e+01   2.4961840e+01
   1.1093116e+01   2.4962046e+01
   1.1109263e+01   2.4962250e+01
   1.1125410e+01   2.4962453e+01
   1.1141557e+01   2.4962654e+01
   1.1157704e+01   2.4962854e+01
   1.1173852e+01   2.4963053e+01
   1.1189999e+01   2.4963251e+01
   1.1206146e+01   2.4963447e+01
   1.1222293e+01   2.4963642e+01
   1.1238440e+01   2.4963836e+01
   1.1254588e+01   2.4964028e+01
   1.1270735e+01   2.4964220e+01
   1.1286882e+01   2.4964410e+01
   1.1303029e+01   2.4964598e+01
   1.1319176e+01   2.4964786e+01
   1.1335323e+01   2.4964972e+01
   1.1351471e+01   2.4965158e+01
   1.1367618e+01   2.4965341e+01
   1.1383765e+01   2.4965524e+01
   1.1399912e+01   2.4965706e+01
   1.1416059e+01   2.4965886e+01
   1.1432207e+01   2.4966066e+01
   1.1448354e+01   2.4966244e+01
   1.1464501e+01   2.4966421e+01
   1.1480648e+01   2.4966596e+01
   1.1496795e+01   2.4966771e+01
   1.1512942e+01   2.4966945e+01
   1.1529090e+01   2.4967117e+01
   1.1545237e+01   2.4967289e+01
   1.1561384e+01   2.4967459e+01
   1.1577531e+01   2.4967628e+01
   1.1593678e+01   2.4967796e+01
   1.1609826e+01   2.4967963e+01
   1.1625973e+01   2.4968130e+01
   1.1642120e+01   2.4968295e+01
   1.1658267e+01   2.4968458e+01
   1.1674414e+01   2.4968621e+01
   1.1690561e+01   2.4968783e+01
   1.1706709e+01   2.4968944e+01
   1.1722856e+01   2.4969104e+01
   1.1739003e+01   2.4969263e+01
   1.1755150e+01   2.4969421e+01
   1.1771297e+01   2.4969577e+01
   1.1787445e+01   2.4969733e+01
   1.1803592e+01   2.4969888e+01
   1.1819739e+01   2.4970042e+01
   1.1835886e+01   2.4970195e+01
   1.1852033e+01   2.4970347e+01
   1.1868181e+01   2.4970498e+01
   1.1884328e+01   2.4970648e+01
   1.1900475e+01   2.4970798e+01
   1.1916622e+01   2.4970946e+01
   1.1932769e+01   2.4971093e+01
   1.1948916e+01   2.4971240e+01
   1.1965064e+01   2.4971385e+01
   1.1981211e+01   2.4971530e+01
   1.1997358e+01   2.4971674e+01
   1.2013505e+01   2.4971816e+01
   1.2029652e+01   2.4971958e+01
   1.2045800e+01   2.4972099e+01
   1.2061947e+01   2.4972240e+01
   1.2078094e+01   2.4972379e+01
   1.2094241e+01   2.4972518e+01
   1.2110388e+01   2.4972655e+01
   1.2126535e+01   2.4972792e+01
   1.2142683e+01   2.4972928e+01
   1.2158830e+01   2.4973063e+01
   1.2174977e+01   2.4973197e+01
   1.2191124e+01   2.4973331e+01
   1.2207271e+01   2.4973464e+01
   1.2223419e+01   2.4973596e+01
   1.2239566e+01   2.4973727e+01
   1.2255713e+01   2.4973857e+01
   1.2271860e+01   2.4973986e+01
   1.2288007e+01   2.4974115e+01
   1.2304154e+01   2.4974243e+01
   1.2320302e+01   2.4974370e+01
   1.2336449e+01   2.4974497e+01
   1.2352596e+01   2.4974622e+01
   1.2368743e+01   2.4974747e+01
   1.2384890e+01   2.4974871e+01
   1.2401038e+01   2.4974995e+01
   1.2417185e+01   2.4975117e+01
   1.2433332e+01   2.4975239e+01
   1.2449479e+01   2.4975360e+01
   1.2465626e+01   2.4975481e+01
   1.2481774e+01   2.4975600e+01
   1.2497921e+01   2.4975719e+01
   1.2514068e+01   2.4975838e+01
   1.2530215e+01   2.4975955e+01
   1.2546362e+01   2.4976072e+01
   1.2562509e+01   2.4976188e+01
   1.2578657e+01   2.4976304e+01
   1.2594804e+01   2.4976419e+01
   1.2610951e+01   2.4976533e+01
   1.2627098e+01   2.4976646e+01
   1.2643245e+01   2.4976759e+01
   1.2659393e+01   2.4976871e+01
   1.2675540e+01   2.4976983e+01
   1.2691687e+01   2.4977094e+01
   1.2707834e+01   2.4977204e+01
   1.2723981e+01   2.4977313e+01
   1.2740128e+01   2.4977422e+01
   1.2756276e+01   2.4977530e+01
   1.2772423e+01   2.4977638e+01
   1.2788570e+01   2.4977745e+01
   1.2804717e+01   2.4977851e+01
   1.2820864e+01   2.4977957e+01
   1.2837012e+01   2.4978062e+01
   1.2853159e+01   2.4978166e+01
   1.2869306e+01   2.4978270e+01
   1.2885453e+01   2.4978373e+01
   1.2901600e+01   2.4978476e+01
   1.2917747e+01   2.4978578e+01
   1.2933895e+01   2.4978680e+01
   1.2950042e+01   2.4978780e+01
   1.2966189e+01   2.4978881e+01
   1.2982336e+01   2.4978980e+01
   1.2998483e+01   2.4979080e+01
   1.3014631e+01   2.4979178e+01
   1.3030778e+01   2.4979276e+01
   1.3046925e+01   2.4979374e+01
   1.3063072e+01   2.4979470e+01
   1.3079219e+01   2.4979567e+01
   1.3095367e+01   2.4979662e+01
   1.3111514e+01   2.4979758e+01
   1.3127661e+01   2.4979852e+01
   1.3143808e+01   2.4979946e+01
   1.3159955e+01   2.4980040e+01
   1.3176102e+01   2.4980133e+01
   1.3192250e+01   2.4980226e+01
   1.3208397e+01   2.4980317e+01
   1.3224544e+01   2.4980409e+01
   1.3240691e+01   2.4980500e+01
   1.3256838e+01   2.4980590e+01
   1.3272986e+01   2.4980680e+01
   1.3289133e+01   2.4980770e+01
   1.3305280e+01   2.4980858e+01
   1.3321427e+01   2.4980947e+01
   1.3337574e+01   2.4981035e+01
   1.3353721e+01   2.4981122e+01
   1.3369869e+01   2.4981209e+01
   1.3386016e+01   2.4981295e+01
   1.3402163e+01   2.4981381e+01
   1.3418310e+01   2.4981467e+01
   1.3434457e+01   2.4981552e+01
   1.3450605e+01   2.4981636e+01
   1.3466752e+01   2.4981720e+01
   1.3482899e+01   2.4981804e+01
   1.3499046e+01   2.4981887e+01
   1.3515193e+01   2.4981969e+01
   1.3531340e+01   2.4982051e+01
   1.3547488e+01   2.4982133e+01
   1.3563635e+01   2.4982214e+01
   1.3579782e+01   2.4982295e+01
   1.3595929e+01   2.4982375e+01
   1.3612076e+01   2.4982455e+01
   1.3628224e+01   2.4982535e+01
   1.3644371e+01   2.4982614e+01
   1.3660518e+01   2.4982692e+01
   1.3676665e+01   2.4982770e+01
   1.3692812e+01   2.4982848e+01
   1.3708960e+01   2.4982925e+01
   1.3725107e+01   2.4983002e+01
   1.3741254e+01   2.4983078e+01
   1.3757401e+01   2.4983154e+01
   1.3773548e+01   2.4983230e+01
   1.3789695e+01   2.4983305e+01
   1.3805843e+01   2.4983380e+01
   1.3821990e+01   2.4983454e+01
   1.3838137e+01   2.4983528e+01
   1.3854284e+01   2.4983601e+01
   1.3870431e+01   2.4983674e+01
   1.3886579e+01   2.4983747e+01
   1.3902726e+01   2.4983819e+01
   1.3918873e+01   2.4983891e+01
   1.3935020e+01   2.4983963e+01
   1.3951167e+01   2.4984034e+01
   1.3967314e+01   2.4984105e+01
   1.3983462e+01   2.4984175e+01
   1.3999609e+01   2.4984245e+01
   1.4015756e+01   2.4984314e+01
   1.4031903e+01   2.4984384e+01
   1.4048050e+01   2.4984452e+01
   1.4064198e+01   2.4984521e+01
   1.4080345e+01   2.4984589e+01
   1.4096492e+01   2.4984657e+01
   1.4112639e+01   2.4984724e+01
   1.4128786e+01   2.4984791e+01
   1.4144934e+01   2.4984858e+01
   1.4161081e+01   2.4984924e+01
   1.4177228e+01   2.4984990e+01
   1.4193375e+01   2.4985055e+01
   1.4209522e+01   2.4985121e+01
   1.4225669e+01   2.4985185e+01
   1.4241817e+01   2.4985250e+01
   1.4257964e+01   2.4985314e+01
   1.4274111e+01   2.4985378e+01
   1.4290258e+01   2.4985441e+01
   1.4306405e+01   2.4985505e+01
   1.4322553e+01   2.4985567e+01
   1.4338700e+01   2.4985630e+01
   1.4354847e+01   2.4985692e+01
   1.4370994e+01   2.4985754e+01
   1.4387141e+01   2.4985815e+01
   1.4403288e+01   2.4985876e+01
   1.4419436e+01   2.4985937e+01
   1.4435583e+01   2.4985998e+01
   1.4451730e+01   2.4986058e+01
   1.4467877e+01   2.4986118e+01
   1.4484024e+01   2.4986177e+01
   1.4500172e+01   2.4986237e+01
   1.4516319e+01   2.4986295e+01
   1.4532466e+01   2.4986354e+01
   1.4548613e+01   2.4986412e+01
   1.4564760e+01   2.4986470e+01
   1.4580907e+01   2.4986528e+01
   1.4597055e+01   2.4986585e+01
   1.4613202e+01   2.4986643e+01
   1.4629349e+01   2.4986699e+01
   1.4645496e+01   2.4986756e+01
   1.4661643e+01   2.4986812e+01
   1.4677791e+01   2.4986868e+01
   1.4693938e+01   2.4986924e+01
   1.4710085e+01   2.4986979e+01
   1.4726232e+01   2.4987034e+01
   1.4742379e+01   2.4987089e+01
   1.4758527e+01   2.4987143e+01
   1.4774674e+01   2.4987197e+01
   1.4790821e+01   2.4987251e+01
   1.4806968e+01   2.4987305e+01
   1.4823115e+01   2.4987358e+01
   1.4839262e+01   2.4987411e+01
   1.4855410e+01   2.4987464e+01
   1.4871557e+01   2.4987516e+01
   1.4887704e+01   2.4987569e+01
   1.4903851e+01   2.4987621e+01
   1.4919998e+01   2.4987672e+01
   1.4936146e+01   2.4987724e+01
   1.4952293e+01   2.4987775e+01
   1.4968440e+01   2.4987826e+01
   1.4984587e+01   2.4987877e+01
   1.5000734e+01   2.4987927e+01
   1.5016881e+01   2.4987977e+01
   1.5033029e+01   2.4988027e+01
   1.5049176e+01   2.4988077e+01
   1.5065323e+01   2.4988126e+01
   1.5081470e+01   2.4988175e+01
   1.5097617e+01   2.4988224e+01
   1.5113765e+01   2.4988273e+01
   1.5129912e+01   2.4988321e+01
   1.5146059e+01   2.4988369e+01
   1.5162206e+01   2.4988417e+01
   1.5178353e+01   2.4988465e+01
   1.5194500e+01   2.4988512e+01
   1.5210648e+01   2.4988559e+01
   1.5226795e+01   2.4988606e+01
   1.5242942e+01   2.4988653e+01
   1.5259089e+01   2.4988699e+01
   1.5275236e+01   2.4988746e+01
   1.5291384e+01   2.4988792e+01
   1.5307531e+01   2.4988837e+01
   1.5323678e+01   2.4988883e+01
   1.5339825e+01   2.4988928e+01
   1.5355972e+01   2.4988973e+01
   1.5372120e+01   2.4989018e+01
   1.5388267e+01   2.4989063e+01
   1.5404414e+01   2.4989107e+01
   1.5420561e+01   2.4989151e+01
   1.5436708e+01   2.4989195e+01
   1.5452855e+01   2.4989239e+01
   1.5469003e+01   2.4989282e+01
   1.5485150e+01   2.4989326e+01
   1.5501297e+01   2.4989369e+01
   1.5517444e+01   2.4989412e+01
   1.5533591e+01   2.4989454e+01
   1.5549739e+01   2.4989497e+01
   1.5565886e+01   2.4989539e+01
   1.5582033e+01   2.4989581e+01
   1.5598180e+01   2.4989623e+01
   1.5614327e+01   2.4989664e+01
   1.5630474e+01   2.4989706e+01
   1.5646622e+01   2.4989747e+01
   1.5662769e+01   2.4989788e+01
   1.5678916e+01   2.4989829e+01
   1.5695063e+01   2.4989869e+01
   1.5711210e+01   2.4989910e+01
   1.5727358e+01   2.4989950e+01
   1.5743505e+01   2.4989990e+01
   1.5759652e+01   2.4990030e+01
   1.5775799e+01   2.4990069e+01
   1.5791946e+01   2.4990109e+01
   1.5808093e+01   2.4990148e+01
   1.5824241e+01   2.4990187e+01
   1.5840388e+01   2.4990226e+01
   1.5856535e+01   2.4990265e+01
   1.5872682e+01   2.4990303e+01
   1.5888829e+01   2.4990341e+01
   1.5904977e+01   2.4990379e+01
   1.5921124e+01   2.4990417e+01
   1.5937271e+01   2.4990455e+01
   1.5953418e+01   2.4990493e+01
   1.5969565e+01   2.4990530e+01
   1.5985713e+01   2.4990567e+01
   1.6001860e+01   2.4990604e+01
   1.6018007e+01   2.4990641e+01
   1.6034154e+01   2.4990678e+01
   1.6050301e+01   2.4990714e+01
   1.6066448e+01   2.4990750e+01
   1.6082596e+01   2.4990786e+01
   1.6098743e+01   2.4990822e+01
   1.6114890e+01   2.4990858e+01
   1.6131037e+01   2.4990894e+01
