   1.6366615e-02   0.0000000e+00
   3.2723442e-02   7.5777109e-02
   4.9051004e-02   1.5155422e-01
   6.5330124e-02   2.2733133e-01
   8.1542114e-02   3.0310844e-01
   9.7668955e-02   3.7888555e-01
   1.1369346e-01   4.5466266e-01
   1.2959942e-01   5.3043976e-01
   1.4537172e-01   6.0621687e-01
   1.6099645e-01   6.8199398e-01
   1.7646094e-01   7.5777109e-01
   1.9175386e-01   8.3354820e-01
   2.0686520e-01   9.0932531e-01
   2.2178629e-01   9.8510242e-01
   2.3650974e-01   1.0608795e+00
   2.5102946e-01   1.1366566e+00
   2.6534052e-01   1.2124337e+00
   2.7943914e-01   1.2882109e+00
   2.9332255e-01   1.3639880e+00
   3.0698894e-01   1.4397651e+00
   3.2043734e-01   1.5155422e+00
   3.3366750e-01   1.5913193e+00
   3.4667984e-01   1.6670964e+00
   3.5947529e-01   1.7428735e+00
   3.7205526e-01   1.8186506e+00
   3.8442148e-01   1.8944277e+00
   3.9657601e-01   1.9702048e+00
   4.0852109e-01   2.0459819e+00
   4.2025911e-01   2.1217591e+00
   4.3179256e-01   2.1975362e+00
   4.4312399e-01   2.2733133e+00
   4.5425594e-01   2.3490904e+00
   4.6519096e-01   2.4248675e+00
   4.7593155e-01   2.5006446e+00
   4.8648016e-01   2.5764217e+00
   4.9683918e-01   2.6521988e+00
   5.0701093e-01   2.7279759e+00
   5.1699769e-01   2.8037530e+00
   5.2680165e-01   2.8795302e+00
   5.3642497e-01   2.9553073e+00
   5.4586973e-01   3.0310844e+00
   5.5513801e-01   3.1068615e+00
   5.6423184e-01   3.1826386e+00
   5.7315322e-01   3.2584157e+00
   5.8190415e-01   3.3341928e+00
   5.9048664e-01   3.4099699e+00
   5.9890269e-01   3.4857470e+00
   6.0715431e-01   3.5615241e+00
   6.1524354e-01   3.6373012e+00
   6.2317243e-01   3.7130784e+00
   6.3094306e-01   3.7888555e+00
   6.3855755e-01   3.8646326e+00
   6.4601803e-01   3.9404097e+00
   6.5332669e-01   4.0161868e+00
   6.6048572e-01   4.0919639e+00
   6.6749736e-01   4.1677410e+00
   6.7436387e-01   4.2435181e+00
   6.8108754e-01   4.3192952e+00
   6.8767067e-01   4.3950723e+00
   6.9411561e-01   4.4708494e+00
   7.0042470e-01   4.5466266e+00
   7.0660031e-01   4.6224037e+00
   7.1264480e-01   4.6981808e+00
   7.1856057e-01   4.7739579e+00
   7.2435000e-01   4.8497350e+00
   7.3001548e-01   4.9255121e+00
   7.3555939e-01   5.0012892e+00
   7.4098411e-01   5.0770663e+00
   7.4629201e-01   5.1528434e+00
   7.5148545e-01   5.2286205e+00
   7.5656678e-01   5.3043976e+00
   7.6153832e-01   5.3801748e+00
   7.6640238e-01   5.4559519e+00
   7.7116126e-01   5.5317290e+00
   7.7581720e-01   5.6075061e+00
   7.8037247e-01   5.6832832e+00
   7.8482926e-01   5.7590603e+00
   7.8918978e-01   5.8348374e+00
   7.9345617e-01   5.9106145e+00
   7.9763056e-01   5.9863916e+00
   8.0171506e-01   6.0621687e+00
   8.0571172e-01   6.1379458e+00
   8.0962259e-01   6.2137230e+00
   8.1344966e-01   6.2895001e+00
   8.1719490e-01   6.3652772e+00
   8.2086024e-01   6.4410543e+00
   8.2444759e-01   6.5168314e+00
   8.2795881e-01   6.5926085e+00
   8.3139573e-01   6.6683856e+00
   8.3476015e-01   6.7441627e+00
   8.3805384e-01   6.8199398e+00
   8.4127851e-01   6.8957169e+00
   8.4443588e-01   6.9714940e+00
   8.4752759e-01   7.0472712e+00
   8.5055527e-01   7.1230483e+00
   8.5352053e-01   7.1988254e+00
   8.5642492e-01   7.2746025e+00
   8.5926997e-01   7.3503796e+00
   8.6205717e-01   7.4261567e+00
   8.6478800e-01   7.5019338e+00
   8.6746387e-01   7.5777109e+00
   8.7008620e-01   7.6534880e+00
   8.7265634e-01   7.7292651e+00
   8.7517565e-01   7.8050423e+00
   8.7764542e-01   7.8808194e+00
   8.8006694e-01   7.9565965e+00
   8.8244146e-01   8.0323736e+00
   8.8477019e-01   8.1081507e+00
   8.8705433e-01   8.1839278e+00
   8.8929504e-01   8.2597049e+00
   8.9149346e-01   8.3354820e+00
   8.9365070e-01   8.4112591e+00
   8.9576784e-01   8.4870362e+00
   8.9784593e-01   8.5628133e+00
   8.9988601e-01   8.6385905e+00
   9.0188908e-01   8.7143676e+00
   9.0385612e-01   8.7901447e+00
   9.0578809e-01   8.8659218e+00
   9.0768592e-01   8.9416989e+00
   9.0955051e-01   9.0174760e+00
   9.1138276e-01   9.0932531e+00
   9.1318351e-01   9.1690302e+00
   9.1495361e-01   9.2448073e+00
   9.1669389e-01   9.3205844e+00
   9.1840512e-01   9.3963615e+00
   9.2008810e-01   9.4721387e+00
   9.2174357e-01   9.5479158e+00
   9.2337227e-01   9.6236929e+00
   9.2497490e-01   9.6994700e+00
   9.2655218e-01   9.7752471e+00
   9.2810476e-01   9.8510242e+00
   9.2963332e-01   9.9268013e+00
   9.3113848e-01   1.0002578e+01
   9.3262088e-01   1.0078356e+01
   9.3408110e-01   1.0154133e+01
   9.3551975e-01   1.0229910e+01
   9.3693739e-01   1.0305687e+01
   9.3833457e-01   1.0381464e+01
   9.3971183e-01   1.0457241e+01
   9.4106970e-01   1.0533018e+01
   9.4240867e-01   1.0608795e+01
   9.4372926e-01   1.0684572e+01
   9.4503192e-01   1.0760350e+01
   9.4631714e-01   1.0836127e+01
   9.4758535e-01   1.0911904e+01
   9.4883699e-01   1.0987681e+01
   9.5007249e-01   1.1063458e+01
   9.5129227e-01   1.1139235e+01
   9.5249671e-01   1.1215012e+01
   9.5368620e-01   1.1290789e+01
   9.5486113e-01   1.1366566e+01
   9.5602185e-01   1.1442343e+01
   9.5716872e-01   1.1518121e+01
   9.5830208e-01   1.1593898e+01
   9.5942226e-01   1.1669675e+01
   9.6052958e-01   1.1745452e+01
   9.6162435e-01   1.1821229e+01
   9.6270688e-01   1.1897006e+01
   9.6377745e-01   1.1972783e+01
   9.6483636e-01   1.2048560e+01
   9.6588386e-01   1.2124337e+01
   9.6692024e-01   1.2200115e+01
   9.6794574e-01   1.2275892e+01
   9.6896062e-01   1.2351669e+01
   9.6996512e-01   1.2427446e+01
   9.7095947e-01   1.2503223e+01
   9.7194390e-01   1.2579000e+01
   9.7291862e-01   1.2654777e+01
   9.7388385e-01   1.2730554e+01
   9.7483980e-01   1.2806331e+01
   9.7578667e-01   1.2882109e+01
   9.7672464e-01   1.2957886e+01
   9.7765391e-01   1.3033663e+01
   9.7857465e-01   1.3109440e+01
   9.7948704e-01   1.3185217e+01
   9.8039126e-01   1.3260994e+01
   9.8128746e-01   1.3336771e+01
   9.8217580e-01   1.3412548e+01
   9.8305644e-01   1.3488325e+01
   9.8392954e-01   1.3564103e+01
   9.8479522e-01   1.3639880e+01
   9.8565365e-01   1.3715657e+01
   9.8650494e-01   1.3791434e+01
   9.8734923e-01   1.3867211e+01
   9.8818666e-01   1.3942988e+01
   9.8901734e-01   1.4018765e+01
   9.8984139e-01   1.4094542e+01
   9.9065894e-01   1.4170319e+01
   9.9147009e-01   1.4246097e+01
   9.9227496e-01   1.4321874e+01
   9.9307365e-01   1.4397651e+01
   9.9386627e-01   1.4473428e+01
   9.9465291e-01   1.4549205e+01
   9.9543367e-01   1.4624982e+01
   9.9620866e-01   1.4700759e+01
   9.9697795e-01   1.4776536e+01
   9.9774165e-01   1.4852313e+01
   9.9849983e-01   1.4928091e+01
   9.9925259e-01   1.5003868e+01
   1.0000000e+00   1.5079645e+01
