   0.0000000e+00   0.0000000e+00
   1.6147184e-02   1.1497328e-01
   3.2294369e-02   4.2754778e-01
   4.8441553e-02   8.8616968e-01
   6.4588737e-02   1.4400642e+00
   8.0735922e-02   2.0442493e+00
   9.6883106e-02   2.6627717e+00
   1.1303029e-01   3.2699853e+00
   1.2917747e-01   3.8501488e+00
   1.4532466e-01   4.3958800e+00
   1.6147184e-01   4.9060614e+00
   1.7761903e-01   5.3836932e+00
   1.9376621e-01   5.8340199e+00
   2.0991340e-01   6.2630895e+00
   2.2606058e-01   6.6767698e+00
   2.4220777e-01   7.0801666e+00
   2.5835495e-01   7.4773546e+00
   2.7450213e-01   7.8713233e+00
   2.9064932e-01   8.2640567e+00
   3.0679650e-01   8.6566820e+00
   3.2294369e-01   9.0496435e+00
   3.3909087e-01   9.4428729e+00
   3.5523806e-01   9.8359425e+00
   3.7138524e-01   1.0228193e+01
   3.8753242e-01   1.0618835e+01
   4.0367961e-01   1.1007027e+01
   4.1982679e-01   1.1391930e+01
   4.3597398e-01   1.1772746e+01
   4.5212116e-01   1.2148747e+01
   4.6826835e-01   1.2519282e+01
   4.8441553e-01   1.2883791e+01
   5.0056272e-01   1.3241802e+01
   5.1670990e-01   1.3592928e+01
   5.3285708e-01   1.3936864e+01
   5.4900427e-01   1.4273379e+01
   5.6515145e-01   1.4602310e+01
   5.8129864e-01   1.4923551e+01
   5.9744582e-01   1.5237050e+01
   6.1359301e-01   1.5542802e+01
   6.2974019e-01   1.5840836e+01
   6.4588737e-01   1.6131219e+01
   6.6203456e-01   1.6414042e+01
   6.7818174e-01   1.6689418e+01
   6.9432893e-01   1.6957480e+01
   7.1047611e-01   1.7218377e+01
   7.2662330e-01   1.7472265e+01
   7.4277048e-01   1.7719313e+01
   7.5891767e-01   1.7959694e+01
   7.7506485e-01   1.8193585e+01
   7.9121203e-01   1.8421167e+01
   8.0735922e-01   1.8642621e+01
   8.2350640e-01   1.8858127e+01
   8.3965359e-01   1.9067866e+01
   8.5580077e-01   1.9272016e+01
   8.7194796e-01   1.9470751e+01
   8.8809514e-01   1.9664243e+01
   9.0424232e-01   1.9852662e+01
   9.2038951e-01   2.0036170e+01
   9.3653669e-01   2.0214929e+01
   9.5268388e-01   2.0389095e+01
   9.6883106e-01   2.0558817e+01
   9.8497825e-01   2.0724244e+01
   1.0011254e+00   2.0885517e+01
   1.0172726e+00   2.1042773e+01
   1.0334198e+00   2.1196146e+01
   1.0495670e+00   2.1345764e+01
   1.0657142e+00   2.1491750e+01
   1.0818614e+00   2.1634225e+01
   1.0980085e+00   2.1773304e+01
   1.1141557e+00   2.1909097e+01
   1.1303029e+00   2.2041713e+01
   1.1464501e+00   2.2171253e+01
   1.1625973e+00   2.2297818e+01
   1.1787445e+00   2.2421503e+01
   1.1948916e+00   2.2542400e+01
   1.2110388e+00   2.2660598e+01
   1.2271860e+00   2.2776182e+01
   1.2433332e+00   2.2889235e+01
   1.2594804e+00   2.2999835e+01
   1.2756276e+00   2.3108060e+01
   1.2917747e+00   2.3213981e+01
   1.3079219e+00   2.3317669e+01
   1.3240691e+00   2.3419194e+01
   1.3402163e+00   2.3518619e+01
   1.3563635e+00   2.3616008e+01
   1.3725107e+00   2.3711422e+01
   1.3886579e+00   2.3804918e+01
   1.4048050e+00   2.3896554e+01
   1.4209522e+00   2.3986383e+01
   1.4370994e+00   2.4074458e+01
   1.4532466e+00   2.4160829e+01
   1.4693938e+00   2.4245545e+01
   1.4855410e+00   2.4328651e+01
   1.5016881e+00   2.4410195e+01
   1.5178353e+00   2.4490218e+01
   1.5339825e+00   2.4568762e+01
   1.5501297e+00   2.4645870e+01
   1.5662769e+00   2.4721578e+01
   1.5824241e+00   2.4795926e+01
   1.5985713e+00   2.4868948e+01
   1.6147184e+00   2.4940682e+01
   1.6308656e+00   2.5011159e+01
   1.6470128e+00   2.5080414e+01
   1.6631600e+00   2.5148478e+01
   1.6793072e+00   2.5215381e+01
   1.6954544e+00   2.5281153e+01
   1.7116015e+00   2.5345823e+01
   1.7277487e+00   2.5409417e+01
   1.7438959e+00   2.5471963e+01
   1.7600431e+00   2.5533487e+01
   1.7761903e+00   2.5594014e+01
   1.7923375e+00   2.5653567e+01
   1.8084846e+00   2.5712171e+01
   1.8246318e+00   2.5769847e+01
   1.8407790e+00   2.5826618e+01
   1.8569262e+00   2.5882505e+01
   1.8730734e+00   2.5937529e+01
   1.8892206e+00   2.5991709e+01
   1.9053678e+00   2.6045065e+01
   1.9215149e+00   2.6097616e+01
   1.9376621e+00   2.6149379e+01
   1.9538093e+00   2.6200373e+01
   1.9699565e+00   2.6250614e+01
   1.9861037e+00   2.6300118e+01
   2.0022509e+00   2.6348903e+01
   2.0183980e+00   2.6396983e+01
   2.0345452e+00   2.6444374e+01
   2.0506924e+00   2.6491090e+01
   2.0668396e+00   2.6537146e+01
   2.0829868e+00   2.6582555e+01
   2.0991340e+00   2.6627331e+01
   2.1152812e+00   2.6671487e+01
   2.1314283e+00   2.6715036e+01
   2.1475755e+00   2.6757989e+01
   2.1637227e+00   2.6800360e+01
   2.1798699e+00   2.6842159e+01
   2.1960171e+00   2.6883398e+01
   2.2121643e+00   2.6924087e+01
   2.2283114e+00   2.6964239e+01
   2.2444586e+00   2.7003862e+01
   2.2606058e+00   2.7042968e+01
   2.2767530e+00   2.7081566e+01
   2.2929002e+00   2.7119665e+01
   2.3090474e+00   2.7157276e+01
   2.3251945e+00   2.7194407e+01
   2.3413417e+00   2.7231067e+01
   2.3574889e+00   2.7267264e+01
   2.3736361e+00   2.7303008e+01
   2.3897833e+00   2.7338306e+01
   2.4059305e+00   2.7373167e+01
   2.4220777e+00   2.7407597e+01
   2.4382248e+00   2.7441605e+01
   2.4543720e+00   2.7475199e+01
   2.4705192e+00   2.7508385e+01
   2.4866664e+00   2.7541170e+01
   2.5028136e+00   2.7573562e+01
   2.5189608e+00   2.7605566e+01
   2.5351079e+00   2.7637190e+01
   2.5512551e+00   2.7668441e+01
   2.5674023e+00   2.7699323e+01
   2.5835495e+00   2.7729844e+01
   2.5996967e+00   2.7760009e+01
   2.6158439e+00   2.7789824e+01
   2.6319911e+00   2.7819295e+01
   2.6481382e+00   2.7848427e+01
   2.6642854e+00   2.7877226e+01
   2.6804326e+00   2.7905697e+01
   2.6965798e+00   2.7933845e+01
   2.7127270e+00   2.7961676e+01
   2.7288742e+00   2.7989193e+01
   2.7450213e+00   2.8016403e+01
   2.7611685e+00   2.8043310e+01
   2.7773157e+00   2.8069917e+01
   2.7934629e+00   2.8096231e+01
   2.8096101e+00   2.8122256e+01
   2.8257573e+00   2.8147995e+01
   2.8419044e+00   2.8173452e+01
   2.8580516e+00   2.8198634e+01
   2.8741988e+00   2.8223542e+01
   2.8903460e+00   2.8248181e+01
   2.9064932e+00   2.8272556e+01
   2.9226404e+00   2.8296669e+01
   2.9387876e+00   2.8320525e+01
   2.9549347e+00   2.8344127e+01
   2.9710819e+00   2.8367479e+01
   2.9872291e+00   2.8390585e+01
   3.0033763e+00   2.8413447e+01
   3.0195235e+00   2.8436070e+01
   3.0356707e+00   2.8458456e+01
   3.0518178e+00   2.8480609e+01
   3.0679650e+00   2.8502531e+01
   3.0841122e+00   2.8524227e+01
   3.1002594e+00   2.8545699e+01
   3.1164066e+00   2.8566951e+01
   3.1325538e+00   2.8587984e+01
   3.1487010e+00   2.8608803e+01
   3.1648481e+00   2.8629409e+01
   3.1809953e+00   2.8649806e+01
   3.1971425e+00   2.8669996e+01
   3.2132897e+00   2.8689982e+01
   3.2294369e+00   2.8709767e+01
   3.2455841e+00   2.8729353e+01
   3.2617312e+00   2.8748744e+01
   3.2778784e+00   2.8767940e+01
   3.2940256e+00   2.8786945e+01
   3.3101728e+00   2.8805761e+01
   3.3263200e+00   2.8824391e+01
   3.3424672e+00   2.8842837e+01
   3.3586143e+00   2.8861101e+01
   3.3747615e+00   2.8879185e+01
   3.3909087e+00   2.8897092e+01
   3.4070559e+00   2.8914824e+01
   3.4232031e+00   2.8932383e+01
   3.4393503e+00   2.8949771e+01
   3.4554975e+00   2.8966989e+01
   3.4716446e+00   2.8984041e+01
   3.4877918e+00   2.9000928e+01
   3.5039390e+00   2.9017652e+01
   3.5200862e+00   2.9034215e+01
   3.5362334e+00   2.9050619e+01
   3.5523806e+00   2.9066866e+01
   3.5685277e+00   2.9082957e+01
   3.5846749e+00   2.9098895e+01
   3.6008221e+00   2.9114681e+01
   3.6169693e+00   2.9130317e+01
   3.6331165e+00   2.9145805e+01
   3.6492637e+00   2.9161146e+01
   3.6654109e+00   2.9176342e+01
   3.6815580e+00   2.9191395e+01
   3.6977052e+00   2.9206306e+01
   3.7138524e+00   2.9221077e+01
   3.7299996e+00   2.9235709e+01
   3.7461468e+00   2.9250205e+01
   3.7622940e+00   2.9264565e+01
   3.7784411e+00   2.9278792e+01
   3.7945883e+00   2.9292886e+01
   3.8107355e+00   2.9306848e+01
   3.8268827e+00   2.9320682e+01
   3.8430299e+00   2.9334387e+01
   3.8591771e+00   2.9347966e+01
   3.8753242e+00   2.9361419e+01
   3.8914714e+00   2.9374748e+01
   3.9076186e+00   2.9387955e+01
   3.9237658e+00   2.9401041e+01
   3.9399130e+00   2.9414006e+01
   3.9560602e+00   2.9426853e+01
   3.9722074e+00   2.9439582e+01
   3.9883545e+00   2.9452195e+01
   4.0045017e+00   2.9464694e+01
   4.0206489e+00   2.9477078e+01
   4.0367961e+00   2.9489350e+01
   4.0529433e+00   2.9501510e+01
   4.0690905e+00   2.9513561e+01
   4.0852376e+00   2.9525502e+01
   4.1013848e+00   2.9537336e+01
   4.1175320e+00   2.9549062e+01
   4.1336792e+00   2.9560683e+01
   4.1498264e+00   2.9572200e+01
   4.1659736e+00   2.9583613e+01
   4.1821208e+00   2.9594923e+01
   4.1982679e+00   2.9606133e+01
   4.2144151e+00   2.9617242e+01
   4.2305623e+00   2.9628251e+01
   4.2467095e+00   2.9639162e+01
   4.2628567e+00   2.9649976e+01
   4.2790039e+00   2.9660694e+01
   4.2951510e+00   2.9671316e+01
   4.3112982e+00   2.9681844e+01
   4.3274454e+00   2.9692279e+01
   4.3435926e+00   2.9702621e+01
   4.3597398e+00   2.9712872e+01
   4.3758870e+00   2.9723031e+01
   4.3920341e+00   2.9733102e+01
   4.4081813e+00   2.9743083e+01
   4.4243285e+00   2.9752976e+01
   4.4404757e+00   2.9762783e+01
   4.4566229e+00   2.9772503e+01
   4.4727701e+00   2.9782137e+01
   4.4889173e+00   2.9791688e+01
   4.5050644e+00   2.9801154e+01
   4.5212116e+00   2.9810538e+01
   4.5373588e+00   2.9819839e+01
   4.5535060e+00   2.9829059e+01
   4.5696532e+00   2.9838199e+01
   4.5858004e+00   2.9847259e+01
   4.6019475e+00   2.9856241e+01
   4.6180947e+00   2.9865144e+01
   4.6342419e+00   2.9873969e+01
   4.6503891e+00   2.9882718e+01
   4.6665363e+00   2.9891392e+01
   4.6826835e+00   2.9899990e+01
   4.6988307e+00   2.9908513e+01
   4.7149778e+00   2.9916963e+01
   4.7311250e+00   2.9925340e+01
   4.7472722e+00   2.9933644e+01
   4.7634194e+00   2.9941877e+01
   4.7795666e+00   2.9950039e+01
   4.7957138e+00   2.9958131e+01
   4.8118609e+00   2.9966153e+01
   4.8280081e+00   2.9974106e+01
   4.8441553e+00   2.9981991e+01
   4.8603025e+00   2.9989808e+01
   4.8764497e+00   2.9997558e+01
   4.8925969e+00   3.0005242e+01
   4.9087440e+00   3.0012861e+01
   4.9248912e+00   3.0020414e+01
   4.9410384e+00   3.0027902e+01
   4.9571856e+00   3.0035327e+01
   4.9733328e+00   3.0042688e+01
   4.9894800e+00   3.0049987e+01
   5.0056272e+00   3.0057223e+01
   5.0217743e+00   3.0064398e+01
   5.0379215e+00   3.0071512e+01
   5.0540687e+00   3.0078566e+01
   5.0702159e+00   3.0085560e+01
   5.0863631e+00   3.0092495e+01
   5.1025103e+00   3.0099370e+01
   5.1186574e+00   3.0106188e+01
   5.1348046e+00   3.0112948e+01
   5.1509518e+00   3.0119651e+01
   5.1670990e+00   3.0126298e+01
   5.1832462e+00   3.0132888e+01
   5.1993934e+00   3.0139423e+01
   5.2155406e+00   3.0145902e+01
   5.2316877e+00   3.0152328e+01
   5.2478349e+00   3.0158699e+01
   5.2639821e+00   3.0165017e+01
   5.2801293e+00   3.0171281e+01
   5.2962765e+00   3.0177494e+01
   5.3124237e+00   3.0183654e+01
   5.3285708e+00   3.0189762e+01
   5.3447180e+00   3.0195820e+01
   5.3608652e+00   3.0201827e+01
   5.3770124e+00   3.0207783e+01
   5.3931596e+00   3.0213690e+01
   5.4093068e+00   3.0219548e+01
   5.4254539e+00   3.0225357e+01
   5.4416011e+00   3.0231117e+01
   5.4577483e+00   3.0236829e+01
   5.4738955e+00   3.0242494e+01
   5.4900427e+00   3.0248112e+01
   5.5061899e+00   3.0253684e+01
   5.5223371e+00   3.0259209e+01
   5.5384842e+00   3.0264688e+01
   5.5546314e+00   3.0270122e+01
   5.5707786e+00   3.0275511e+01
   5.5869258e+00   3.0280855e+01
   5.6030730e+00   3.0286155e+01
   5.6192202e+00   3.0291411e+01
   5.6353673e+00   3.0296624e+01
   5.6515145e+00   3.0301794e+01
   5.6676617e+00   3.0306922e+01
   5.6838089e+00   3.0312007e+01
   5.6999561e+00   3.0317050e+01
   5.7161033e+00   3.0322052e+01
   5.7322505e+00   3.0327013e+01
   5.7483976e+00   3.0331933e+01
   5.7645448e+00   3.0336812e+01
   5.7806920e+00   3.0341652e+01
   5.7968392e+00   3.0346452e+01
   5.8129864e+00   3.0351212e+01
   5.8291336e+00   3.0355934e+01
   5.8452807e+00   3.0360617e+01
   5.8614279e+00   3.0365262e+01
   5.8775751e+00   3.0369869e+01
   5.8937223e+00   3.0374438e+01
   5.9098695e+00   3.0378970e+01
   5.9260167e+00   3.0383466e+01
   5.9421638e+00   3.0387924e+01
   5.9583110e+00   3.0392347e+01
   5.9744582e+00   3.0396733e+01
   5.9906054e+00   3.0401084e+01
   6.0067526e+00   3.0405399e+01
   6.0228998e+00   3.0409680e+01
   6.0390470e+00   3.0413925e+01
   6.0551941e+00   3.0418137e+01
   6.0713413e+00   3.0422314e+01
   6.0874885e+00   3.0426458e+01
   6.1036357e+00   3.0430568e+01
   6.1197829e+00   3.0434645e+01
   6.1359301e+00   3.0438689e+01
   6.1520772e+00   3.0442700e+01
   6.1682244e+00   3.0446679e+01
   6.1843716e+00   3.0450626e+01
   6.2005188e+00   3.0454541e+01
   6.2166660e+00   3.0458425e+01
   6.2328132e+00   3.0462278e+01
   6.2489603e+00   3.0466099e+01
   6.2651075e+00   3.0469890e+01
   6.2812547e+00   3.0473651e+01
   6.2974019e+00   3.0477381e+01
   6.3135491e+00   3.0481082e+01
   6.3296963e+00   3.0484753e+01
   6.3458435e+00   3.0488395e+01
   6.3619906e+00   3.0492007e+01
   6.3781378e+00   3.0495591e+01
   6.3942850e+00   3.0499146e+01
   6.4104322e+00   3.0502673e+01
   6.4265794e+00   3.0506172e+01
   6.4427266e+00   3.0509642e+01
   6.4588737e+00   3.0513086e+01
   6.4750209e+00   3.0516502e+01
   6.4911681e+00   3.0519890e+01
   6.5073153e+00   3.0523252e+01
   6.5234625e+00   3.0526588e+01
   6.5396097e+00   3.0529896e+01
   6.5557569e+00   3.0533179e+01
   6.5719040e+00   3.0536436e+01
   6.5880512e+00   3.0539667e+01
   6.6041984e+00   3.0542872e+01
   6.6203456e+00   3.0546052e+01
   6.6364928e+00   3.0549207e+01
   6.6526400e+00   3.0552337e+01
   6.6687871e+00   3.0555443e+01
   6.6849343e+00   3.0558524e+01
   6.7010815e+00   3.0561580e+01
   6.7172287e+00   3.0564613e+01
   6.7333759e+00   3.0567622e+01
   6.7495231e+00   3.0570607e+01
   6.7656702e+00   3.0573569e+01
   6.7818174e+00   3.0576508e+01
   6.7979646e+00   3.0579424e+01
   6.8141118e+00   3.0582316e+01
   6.8302590e+00   3.0585187e+01
   6.8464062e+00   3.0588034e+01
   6.8625534e+00   3.0590860e+01
   6.8787005e+00   3.0593664e+01
   6.8948477e+00   3.0596445e+01
   6.9109949e+00   3.0599205e+01
   6.9271421e+00   3.0601944e+01
   6.9432893e+00   3.0604661e+01
   6.9594365e+00   3.0607357e+01
   6.9755836e+00   3.0610032e+01
   6.9917308e+00   3.0612687e+01
   7.0078780e+00   3.0615321e+01
   7.0240252e+00   3.0617934e+01
   7.0401724e+00   3.0620527e+01
   7.0563196e+00   3.0623100e+01
   7.0724668e+00   3.0625653e+01
   7.0886139e+00   3.0628187e+01
   7.1047611e+00   3.0630701e+01
   7.1209083e+00   3.0633195e+01
   7.1370555e+00   3.0635671e+01
   7.1532027e+00   3.0638127e+01
   7.1693499e+00   3.0640564e+01
   7.1854970e+00   3.0642983e+01
   7.2016442e+00   3.0645383e+01
   7.2177914e+00   3.0647764e+01
   7.2339386e+00   3.0650128e+01
   7.2500858e+00   3.0652473e+01
   7.2662330e+00   3.0654800e+01
   7.2823801e+00   3.0657110e+01
   7.2985273e+00   3.0659401e+01
   7.3146745e+00   3.0661676e+01
   7.3308217e+00   3.0663932e+01
   7.3469689e+00   3.0666172e+01
   7.3631161e+00   3.0668395e+01
   7.3792633e+00   3.0670600e+01
   7.3954104e+00   3.0672789e+01
   7.4115576e+00   3.0674961e+01
   7.4277048e+00   3.0677117e+01
   7.4438520e+00   3.0679256e+01
   7.4599992e+00   3.0681379e+01
   7.4761464e+00   3.0683486e+01
   7.4922935e+00   3.0685577e+01
   7.5084407e+00   3.0687652e+01
   7.5245879e+00   3.0689711e+01
   7.5407351e+00   3.0691755e+01
   7.5568823e+00   3.0693784e+01
   7.5730295e+00   3.0695797e+01
   7.5891767e+00   3.0697795e+01
   7.6053238e+00   3.0699778e+01
   7.6214710e+00   3.0701745e+01
   7.6376182e+00   3.0703699e+01
   7.6537654e+00   3.0705637e+01
   7.6699126e+00   3.0707561e+01
   7.6860598e+00   3.0709470e+01
   7.7022069e+00   3.0711365e+01
   7.7183541e+00   3.0713246e+01
   7.7345013e+00   3.0715113e+01
   7.7506485e+00   3.0716966e+01
   7.7667957e+00   3.0718805e+01
   7.7829429e+00   3.0720630e+01
   7.7990900e+00   3.0722442e+01
   7.8152372e+00   3.0724240e+01
   7.8313844e+00   3.0726024e+01
   7.8475316e+00   3.0727796e+01
   7.8636788e+00   3.0729554e+01
   7.8798260e+00   3.0731299e+01
   7.8959732e+00   3.0733031e+01
   7.9121203e+00   3.0734750e+01
   7.9282675e+00   3.0736457e+01
   7.9444147e+00   3.0738151e+01
   7.9605619e+00   3.0739832e+01
   7.9767091e+00   3.0741501e+01
   7.9928563e+00   3.0743158e+01
   8.0090034e+00   3.0744802e+01
   8.0251506e+00   3.0746434e+01
   8.0412978e+00   3.0748054e+01
   8.0574450e+00   3.0749662e+01
   8.0735922e+00   3.0751259e+01
   8.0897394e+00   3.0752843e+01
   8.1058866e+00   3.0754416e+01
   8.1220337e+00   3.0755978e+01
   8.1381809e+00   3.0757527e+01
   8.1543281e+00   3.0759066e+01
   8.1704753e+00   3.0760593e+01
   8.1866225e+00   3.0762109e+01
   8.2027697e+00   3.0763614e+01
   8.2189168e+00   3.0765108e+01
   8.2350640e+00   3.0766591e+01
   8.2512112e+00   3.0768064e+01
   8.2673584e+00   3.0769525e+01
   8.2835056e+00   3.0770976e+01
   8.2996528e+00   3.0772416e+01
   8.3157999e+00   3.0773846e+01
   8.3319471e+00   3.0775266e+01
   8.3480943e+00   3.0776675e+01
   8.3642415e+00   3.0778074e+01
   8.3803887e+00   3.0779462e+01
   8.3965359e+00   3.0780841e+01
   8.4126831e+00   3.0782210e+01
   8.4288302e+00   3.0783568e+01
   8.4449774e+00   3.0784917e+01
   8.4611246e+00   3.0786257e+01
   8.4772718e+00   3.0787586e+01
   8.4934190e+00   3.0788906e+01
   8.5095662e+00   3.0790217e+01
   8.5257133e+00   3.0791518e+01
   8.5418605e+00   3.0792809e+01
   8.5580077e+00   3.0794092e+01
   8.5741549e+00   3.0795365e+01
   8.5903021e+00   3.0796629e+01
   8.6064493e+00   3.0797884e+01
   8.6225965e+00   3.0799130e+01
   8.6387436e+00   3.0800367e+01
   8.6548908e+00   3.0801595e+01
   8.6710380e+00   3.0802815e+01
   8.6871852e+00   3.0804025e+01
   8.7033324e+00   3.0805227e+01
   8.7194796e+00   3.0806421e+01
   8.7356267e+00   3.0807606e+01
   8.7517739e+00   3.0808783e+01
   8.7679211e+00   3.0809951e+01
   8.7840683e+00   3.0811111e+01
   8.8002155e+00   3.0812263e+01
   8.8163627e+00   3.0813406e+01
   8.8325098e+00   3.0814542e+01
   8.8486570e+00   3.0815669e+01
   8.8648042e+00   3.0816788e+01
   8.8809514e+00   3.0817900e+01
   8.8970986e+00   3.0819004e+01
   8.9132458e+00   3.0820099e+01
   8.9293930e+00   3.0821188e+01
   8.9455401e+00   3.0822268e+01
   8.9616873e+00   3.0823341e+01
   8.9778345e+00   3.0824406e+01
   8.9939817e+00   3.0825464e+01
   9.0101289e+00   3.0826515e+01
   9.0262761e+00   3.0827558e+01
   9.0424232e+00   3.0828594e+01
   9.0585704e+00   3.0829622e+01
   9.0747176e+00   3.0830643e+01
   9.0908648e+00   3.0831658e+01
   9.1070120e+00   3.0832665e+01
   9.1231592e+00   3.0833665e+01
   9.1393064e+00   3.0834658e+01
   9.1554535e+00   3.0835644e+01
   9.1716007e+00   3.0836623e+01
   9.1877479e+00   3.0837596e+01
   9.2038951e+00   3.0838562e+01
   9.2200423e+00   3.0839521e+01
   9.2361895e+00   3.0840473e+01
   9.2523366e+00   3.0841419e+01
   9.2684838e+00   3.0842358e+01
   9.2846310e+00   3.0843291e+01
   9.3007782e+00   3.0844217e+01
   9.3169254e+00   3.0845137e+01
   9.3330726e+00   3.0846050e+01
   9.3492197e+00   3.0846958e+01
   9.3653669e+00   3.0847859e+01
   9.3815141e+00   3.0848754e+01
   9.3976613e+00   3.0849642e+01
   9.4138085e+00   3.0850525e+01
   9.4299557e+00   3.0851401e+01
   9.4461029e+00   3.0852272e+01
   9.4622500e+00   3.0853136e+01
   9.4783972e+00   3.0853995e+01
   9.4945444e+00   3.0854847e+01
   9.5106916e+00   3.0855694e+01
   9.5268388e+00   3.0856535e+01
   9.5429860e+00   3.0857371e+01
   9.5591331e+00   3.0858200e+01
   9.5752803e+00   3.0859024e+01
   9.5914275e+00   3.0859843e+01
   9.6075747e+00   3.0860656e+01
   9.6237219e+00   3.0861463e+01
   9.6398691e+00   3.0862265e+01
   9.6560163e+00   3.0863061e+01
   9.6721634e+00   3.0863852e+01
   9.6883106e+00   3.0864638e+01
   9.7044578e+00   3.0865418e+01
   9.7206050e+00   3.0866193e+01
   9.7367522e+00   3.0866963e+01
   9.7528994e+00   3.0867728e+01
   9.7690465e+00   3.0868487e+01
   9.7851937e+00   3.0869241e+01
   9.8013409e+00   3.0869991e+01
   9.8174881e+00   3.0870735e+01
   9.8336353e+00   3.0871474e+01
   9.8497825e+00   3.0872208e+01
   9.8659296e+00   3.0872938e+01
   9.8820768e+00   3.0873662e+01
   9.8982240e+00   3.0874382e+01
   9.9143712e+00   3.0875096e+01
   9.9305184e+00   3.0875807e+01
   9.9466656e+00   3.0876512e+01
   9.9628128e+00   3.0877212e+01
   9.9789599e+00   3.0877908e+01
   9.9951071e+00   3.0878599e+01
   1.0011254e+01   3.0879286e+01
   1.0027401e+01   3.0879968e+01
   1.0043549e+01   3.0880646e+01
   1.0059696e+01   3.0881319e+01
   1.0075843e+01   3.0881987e+01
   1.0091990e+01   3.0882652e+01
   1.0108137e+01   3.0883311e+01
   1.0124285e+01   3.0883967e+01
   1.0140432e+01   3.0884618e+01
   1.0156579e+01   3.0885265e+01
   1.0172726e+01   3.0885907e+01
   1.0188873e+01   3.0886545e+01
   1.0205021e+01   3.0887179e+01
   1.0221168e+01   3.0887809e+01
   1.0237315e+01   3.0888435e+01
   1.0253462e+01   3.0889057e+01
   1.0269609e+01   3.0889674e+01
   1.0285756e+01   3.0890288e+01
   1.0301904e+01   3.0890897e+01
   1.0318051e+01   3.0891503e+01
   1.0334198e+01   3.0892104e+01
   1.0350345e+01   3.0892702e+01
   1.0366492e+01   3.0893296e+01
   1.0382640e+01   3.0893886e+01
   1.0398787e+01   3.0894472e+01
   1.0414934e+01   3.0895054e+01
   1.0431081e+01   3.0895632e+01
   1.0447228e+01   3.0896207e+01
   1.0463375e+01   3.0896778e+01
   1.0479523e+01   3.0897345e+01
   1.0495670e+01   3.0897908e+01
   1.0511817e+01   3.0898468e+01
   1.0527964e+01   3.0899025e+01
   1.0544111e+01   3.0899577e+01
   1.0560259e+01   3.0900126e+01
   1.0576406e+01   3.0900672e+01
   1.0592553e+01   3.0901214e+01
   1.0608700e+01   3.0901752e+01
   1.0624847e+01   3.0902288e+01
   1.0640994e+01   3.0902819e+01
   1.0657142e+01   3.0903347e+01
   1.0673289e+01   3.0903872e+01
   1.0689436e+01   3.0904394e+01
   1.0705583e+01   3.0904912e+01
   1.0721730e+01   3.0905426e+01
   1.0737878e+01   3.0905938e+01
   1.0754025e+01   3.0906446e+01
   1.0770172e+01   3.0906951e+01
   1.0786319e+01   3.0907453e+01
   1.0802466e+01   3.0907952e+01
   1.0818614e+01   3.0908447e+01
   1.0834761e+01   3.0908939e+01
   1.0850908e+01   3.0909428e+01
   1.0867055e+01   3.0909914e+01
   1.0883202e+01   3.0910397e+01
   1.0899349e+01   3.0910877e+01
   1.0915497e+01   3.0911354e+01
   1.0931644e+01   3.0911828e+01
   1.0947791e+01   3.0912298e+01
   1.0963938e+01   3.0912766e+01
   1.0980085e+01   3.0913231e+01
   1.0996233e+01   3.0913693e+01
   1.1012380e+01   3.0914152e+01
   1.1028527e+01   3.0914608e+01
   1.1044674e+01   3.0915061e+01
   1.1060821e+01   3.0915512e+01
   1.1076968e+01   3.0915959e+01
   1.1093116e+01   3.0916404e+01
   1.1109263e+01   3.0916846e+01
   1.1125410e+01   3.0917285e+01
   1.1141557e+01   3.0917722e+01
   1.1157704e+01   3.0918155e+01
   1.1173852e+01   3.0918587e+01
   1.1189999e+01   3.0919015e+01
   1.1206146e+01   3.0919440e+01
   1.1222293e+01   3.0919864e+01
   1.1238440e+01   3.0920284e+01
   1.1254588e+01   3.0920702e+01
   1.1270735e+01   3.0921117e+01
   1.1286882e+01   3.0921529e+01
   1.1303029e+01   3.0921939e+01
   1.1319176e+01   3.0922347e+01
   1.1335323e+01   3.0922752e+01
   1.1351471e+01   3.0923154e+01
   1.1367618e+01   3.0923554e+01
   1.1383765e+01   3.0923952e+01
   1.1399912e+01   3.0924347e+01
   1.1416059e+01   3.0924739e+01
   1.1432207e+01   3.0925130e+01
   1.1448354e+01   3.0925517e+01
   1.1464501e+01   3.0925903e+01
   1.1480648e+01   3.0926286e+01
   1.1496795e+01   3.0926666e+01
   1.1512942e+01   3.0927045e+01
   1.1529090e+01   3.0927421e+01
   1.1545237e+01   3.0927795e+01
   1.1561384e+01   3.0928166e+01
   1.1577531e+01   3.0928535e+01
   1.1593678e+01   3.0928902e+01
   1.1609826e+01   3.0929267e+01
   1.1625973e+01   3.0929629e+01
   1.1642120e+01   3.0929989e+01
   1.1658267e+01   3.0930348e+01
   1.1674414e+01   3.0930703e+01
   1.1690561e+01   3.0931057e+01
   1.1706709e+01   3.0931409e+01
   1.1722856e+01   3.0931758e+01
   1.1739003e+01   3.0932105e+01
   1.1755150e+01   3.0932451e+01
   1.1771297e+01   3.0932794e+01
   1.1787445e+01   3.0933135e+01
   1.1803592e+01   3.0933474e+01
   1.1819739e+01   3.0933811e+01
   1.1835886e+01   3.0934146e+01
   1.1852033e+01   3.0934479e+01
   1.1868181e+01   3.0934809e+01
   1.1884328e+01   3.0935138e+01
   1.1900475e+01   3.0935465e+01
   1.1916622e+01   3.0935790e+01
   1.1932769e+01   3.0936113e+01
   1.1948916e+01   3.0936434e+01
   1.1965064e+01   3.0936754e+01
   1.1981211e+01   3.0937071e+01
   1.1997358e+01   3.0937386e+01
   1.2013505e+01   3.0937700e+01
   1.2029652e+01   3.0938011e+01
   1.2045800e+01   3.0938321e+01
   1.2061947e+01   3.0938629e+01
   1.2078094e+01   3.0938935e+01
   1.2094241e+01   3.0939239e+01
   1.2110388e+01   3.0939542e+01
   1.2126535e+01   3.0939842e+01
   1.2142683e+01   3.0940141e+01
   1.2158830e+01   3.0940438e+01
   1.2174977e+01   3.0940734e+01
   1.2191124e+01   3.0941027e+01
   1.2207271e+01   3.0941319e+01
   1.2223419e+01   3.0941609e+01
   1.2239566e+01   3.0941898e+01
   1.2255713e+01   3.0942184e+01
   1.2271860e+01   3.0942469e+01
   1.2288007e+01   3.0942753e+01
   1.2304154e+01   3.0943035e+01
   1.2320302e+01   3.0943315e+01
   1.2336449e+01   3.0943593e+01
   1.2352596e+01   3.0943870e+01
   1.2368743e+01   3.0944145e+01
   1.2384890e+01   3.0944418e+01
   1.2401038e+01   3.0944690e+01
   1.2417185e+01   3.0944961e+01
   1.2433332e+01   3.0945230e+01
   1.2449479e+01   3.0945497e+01
   1.2465626e+01   3.0945762e+01
   1.2481774e+01   3.0946027e+01
   1.2497921e+01   3.0946289e+01
   1.2514068e+01   3.0946550e+01
   1.2530215e+01   3.0946810e+01
   1.2546362e+01   3.0947068e+01
   1.2562509e+01   3.0947324e+01
   1.2578657e+01   3.0947579e+01
   1.2594804e+01   3.0947833e+01
   1.2610951e+01   3.0948085e+01
   1.2627098e+01   3.0948336e+01
   1.2643245e+01   3.0948585e+01
   1.2659393e+01   3.0948833e+01
   1.2675540e+01   3.0949079e+01
   1.2691687e+01   3.0949324e+01
   1.2707834e+01   3.0949567e+01
   1.2723981e+01   3.0949809e+01
   1.2740128e+01   3.0950050e+01
   1.2756276e+01   3.0950290e+01
   1.2772423e+01   3.0950528e+01
   1.2788570e+01   3.0950764e+01
   1.2804717e+01   3.0950999e+01
   1.2820864e+01   3.0951233e+01
   1.2837012e+01   3.0951466e+01
   1.2853159e+01   3.0951697e+01
   1.2869306e+01   3.0951927e+01
   1.2885453e+01   3.0952156e+01
   1.2901600e+01   3.0952383e+01
   1.2917747e+01   3.0952609e+01
   1.2933895e+01   3.0952834e+01
   1.2950042e+01   3.0953057e+01
   1.2966189e+01   3.0953279e+01
   1.2982336e+01   3.0953500e+01
   1.2998483e+01   3.0953720e+01
   1.3014631e+01   3.0953938e+01
   1.3030778e+01   3.0954156e+01
   1.3046925e+01   3.0954372e+01
   1.3063072e+01   3.0954586e+01
   1.3079219e+01   3.0954800e+01
   1.3095367e+01   3.0955012e+01
   1.3111514e+01   3.0955224e+01
   1.3127661e+01   3.0955433e+01
   1.3143808e+01   3.0955642e+01
   1.3159955e+01   3.0955850e+01
   1.3176102e+01   3.0956056e+01
   1.3192250e+01   3.0956262e+01
   1.3208397e+01   3.0956466e+01
   1.3224544e+01   3.0956669e+01
   1.3240691e+01   3.0956871e+01
   1.3256838e+01   3.0957071e+01
   1.3272986e+01   3.0957271e+01
   1.3289133e+01   3.0957470e+01
   1.3305280e+01   3.0957667e+01
   1.3321427e+01   3.0957863e+01
   1.3337574e+01   3.0958059e+01
   1.3353721e+01   3.0958253e+01
   1.3369869e+01   3.0958446e+01
   1.3386016e+01   3.0958638e+01
   1.3402163e+01   3.0958829e+01
   1.3418310e+01   3.0959018e+01
   1.3434457e+01   3.0959207e+01
   1.3450605e+01   3.0959395e+01
   1.3466752e+01   3.0959582e+01
   1.3482899e+01   3.0959768e+01
   1.3499046e+01   3.0959952e+01
   1.3515193e+01   3.0960136e+01
   1.3531340e+01   3.0960319e+01
   1.3547488e+01   3.0960500e+01
   1.3563635e+01   3.0960681e+01
   1.3579782e+01   3.0960860e+01
   1.3595929e+01   3.0961039e+01
   1.3612076e+01   3.0961217e+01
   1.3628224e+01   3.0961394e+01
   1.3644371e+01   3.0961569e+01
   1.3660518e+01   3.0961744e+01
   1.3676665e+01   3.0961918e+01
   1.3692812e+01   3.0962091e+01
   1.3708960e+01   3.0962263e+01
   1.3725107e+01   3.0962434e+01
   1.3741254e+01   3.0962604e+01
   1.3757401e+01   3.0962773e+01
   1.3773548e+01   3.0962941e+01
   1.3789695e+01   3.0963109e+01
   1.3805843e+01   3.0963275e+01
   1.3821990e+01   3.0963441e+01
   1.3838137e+01   3.0963605e+01
   1.3854284e+01   3.0963769e+01
   1.3870431e+01   3.0963932e+01
   1.3886579e+01   3.0964094e+01
   1.3902726e+01   3.0964255e+01
   1.3918873e+01   3.0964415e+01
   1.3935020e+01   3.0964574e+01
   1.3951167e+01   3.0964733e+01
   1.3967314e+01   3.0964890e+01
   1.3983462e+01   3.0965047e+01
   1.3999609e+01   3.0965203e+01
   1.4015756e+01   3.0965358e+01
   1.4031903e+01   3.0965513e+01
   1.4048050e+01   3.0965666e+01
   1.4064198e+01   3.0965819e+01
   1.4080345e+01   3.0965971e+01
   1.4096492e+01   3.0966122e+01
   1.4112639e+01   3.0966272e+01
   1.4128786e+01   3.0966421e+01
   1.4144934e+01   3.0966570e+01
   1.4161081e+01   3.0966718e+01
   1.4177228e+01   3.0966865e+01
   1.4193375e+01   3.0967011e+01
   1.4209522e+01   3.0967156e+01
   1.4225669e+01   3.0967301e+01
   1.4241817e+01   3.0967445e+01
   1.4257964e+01   3.0967588e+01
   1.4274111e+01   3.0967731e+01
   1.4290258e+01   3.0967872e+01
   1.4306405e+01   3.0968013e+01
   1.4322553e+01   3.0968153e+01
   1.4338700e+01   3.0968293e+01
   1.4354847e+01   3.0968431e+01
   1.4370994e+01   3.0968569e+01
   1.4387141e+01   3.0968707e+01
   1.4403288e+01   3.0968843e+01
   1.4419436e+01   3.0968979e+01
   1.4435583e+01   3.0969114e+01
   1.4451730e+01   3.0969248e+01
   1.4467877e+01   3.0969382e+01
   1.4484024e+01   3.0969515e+01
   1.4500172e+01   3.0969647e+01
   1.4516319e+01   3.0969779e+01
   1.4532466e+01   3.0969910e+01
   1.4548613e+01   3.0970040e+01
   1.4564760e+01   3.0970170e+01
   1.4580907e+01   3.0970298e+01
   1.4597055e+01   3.0970427e+01
   1.4613202e+01   3.0970554e+01
   1.4629349e+01   3.0970681e+01
   1.4645496e+01   3.0970807e+01
   1.4661643e+01   3.0970933e+01
   1.4677791e+01   3.0971058e+01
   1.4693938e+01   3.0971182e+01
   1.4710085e+01   3.0971306e+01
   1.4726232e+01   3.0971429e+01
   1.4742379e+01   3.0971551e+01
   1.4758527e+01   3.0971673e+01
   1.4774674e+01   3.0971794e+01
   1.4790821e+01   3.0971914e+01
   1.4806968e+01   3.0972034e+01
   1.4823115e+01   3.0972153e+01
   1.4839262e+01   3.0972272e+01
   1.4855410e+01   3.0972390e+01
   1.4871557e+01   3.0972507e+01
   1.4887704e+01   3.0972624e+01
   1.4903851e+01   3.0972740e+01
   1.4919998e+01   3.0972856e+01
   1.4936146e+01   3.0972971e+01
   1.4952293e+01   3.0973085e+01
   1.4968440e+01   3.0973199e+01
   1.4984587e+01   3.0973312e+01
   1.5000734e+01   3.0973425e+01
   1.5016881e+01   3.0973537e+01
   1.5033029e+01   3.0973648e+01
   1.5049176e+01   3.0973759e+01
   1.5065323e+01   3.0973870e+01
   1.5081470e+01   3.0973980e+01
   1.5097617e+01   3.0974089e+01
   1.5113765e+01   3.0974198e+01
   1.5129912e+01   3.0974306e+01
   1.5146059e+01   3.0974413e+01
   1.5162206e+01   3.0974520e+01
   1.5178353e+01   3.0974627e+01
   1.5194500e+01   3.0974733e+01
   1.5210648e+01   3.0974839e+01
   1.5226795e+01   3.0974943e+01
   1.5242942e+01   3.0975048e+01
   1.5259089e+01   3.0975152e+01
   1.5275236e+01   3.0975255e+01
   1.5291384e+01   3.0975358e+01
   1.5307531e+01   3.0975460e+01
   1.5323678e+01   3.0975562e+01
   1.5339825e+01   3.0975663e+01
   1.5355972e+01   3.0975764e+01
   1.5372120e+01   3.0975864e+01
   1.5388267e+01   3.0975964e+01
   1.5404414e+01   3.0976063e+01
   1.5420561e+01   3.0976162e+01
   1.5436708e+01   3.0976261e+01
   1.5452855e+01   3.0976358e+01
   1.5469003e+01   3.0976456e+01
   1.5485150e+01   3.0976553e+01
   1.5501297e+01   3.0976649e+01
   1.5517444e+01   3.0976745e+01
   1.5533591e+01   3.0976840e+01
   1.5549739e+01   3.0976935e+01
   1.5565886e+01   3.0977030e+01
   1.5582033e+01   3.0977124e+01
   1.5598180e+01   3.0977217e+01
   1.5614327e+01   3.0977310e+01
   1.5630474e+01   3.0977403e+01
   1.5646622e+01   3.0977495e+01
   1.5662769e+01   3.0977587e+01
   1.5678916e+01   3.0977678e+01
   1.5695063e+01   3.0977769e+01
   1.5711210e+01   3.0977859e+01
   1.5727358e+01   3.0977949e+01
   1.5743505e+01   3.0978038e+01
   1.5759652e+01   3.0978127e+01
   1.5775799e+01   3.0978216e+01
   1.5791946e+01   3.0978304e+01
   1.5808093e+01   3.0978392e+01
   1.5824241e+01   3.0978479e+01
   1.5840388e+01   3.0978566e+01
   1.5856535e+01   3.0978652e+01
   1.5872682e+01   3.0978738e+01
   1.5888829e+01   3.0978824e+01
   1.5904977e+01   3.0978909e+01
   1.5921124e+01   3.0978994e+01
   1.5937271e+01   3.0979078e+01
   1.5953418e+01   3.0979162e+01
   1.5969565e+01   3.0979246e+01
   1.5985713e+01   3.0979329e+01
   1.6001860e+01   3.0979412e+01
   1.6018007e+01   3.0979494e+01
   1.6034154e+01   3.0979576e+01
   1.6050301e+01   3.0979657e+01
   1.6066448e+01   3.0979739e+01
   1.6082596e+01   3.0979819e+01
   1.6098743e+01   3.0979900e+01
   1.6114890e+01   3.0979980e+01
   1.6131037e+01   3.0980059e+01
