   3.2133484e-03   0.0000000e+00
   6.4266125e-03   1.2012012e-03
   9.6396237e-03   2.4024024e-03
   1.2852213e-02   3.6036036e-03
   1.6064213e-02   4.8048048e-03
   1.9275456e-02   6.0060060e-03
   2.2485772e-02   7.2072072e-03
   2.5694996e-02   8.4084084e-03
   2.8902960e-02   9.6096096e-03
   3.2109497e-02   1.0810811e-02
   3.5314442e-02   1.2012012e-02
   3.8517629e-02   1.3213213e-02
   4.1718894e-02   1.4414414e-02
   4.4918074e-02   1.5615616e-02
   4.8115004e-02   1.6816817e-02
   5.1309524e-02   1.8018018e-02
   5.4501471e-02   1.9219219e-02
   5.7690687e-02   2.0420420e-02
   6.0877011e-02   2.1621622e-02
   6.4060286e-02   2.2822823e-02
   6.7240356e-02   2.4024024e-02
   7.0417065e-02   2.5225225e-02
   7.3590258e-02   2.6426426e-02
   7.6759784e-02   2.7627628e-02
   7.9925491e-02   2.8828829e-02
   8.3087228e-02   3.0030030e-02
   8.6244848e-02   3.1231231e-02
   8.9398204e-02   3.2432432e-02
   9.2547151e-02   3.3633634e-02
   9.5691545e-02   3.4834835e-02
   9.8831244e-02   3.6036036e-02
   1.0196611e-01   3.7237237e-02
   1.0509600e-01   3.8438438e-02
   1.0822079e-01   3.9639640e-02
   1.1134033e-01   4.0840841e-02
   1.1445449e-01   4.2042042e-02
   1.1756315e-01   4.3243243e-02
   1.2066617e-01   4.4444444e-02
   1.2376343e-01   4.5645646e-02
   1.2685481e-01   4.6846847e-02
   1.2994017e-01   4.8048048e-02
   1.3301941e-01   4.9249249e-02
   1.3609240e-01   5.0450450e-02
   1.3915903e-01   5.1651652e-02
   1.4221919e-01   5.2852853e-02
   1.4527275e-01   5.4054054e-02
   1.4831962e-01   5.5255255e-02
   1.5135969e-01   5.6456456e-02
   1.5439284e-01   5.7657658e-02
   1.5741899e-01   5.8858859e-02
   1.6043802e-01   6.0060060e-02
   1.6344985e-01   6.1261261e-02
   1.6645437e-01   6.2462462e-02
   1.6945149e-01   6.3663664e-02
   1.7244113e-01   6.4864865e-02
   1.7542319e-01   6.6066066e-02
   1.7839758e-01   6.7267267e-02
   1.8136424e-01   6.8468468e-02
   1.8432306e-01   6.9669670e-02
   1.8727398e-01   7.0870871e-02
   1.9021692e-01   7.2072072e-02
   1.9315180e-01   7.3273273e-02
   1.9607855e-01   7.4474474e-02
   1.9899710e-01   7.5675676e-02
   2.0190739e-01   7.6876877e-02
   2.0480935e-01   7.8078078e-02
   2.0770292e-01   7.9279279e-02
   2.1058803e-01   8.0480480e-02
   2.1346464e-01   8.1681682e-02
   2.1633268e-01   8.2882883e-02
   2.1919210e-01   8.4084084e-02
   2.2204285e-01   8.5285285e-02
   2.2488488e-01   8.6486486e-02
   2.2771815e-01   8.7687688e-02
   2.3054261e-01   8.8888889e-02
   2.3335822e-01   9.0090090e-02
   2.3616494e-01   9.1291291e-02
   2.3896273e-01   9.2492492e-02
   2.4175156e-01   9.3693694e-02
   2.4453138e-01   9.4894895e-02
   2.4730218e-01   9.6096096e-02
   2.5006392e-01   9.7297297e-02
   2.5281658e-01   9.8498498e-02
   2.5556012e-01   9.9699700e-02
   2.5829453e-01   1.0090090e-01
   2.6101978e-01   1.0210210e-01
   2.6373585e-01   1.0330330e-01
   2.6644273e-01   1.0450450e-01
   2.6914040e-01   1.0570571e-01
   2.7182885e-01   1.0690691e-01
   2.7450806e-01   1.0810811e-01
   2.7717802e-01   1.0930931e-01
   2.7983873e-01   1.1051051e-01
   2.8249017e-01   1.1171171e-01
   2.8513235e-01   1.1291291e-01
   2.8776525e-01   1.1411411e-01
   2.9038888e-01   1.1531532e-01
   2.9300323e-01   1.1651652e-01
   2.9560831e-01   1.1771772e-01
   2.9820412e-01   1.1891892e-01
   3.0079066e-01   1.2012012e-01
   3.0336794e-01   1.2132132e-01
   3.0593595e-01   1.2252252e-01
   3.0849472e-01   1.2372372e-01
   3.1104425e-01   1.2492492e-01
   3.1358455e-01   1.2612613e-01
   3.1611563e-01   1.2732733e-01
   3.1863751e-01   1.2852853e-01
   3.2115020e-01   1.2972973e-01
   3.2365371e-01   1.3093093e-01
   3.2614806e-01   1.3213213e-01
   3.2863327e-01   1.3333333e-01
   3.3110935e-01   1.3453453e-01
   3.3357633e-01   1.3573574e-01
   3.3603423e-01   1.3693694e-01
   3.3848307e-01   1.3813814e-01
   3.4092286e-01   1.3933934e-01
   3.4335364e-01   1.4054054e-01
   3.4577543e-01   1.4174174e-01
   3.4818825e-01   1.4294294e-01
   3.5059212e-01   1.4414414e-01
   3.5298708e-01   1.4534535e-01
   3.5537315e-01   1.4654655e-01
   3.5775036e-01   1.4774775e-01
   3.6011873e-01   1.4894895e-01
   3.6247831e-01   1.5015015e-01
   3.6482910e-01   1.5135135e-01
   3.6717116e-01   1.5255255e-01
   3.6950450e-01   1.5375375e-01
   3.7182915e-01   1.5495495e-01
   3.7414516e-01   1.5615616e-01
   3.7645255e-01   1.5735736e-01
   3.7875136e-01   1.5855856e-01
   3.8104161e-01   1.5975976e-01
   3.8332334e-01   1.6096096e-01
   3.8559659e-01   1.6216216e-01
   3.8786139e-01   1.6336336e-01
   3.9011778e-01   1.6456456e-01
   3.9236578e-01   1.6576577e-01
   3.9460543e-01   1.6696697e-01
   3.9683678e-01   1.6816817e-01
   3.9905985e-01   1.6936937e-01
   4.0127468e-01   1.7057057e-01
   4.0348131e-01   1.7177177e-01
   4.0567977e-01   1.7297297e-01
   4.0787010e-01   1.7417417e-01
   4.1005233e-01   1.7537538e-01
   4.1222651e-01   1.7657658e-01
   4.1439267e-01   1.7777778e-01
   4.1655084e-01   1.7897898e-01
   4.1870107e-01   1.8018018e-01
   4.2084338e-01   1.8138138e-01
   4.2297783e-01   1.8258258e-01
   4.2510443e-01   1.8378378e-01
   4.2722323e-01   1.8498498e-01
   4.2933428e-01   1.8618619e-01
   4.3143759e-01   1.8738739e-01
   4.3353322e-01   1.8858859e-01
   4.3562119e-01   1.8978979e-01
   4.3770155e-01   1.9099099e-01
   4.3977433e-01   1.9219219e-01
   4.4183957e-01   1.9339339e-01
   4.4389730e-01   1.9459459e-01
   4.4594757e-01   1.9579580e-01
   4.4799040e-01   1.9699700e-01
   4.5002583e-01   1.9819820e-01
   4.5205390e-01   1.9939940e-01
   4.5407465e-01   2.0060060e-01
   4.5608810e-01   2.0180180e-01
   4.5809431e-01   2.0300300e-01
   4.6009329e-01   2.0420420e-01
   4.6208509e-01   2.0540541e-01
   4.6406975e-01   2.0660661e-01
   4.6604729e-01   2.0780781e-01
   4.6801775e-01   2.0900901e-01
   4.6998117e-01   2.1021021e-01
   4.7193757e-01   2.1141141e-01
   4.7388700e-01   2.1261261e-01
   4.7582949e-01   2.1381381e-01
   4.7776507e-01   2.1501502e-01
   4.7969378e-01   2.1621622e-01
   4.8161564e-01   2.1741742e-01
   4.8353070e-01   2.1861862e-01
   4.8543898e-01   2.1981982e-01
   4.8734051e-01   2.2102102e-01
   4.8923533e-01   2.2222222e-01
   4.9112348e-01   2.2342342e-01
   4.9300497e-01   2.2462462e-01
   4.9487985e-01   2.2582583e-01
   4.9674815e-01   2.2702703e-01
   4.9860989e-01   2.2822823e-01
   5.0046511e-01   2.2942943e-01
   5.0231383e-01   2.3063063e-01
   5.0415610e-01   2.3183183e-01
   5.0599193e-01   2.3303303e-01
   5.0782136e-01   2.3423423e-01
   5.0964441e-01   2.3543544e-01
   5.1146112e-01   2.3663664e-01
   5.1327152e-01   2.3783784e-01
   5.1507563e-01   2.3903904e-01
   5.1687349e-01   2.4024024e-01
   5.1866511e-01   2.4144144e-01
   5.2045053e-01   2.4264264e-01
   5.2222978e-01   2.4384384e-01
   5.2400289e-01   2.4504505e-01
   5.2576987e-01   2.4624625e-01
   5.2753077e-01   2.4744745e-01
   5.2928560e-01   2.4864865e-01
   5.3103439e-01   2.4984985e-01
   5.3277717e-01   2.5105105e-01
   5.3451396e-01   2.5225225e-01
   5.3624479e-01   2.5345345e-01
   5.3796969e-01   2.5465465e-01
   5.3968868e-01   2.5585586e-01
   5.4140178e-01   2.5705706e-01
   5.4310903e-01   2.5825826e-01
   5.4481044e-01   2.5945946e-01
   5.4650604e-01   2.6066066e-01
   5.4819586e-01   2.6186186e-01
   5.4987991e-01   2.6306306e-01
   5.5155823e-01   2.6426426e-01
   5.5323083e-01   2.6546547e-01
   5.5489774e-01   2.6666667e-01
   5.5655898e-01   2.6786787e-01
   5.5821457e-01   2.6906907e-01
   5.5986455e-01   2.7027027e-01
   5.6150892e-01   2.7147147e-01
   5.6314771e-01   2.7267267e-01
   5.6478095e-01   2.7387387e-01
   5.6640865e-01   2.7507508e-01
   5.6803084e-01   2.7627628e-01
   5.6964754e-01   2.7747748e-01
   5.7125877e-01   2.7867868e-01
   5.7286456e-01   2.7987988e-01
   5.7446491e-01   2.8108108e-01
   5.7605985e-01   2.8228228e-01
   5.7764941e-01   2.8348348e-01
   5.7923361e-01   2.8468468e-01
   5.8081245e-01   2.8588589e-01
   5.8238597e-01   2.8708709e-01
   5.8395418e-01   2.8828829e-01
   5.8551711e-01   2.8948949e-01
   5.8707477e-01   2.9069069e-01
   5.8862718e-01   2.9189189e-01
   5.9017436e-01   2.9309309e-01
   5.9171633e-01   2.9429429e-01
   5.9325311e-01   2.9549550e-01
   5.9478471e-01   2.9669670e-01
   5.9631116e-01   2.9789790e-01
   5.9783247e-01   2.9909910e-01
   5.9934867e-01   3.0030030e-01
   6.0085977e-01   3.0150150e-01
   6.0236578e-01   3.0270270e-01
   6.0386673e-01   3.0390390e-01
   6.0536263e-01   3.0510511e-01
   6.0685350e-01   3.0630631e-01
   6.0833936e-01   3.0750751e-01
   6.0982022e-01   3.0870871e-01
   6.1129610e-01   3.0990991e-01
   6.1276703e-01   3.1111111e-01
   6.1423301e-01   3.1231231e-01
   6.1569406e-01   3.1351351e-01
   6.1715019e-01   3.1471471e-01
   6.1860144e-01   3.1591592e-01
   6.2004780e-01   3.1711712e-01
   6.2148930e-01   3.1831832e-01
   6.2292595e-01   3.1951952e-01
   6.2435777e-01   3.2072072e-01
   6.2578478e-01   3.2192192e-01
   6.2720698e-01   3.2312312e-01
   6.2862440e-01   3.2432432e-01
   6.3003705e-01   3.2552553e-01
   6.3144495e-01   3.2672673e-01
   6.3284811e-01   3.2792793e-01
   6.3424654e-01   3.2912913e-01
   6.3564027e-01   3.3033033e-01
   6.3702930e-01   3.3153153e-01
   6.3841365e-01   3.3273273e-01
   6.3979334e-01   3.3393393e-01
   6.4116837e-01   3.3513514e-01
   6.4253877e-01   3.3633634e-01
   6.4390455e-01   3.3753754e-01
   6.4526572e-01   3.3873874e-01
   6.4662230e-01   3.3993994e-01
   6.4797430e-01   3.4114114e-01
   6.4932174e-01   3.4234234e-01
   6.5066462e-01   3.4354354e-01
   6.5200297e-01   3.4474474e-01
   6.5333679e-01   3.4594595e-01
   6.5466611e-01   3.4714715e-01
   6.5599092e-01   3.4834835e-01
   6.5731126e-01   3.4954955e-01
   6.5862712e-01   3.5075075e-01
   6.5993853e-01   3.5195195e-01
   6.6124549e-01   3.5315315e-01
   6.6254803e-01   3.5435435e-01
   6.6384614e-01   3.5555556e-01
   6.6513986e-01   3.5675676e-01
   6.6642918e-01   3.5795796e-01
   6.6771412e-01   3.5915916e-01
   6.6899470e-01   3.6036036e-01
   6.7027093e-01   3.6156156e-01
   6.7154281e-01   3.6276276e-01
   6.7281037e-01   3.6396396e-01
   6.7407361e-01   3.6516517e-01
   6.7533255e-01   3.6636637e-01
   6.7658720e-01   3.6756757e-01
   6.7783757e-01   3.6876877e-01
   6.7908368e-01   3.6996997e-01
   6.8032553e-01   3.7117117e-01
   6.8156314e-01   3.7237237e-01
   6.8279652e-01   3.7357357e-01
   6.8402568e-01   3.7477477e-01
   6.8525064e-01   3.7597598e-01
   6.8647140e-01   3.7717718e-01
   6.8768799e-01   3.7837838e-01
   6.8890040e-01   3.7957958e-01
   6.9010865e-01   3.8078078e-01
   6.9131276e-01   3.8198198e-01
   6.9251273e-01   3.8318318e-01
   6.9370858e-01   3.8438438e-01
   6.9490031e-01   3.8558559e-01
   6.9608795e-01   3.8678679e-01
   6.9727150e-01   3.8798799e-01
   6.9845096e-01   3.8918919e-01
   6.9962637e-01   3.9039039e-01
   7.0079771e-01   3.9159159e-01
   7.0196501e-01   3.9279279e-01
   7.0312828e-01   3.9399399e-01
   7.0428753e-01   3.9519520e-01
   7.0544277e-01   3.9639640e-01
   7.0659401e-01   3.9759760e-01
   7.0774126e-01   3.9879880e-01
   7.0888453e-01   4.0000000e-01
   7.1002383e-01   4.0120120e-01
   7.1115918e-01   4.0240240e-01
   7.1229058e-01   4.0360360e-01
   7.1341806e-01   4.0480480e-01
   7.1454160e-01   4.0600601e-01
   7.1566124e-01   4.0720721e-01
   7.1677697e-01   4.0840841e-01
   7.1788881e-01   4.0960961e-01
   7.1899677e-01   4.1081081e-01
   7.2010086e-01   4.1201201e-01
   7.2120109e-01   4.1321321e-01
   7.2229748e-01   4.1441441e-01
   7.2339002e-01   4.1561562e-01
   7.2447874e-01   4.1681682e-01
   7.2556364e-01   4.1801802e-01
   7.2664473e-01   4.1921922e-01
   7.2772203e-01   4.2042042e-01
   7.2879554e-01   4.2162162e-01
   7.2986528e-01   4.2282282e-01
   7.3093125e-01   4.2402402e-01
   7.3199346e-01   4.2522523e-01
   7.3305193e-01   4.2642643e-01
   7.3410667e-01   4.2762763e-01
   7.3515768e-01   4.2882883e-01
   7.3620498e-01   4.3003003e-01
   7.3724857e-01   4.3123123e-01
   7.3828847e-01   4.3243243e-01
   7.3932468e-01   4.3363363e-01
   7.4035723e-01   4.3483483e-01
   7.4138611e-01   4.3603604e-01
   7.4241133e-01   4.3723724e-01
   7.4343292e-01   4.3843844e-01
   7.4445087e-01   4.3963964e-01
   7.4546519e-01   4.4084084e-01
   7.4647590e-01   4.4204204e-01
   7.4748302e-01   4.4324324e-01
   7.4848653e-01   4.4444444e-01
   7.4948647e-01   4.4564565e-01
   7.5048283e-01   4.4684685e-01
   7.5147562e-01   4.4804805e-01
   7.5246487e-01   4.4924925e-01
   7.5345057e-01   4.5045045e-01
   7.5443273e-01   4.5165165e-01
   7.5541138e-01   4.5285285e-01
   7.5638650e-01   4.5405405e-01
   7.5735813e-01   4.5525526e-01
   7.5832626e-01   4.5645646e-01
   7.5929090e-01   4.5765766e-01
   7.6025207e-01   4.5885886e-01
   7.6120978e-01   4.6006006e-01
   7.6216403e-01   4.6126126e-01
   7.6311483e-01   4.6246246e-01
   7.6406220e-01   4.6366366e-01
   7.6500615e-01   4.6486486e-01
   7.6594667e-01   4.6606607e-01
   7.6688379e-01   4.6726727e-01
   7.6781752e-01   4.6846847e-01
   7.6874785e-01   4.6966967e-01
   7.6967481e-01   4.7087087e-01
   7.7059840e-01   4.7207207e-01
   7.7151864e-01   4.7327327e-01
   7.7243552e-01   4.7447447e-01
   7.7334907e-01   4.7567568e-01
   7.7425929e-01   4.7687688e-01
   7.7516618e-01   4.7807808e-01
   7.7606977e-01   4.7927928e-01
   7.7697006e-01   4.8048048e-01
   7.7786705e-01   4.8168168e-01
   7.7876077e-01   4.8288288e-01
   7.7965121e-01   4.8408408e-01
   7.8053840e-01   4.8528529e-01
   7.8142233e-01   4.8648649e-01
   7.8230302e-01   4.8768769e-01
   7.8318047e-01   4.8888889e-01
   7.8405470e-01   4.9009009e-01
   7.8492572e-01   4.9129129e-01
   7.8579353e-01   4.9249249e-01
   7.8665815e-01   4.9369369e-01
   7.8751958e-01   4.9489489e-01
   7.8837784e-01   4.9609610e-01
   7.8923293e-01   4.9729730e-01
   7.9008486e-01   4.9849850e-01
   7.9093365e-01   4.9969970e-01
   7.9177930e-01   5.0090090e-01
   7.9262182e-01   5.0210210e-01
   7.9346122e-01   5.0330330e-01
   7.9429752e-01   5.0450450e-01
   7.9513071e-01   5.0570571e-01
   7.9596081e-01   5.0690691e-01
   7.9678784e-01   5.0810811e-01
   7.9761179e-01   5.0930931e-01
   7.9843268e-01   5.1051051e-01
   7.9925052e-01   5.1171171e-01
   8.0006531e-01   5.1291291e-01
   8.0087708e-01   5.1411411e-01
   8.0168581e-01   5.1531532e-01
   8.0249154e-01   5.1651652e-01
   8.0329426e-01   5.1771772e-01
   8.0409398e-01   5.1891892e-01
   8.0489072e-01   5.2012012e-01
   8.0568448e-01   5.2132132e-01
   8.0647527e-01   5.2252252e-01
   8.0726311e-01   5.2372372e-01
   8.0804800e-01   5.2492492e-01
   8.0882995e-01   5.2612613e-01
   8.0960897e-01   5.2732733e-01
   8.1038507e-01   5.2852853e-01
   8.1115826e-01   5.2972973e-01
   8.1192855e-01   5.3093093e-01
   8.1269594e-01   5.3213213e-01
   8.1346046e-01   5.3333333e-01
   8.1422210e-01   5.3453453e-01
   8.1498088e-01   5.3573574e-01
   8.1573680e-01   5.3693694e-01
   8.1648988e-01   5.3813814e-01
   8.1724012e-01   5.3933934e-01
   8.1798754e-01   5.4054054e-01
   8.1873214e-01   5.4174174e-01
   8.1947393e-01   5.4294294e-01
   8.2021293e-01   5.4414414e-01
   8.2094913e-01   5.4534535e-01
   8.2168256e-01   5.4654655e-01
   8.2241321e-01   5.4774775e-01
   8.2314111e-01   5.4894895e-01
   8.2386625e-01   5.5015015e-01
   8.2458866e-01   5.5135135e-01
   8.2530833e-01   5.5255255e-01
   8.2602527e-01   5.5375375e-01
   8.2673950e-01   5.5495495e-01
   8.2745103e-01   5.5615616e-01
   8.2815986e-01   5.5735736e-01
   8.2886600e-01   5.5855856e-01
   8.2956947e-01   5.5975976e-01
   8.3027027e-01   5.6096096e-01
   8.3096841e-01   5.6216216e-01
   8.3166390e-01   5.6336336e-01
   8.3235676e-01   5.6456456e-01
   8.3304698e-01   5.6576577e-01
   8.3373457e-01   5.6696697e-01
   8.3441956e-01   5.6816817e-01
   8.3510194e-01   5.6936937e-01
   8.3578173e-01   5.7057057e-01
   8.3645894e-01   5.7177177e-01
   8.3713357e-01   5.7297297e-01
   8.3780563e-01   5.7417417e-01
   8.3847513e-01   5.7537538e-01
   8.3914209e-01   5.7657658e-01
   8.3980650e-01   5.7777778e-01
   8.4046839e-01   5.7897898e-01
   8.4112776e-01   5.8018018e-01
   8.4178461e-01   5.8138138e-01
   8.4243896e-01   5.8258258e-01
   8.4309082e-01   5.8378378e-01
   8.4374020e-01   5.8498498e-01
   8.4438710e-01   5.8618619e-01
   8.4503153e-01   5.8738739e-01
   8.4567350e-01   5.8858859e-01
   8.4631303e-01   5.8978979e-01
   8.4695012e-01   5.9099099e-01
   8.4758478e-01   5.9219219e-01
   8.4821701e-01   5.9339339e-01
   8.4884684e-01   5.9459459e-01
   8.4947426e-01   5.9579580e-01
   8.5009928e-01   5.9699700e-01
   8.5072193e-01   5.9819820e-01
   8.5134219e-01   5.9939940e-01
   8.5196009e-01   6.0060060e-01
   8.5257563e-01   6.0180180e-01
   8.5318882e-01   6.0300300e-01
   8.5379967e-01   6.0420420e-01
   8.5440819e-01   6.0540541e-01
   8.5501438e-01   6.0660661e-01
   8.5561827e-01   6.0780781e-01
   8.5621984e-01   6.0900901e-01
   8.5681912e-01   6.1021021e-01
   8.5741612e-01   6.1141141e-01
   8.5801083e-01   6.1261261e-01
   8.5860328e-01   6.1381381e-01
   8.5919346e-01   6.1501502e-01
   8.5978139e-01   6.1621622e-01
   8.6036708e-01   6.1741742e-01
   8.6095053e-01   6.1861862e-01
   8.6153176e-01   6.1981982e-01
   8.6211077e-01   6.2102102e-01
   8.6268757e-01   6.2222222e-01
   8.6326217e-01   6.2342342e-01
   8.6383458e-01   6.2462462e-01
   8.6440481e-01   6.2582583e-01
   8.6497286e-01   6.2702703e-01
   8.6553875e-01   6.2822823e-01
   8.6610248e-01   6.2942943e-01
   8.6666407e-01   6.3063063e-01
   8.6722351e-01   6.3183183e-01
   8.6778082e-01   6.3303303e-01
   8.6833602e-01   6.3423423e-01
   8.6888909e-01   6.3543544e-01
   8.6944006e-01   6.3663664e-01
   8.6998894e-01   6.3783784e-01
   8.7053572e-01   6.3903904e-01
   8.7108043e-01   6.4024024e-01
   8.7162306e-01   6.4144144e-01
   8.7216364e-01   6.4264264e-01
   8.7270215e-01   6.4384384e-01
   8.7323862e-01   6.4504505e-01
   8.7377306e-01   6.4624625e-01
   8.7430546e-01   6.4744745e-01
   8.7483584e-01   6.4864865e-01
   8.7536421e-01   6.4984985e-01
   8.7589057e-01   6.5105105e-01
   8.7641494e-01   6.5225225e-01
   8.7693732e-01   6.5345345e-01
   8.7745772e-01   6.5465465e-01
   8.7797615e-01   6.5585586e-01
   8.7849261e-01   6.5705706e-01
   8.7900712e-01   6.5825826e-01
   8.7951968e-01   6.5945946e-01
   8.8003031e-01   6.6066066e-01
   8.8053900e-01   6.6186186e-01
   8.8104577e-01   6.6306306e-01
   8.8155062e-01   6.6426426e-01
   8.8205357e-01   6.6546547e-01
   8.8255462e-01   6.6666667e-01
   8.8305378e-01   6.6786787e-01
   8.8355106e-01   6.6906907e-01
   8.8404646e-01   6.7027027e-01
   8.8454000e-01   6.7147147e-01
   8.8503168e-01   6.7267267e-01
   8.8552150e-01   6.7387387e-01
   8.8600949e-01   6.7507508e-01
   8.8649564e-01   6.7627628e-01
   8.8697996e-01   6.7747748e-01
   8.8746246e-01   6.7867868e-01
   8.8794316e-01   6.7987988e-01
   8.8842204e-01   6.8108108e-01
   8.8889914e-01   6.8228228e-01
   8.8937444e-01   6.8348348e-01
   8.8984797e-01   6.8468468e-01
   8.9031972e-01   6.8588589e-01
   8.9078971e-01   6.8708709e-01
   8.9125794e-01   6.8828829e-01
   8.9172442e-01   6.8948949e-01
   8.9218916e-01   6.9069069e-01
   8.9265217e-01   6.9189189e-01
   8.9311345e-01   6.9309309e-01
   8.9357301e-01   6.9429429e-01
   8.9403085e-01   6.9549550e-01
   8.9448700e-01   6.9669670e-01
   8.9494145e-01   6.9789790e-01
   8.9539421e-01   6.9909910e-01
   8.9584528e-01   7.0030030e-01
   8.9629469e-01   7.0150150e-01
   8.9674243e-01   7.0270270e-01
   8.9718850e-01   7.0390390e-01
   8.9763293e-01   7.0510511e-01
   8.9807571e-01   7.0630631e-01
   8.9851686e-01   7.0750751e-01
   8.9895637e-01   7.0870871e-01
   8.9939426e-01   7.0990991e-01
   8.9983054e-01   7.1111111e-01
   9.0026521e-01   7.1231231e-01
   9.0069827e-01   7.1351351e-01
   9.0112975e-01   7.1471471e-01
   9.0155963e-01   7.1591592e-01
   9.0198794e-01   7.1711712e-01
   9.0241468e-01   7.1831832e-01
   9.0283985e-01   7.1951952e-01
   9.0326346e-01   7.2072072e-01
   9.0368552e-01   7.2192192e-01
   9.0410604e-01   7.2312312e-01
   9.0452502e-01   7.2432432e-01
   9.0494247e-01   7.2552553e-01
   9.0535839e-01   7.2672673e-01
   9.0577280e-01   7.2792793e-01
   9.0618570e-01   7.2912913e-01
   9.0659710e-01   7.3033033e-01
   9.0700701e-01   7.3153153e-01
   9.0741542e-01   7.3273273e-01
   9.0782235e-01   7.3393393e-01
   9.0822781e-01   7.3513514e-01
   9.0863180e-01   7.3633634e-01
   9.0903433e-01   7.3753754e-01
   9.0943540e-01   7.3873874e-01
   9.0983502e-01   7.3993994e-01
   9.1023321e-01   7.4114114e-01
   9.1062995e-01   7.4234234e-01
   9.1102527e-01   7.4354354e-01
   9.1141917e-01   7.4474474e-01
   9.1181166e-01   7.4594595e-01
   9.1220273e-01   7.4714715e-01
   9.1259240e-01   7.4834835e-01
   9.1298068e-01   7.4954955e-01
   9.1336757e-01   7.5075075e-01
   9.1375307e-01   7.5195195e-01
   9.1413720e-01   7.5315315e-01
   9.1451996e-01   7.5435435e-01
   9.1490136e-01   7.5555556e-01
   9.1528140e-01   7.5675676e-01
   9.1566009e-01   7.5795796e-01
   9.1603743e-01   7.5915916e-01
   9.1641344e-01   7.6036036e-01
   9.1678811e-01   7.6156156e-01
   9.1716146e-01   7.6276276e-01
   9.1753349e-01   7.6396396e-01
   9.1790421e-01   7.6516517e-01
   9.1827362e-01   7.6636637e-01
   9.1864173e-01   7.6756757e-01
   9.1900854e-01   7.6876877e-01
   9.1937407e-01   7.6996997e-01
   9.1973831e-01   7.7117117e-01
   9.2010128e-01   7.7237237e-01
   9.2046298e-01   7.7357357e-01
   9.2082341e-01   7.7477477e-01
   9.2118258e-01   7.7597598e-01
   9.2154050e-01   7.7717718e-01
   9.2189718e-01   7.7837838e-01
   9.2225261e-01   7.7957958e-01
   9.2260681e-01   7.8078078e-01
   9.2295979e-01   7.8198198e-01
   9.2331153e-01   7.8318318e-01
   9.2366206e-01   7.8438438e-01
   9.2401138e-01   7.8558559e-01
   9.2435950e-01   7.8678679e-01
   9.2470641e-01   7.8798799e-01
   9.2505213e-01   7.8918919e-01
   9.2539666e-01   7.9039039e-01
   9.2574001e-01   7.9159159e-01
   9.2608218e-01   7.9279279e-01
   9.2642318e-01   7.9399399e-01
   9.2676301e-01   7.9519520e-01
   9.2710169e-01   7.9639640e-01
   9.2743921e-01   7.9759760e-01
   9.2777558e-01   7.9879880e-01
   9.2811080e-01   8.0000000e-01
   9.2844489e-01   8.0120120e-01
   9.2877784e-01   8.0240240e-01
   9.2910967e-01   8.0360360e-01
   9.2944037e-01   8.0480480e-01
   9.2976996e-01   8.0600601e-01
   9.3009844e-01   8.0720721e-01
   9.3042581e-01   8.0840841e-01
   9.3075208e-01   8.0960961e-01
   9.3107726e-01   8.1081081e-01
   9.3140134e-01   8.1201201e-01
   9.3172434e-01   8.1321321e-01
   9.3204626e-01   8.1441441e-01
   9.3236711e-01   8.1561562e-01
   9.3268689e-01   8.1681682e-01
   9.3300560e-01   8.1801802e-01
   9.3332326e-01   8.1921922e-01
   9.3363986e-01   8.2042042e-01
   9.3395541e-01   8.2162162e-01
   9.3426992e-01   8.2282282e-01
   9.3458339e-01   8.2402402e-01
   9.3489583e-01   8.2522523e-01
   9.3520724e-01   8.2642643e-01
   9.3551762e-01   8.2762763e-01
   9.3582699e-01   8.2882883e-01
   9.3613534e-01   8.3003003e-01
   9.3644269e-01   8.3123123e-01
   9.3674903e-01   8.3243243e-01
   9.3705437e-01   8.3363363e-01
   9.3735872e-01   8.3483483e-01
   9.3766208e-01   8.3603604e-01
   9.3796445e-01   8.3723724e-01
   9.3826585e-01   8.3843844e-01
   9.3856627e-01   8.3963964e-01
   9.3886571e-01   8.4084084e-01
   9.3916420e-01   8.4204204e-01
   9.3946172e-01   8.4324324e-01
   9.3975829e-01   8.4444444e-01
   9.4005390e-01   8.4564565e-01
   9.4034857e-01   8.4684685e-01
   9.4064230e-01   8.4804805e-01
   9.4093509e-01   8.4924925e-01
   9.4122694e-01   8.5045045e-01
   9.4151787e-01   8.5165165e-01
   9.4180787e-01   8.5285285e-01
   9.4209696e-01   8.5405405e-01
   9.4238513e-01   8.5525526e-01
   9.4267238e-01   8.5645646e-01
   9.4295874e-01   8.5765766e-01
   9.4324419e-01   8.5885886e-01
   9.4352874e-01   8.6006006e-01
   9.4381240e-01   8.6126126e-01
   9.4409517e-01   8.6246246e-01
   9.4437706e-01   8.6366366e-01
   9.4465806e-01   8.6486486e-01
   9.4493819e-01   8.6606607e-01
   9.4521745e-01   8.6726727e-01
   9.4549584e-01   8.6846847e-01
   9.4577337e-01   8.6966967e-01
   9.4605004e-01   8.7087087e-01
   9.4632586e-01   8.7207207e-01
   9.4660083e-01   8.7327327e-01
   9.4687494e-01   8.7447447e-01
   9.4714822e-01   8.7567568e-01
   9.4742066e-01   8.7687688e-01
   9.4769226e-01   8.7807808e-01
   9.4796304e-01   8.7927928e-01
   9.4823299e-01   8.8048048e-01
   9.4850212e-01   8.8168168e-01
   9.4877042e-01   8.8288288e-01
   9.4903792e-01   8.8408408e-01
   9.4930461e-01   8.8528529e-01
   9.4957048e-01   8.8648649e-01
   9.4983556e-01   8.8768769e-01
   9.5009984e-01   8.8888889e-01
   9.5036332e-01   8.9009009e-01
   9.5062602e-01   8.9129129e-01
   9.5088793e-01   8.9249249e-01
   9.5114905e-01   8.9369369e-01
   9.5140940e-01   8.9489489e-01
   9.5166897e-01   8.9609610e-01
   9.5192777e-01   8.9729730e-01
   9.5218580e-01   8.9849850e-01
   9.5244307e-01   8.9969970e-01
   9.5269957e-01   9.0090090e-01
   9.5295533e-01   9.0210210e-01
   9.5321032e-01   9.0330330e-01
   9.5346457e-01   9.0450450e-01
   9.5371808e-01   9.0570571e-01
   9.5397084e-01   9.0690691e-01
   9.5422286e-01   9.0810811e-01
   9.5447415e-01   9.0930931e-01
   9.5472470e-01   9.1051051e-01
   9.5497453e-01   9.1171171e-01
   9.5522364e-01   9.1291291e-01
   9.5547202e-01   9.1411411e-01
   9.5571969e-01   9.1531532e-01
   9.5596664e-01   9.1651652e-01
   9.5621289e-01   9.1771772e-01
   9.5645842e-01   9.1891892e-01
   9.5670326e-01   9.2012012e-01
   9.5694739e-01   9.2132132e-01
   9.5719083e-01   9.2252252e-01
   9.5743357e-01   9.2372372e-01
   9.5767562e-01   9.2492492e-01
   9.5791699e-01   9.2612613e-01
   9.5815767e-01   9.2732733e-01
   9.5839767e-01   9.2852853e-01
   9.5863700e-01   9.2972973e-01
   9.5887565e-01   9.3093093e-01
   9.5911364e-01   9.3213213e-01
   9.5935095e-01   9.3333333e-01
   9.5958760e-01   9.3453453e-01
   9.5982360e-01   9.3573574e-01
   9.6005893e-01   9.3693694e-01
   9.6029361e-01   9.3813814e-01
   9.6052764e-01   9.3933934e-01
   9.6076102e-01   9.4054054e-01
   9.6099375e-01   9.4174174e-01
   9.6122585e-01   9.4294294e-01
   9.6145730e-01   9.4414414e-01
   9.6168812e-01   9.4534535e-01
   9.6191831e-01   9.4654655e-01
   9.6214786e-01   9.4774775e-01
   9.6237679e-01   9.4894895e-01
   9.6260510e-01   9.5015015e-01
   9.6283278e-01   9.5135135e-01
   9.6305985e-01   9.5255255e-01
   9.6328631e-01   9.5375375e-01
   9.6351215e-01   9.5495495e-01
   9.6373738e-01   9.5615616e-01
   9.6396200e-01   9.5735736e-01
   9.6418603e-01   9.5855856e-01
   9.6440945e-01   9.5975976e-01
   9.6463227e-01   9.6096096e-01
   9.6485451e-01   9.6216216e-01
   9.6507614e-01   9.6336336e-01
   9.6529719e-01   9.6456456e-01
   9.6551766e-01   9.6576577e-01
   9.6573754e-01   9.6696697e-01
   9.6595683e-01   9.6816817e-01
   9.6617556e-01   9.6936937e-01
   9.6639370e-01   9.7057057e-01
   9.6661127e-01   9.7177177e-01
   9.6682828e-01   9.7297297e-01
   9.6704471e-01   9.7417417e-01
   9.6726058e-01   9.7537538e-01
   9.6747589e-01   9.7657658e-01
   9.6769064e-01   9.7777778e-01
   9.6790484e-01   9.7897898e-01
   9.6811848e-01   9.8018018e-01
   9.6833157e-01   9.8138138e-01
   9.6854410e-01   9.8258258e-01
   9.6875610e-01   9.8378378e-01
   9.6896755e-01   9.8498498e-01
   9.6917845e-01   9.8618619e-01
   9.6938882e-01   9.8738739e-01
   9.6959866e-01   9.8858859e-01
   9.6980796e-01   9.8978979e-01
   9.7001672e-01   9.9099099e-01
   9.7022496e-01   9.9219219e-01
   9.7043268e-01   9.9339339e-01
   9.7063987e-01   9.9459459e-01
   9.7084653e-01   9.9579580e-01
   9.7105268e-01   9.9699700e-01
   9.7125831e-01   9.9819820e-01
   9.7146343e-01   9.9939940e-01
   9.7166804e-01   1.0006006e+00
   9.7187213e-01   1.0018018e+00
   9.7207572e-01   1.0030030e+00
   9.7227881e-01   1.0042042e+00
   9.7248139e-01   1.0054054e+00
   9.7268347e-01   1.0066066e+00
   9.7288505e-01   1.0078078e+00
   9.7308614e-01   1.0090090e+00
   9.7328673e-01   1.0102102e+00
   9.7348684e-01   1.0114114e+00
   9.7368645e-01   1.0126126e+00
   9.7388558e-01   1.0138138e+00
   9.7408422e-01   1.0150150e+00
   9.7428238e-01   1.0162162e+00
   9.7448006e-01   1.0174174e+00
   9.7467726e-01   1.0186186e+00
   9.7487399e-01   1.0198198e+00
   9.7507024e-01   1.0210210e+00
   9.7526602e-01   1.0222222e+00
   9.7546133e-01   1.0234234e+00
   9.7565618e-01   1.0246246e+00
   9.7585056e-01   1.0258258e+00
   9.7604447e-01   1.0270270e+00
   9.7623793e-01   1.0282282e+00
   9.7643092e-01   1.0294294e+00
   9.7662346e-01   1.0306306e+00
   9.7681555e-01   1.0318318e+00
   9.7700718e-01   1.0330330e+00
   9.7719836e-01   1.0342342e+00
   9.7738909e-01   1.0354354e+00
   9.7757938e-01   1.0366366e+00
   9.7776922e-01   1.0378378e+00
   9.7795861e-01   1.0390390e+00
   9.7814757e-01   1.0402402e+00
   9.7833609e-01   1.0414414e+00
   9.7852417e-01   1.0426426e+00
   9.7871181e-01   1.0438438e+00
   9.7889903e-01   1.0450450e+00
   9.7908581e-01   1.0462462e+00
   9.7927216e-01   1.0474474e+00
   9.7945808e-01   1.0486486e+00
   9.7964358e-01   1.0498498e+00
   9.7982866e-01   1.0510511e+00
   9.8001331e-01   1.0522523e+00
   9.8019754e-01   1.0534535e+00
   9.8038136e-01   1.0546547e+00
   9.8056475e-01   1.0558559e+00
   9.8074774e-01   1.0570571e+00
   9.8093031e-01   1.0582583e+00
   9.8111247e-01   1.0594595e+00
   9.8129422e-01   1.0606607e+00
   9.8147556e-01   1.0618619e+00
   9.8165649e-01   1.0630631e+00
   9.8183703e-01   1.0642643e+00
   9.8201716e-01   1.0654655e+00
   9.8219689e-01   1.0666667e+00
   9.8237622e-01   1.0678679e+00
   9.8255515e-01   1.0690691e+00
   9.8273369e-01   1.0702703e+00
   9.8291183e-01   1.0714715e+00
   9.8308959e-01   1.0726727e+00
   9.8326695e-01   1.0738739e+00
   9.8344392e-01   1.0750751e+00
   9.8362051e-01   1.0762763e+00
   9.8379671e-01   1.0774775e+00
   9.8397252e-01   1.0786787e+00
   9.8414796e-01   1.0798799e+00
   9.8432301e-01   1.0810811e+00
   9.8449768e-01   1.0822823e+00
   9.8467198e-01   1.0834835e+00
   9.8484590e-01   1.0846847e+00
   9.8501945e-01   1.0858859e+00
   9.8519262e-01   1.0870871e+00
   9.8536542e-01   1.0882883e+00
   9.8553786e-01   1.0894895e+00
   9.8570992e-01   1.0906907e+00
   9.8588162e-01   1.0918919e+00
   9.8605295e-01   1.0930931e+00
   9.8622392e-01   1.0942943e+00
   9.8639453e-01   1.0954955e+00
   9.8656477e-01   1.0966967e+00
   9.8673466e-01   1.0978979e+00
   9.8690419e-01   1.0990991e+00
   9.8707336e-01   1.1003003e+00
   9.8724218e-01   1.1015015e+00
   9.8741065e-01   1.1027027e+00
   9.8757876e-01   1.1039039e+00
   9.8774652e-01   1.1051051e+00
   9.8791393e-01   1.1063063e+00
   9.8808100e-01   1.1075075e+00
   9.8824772e-01   1.1087087e+00
   9.8841409e-01   1.1099099e+00
   9.8858012e-01   1.1111111e+00
   9.8874581e-01   1.1123123e+00
   9.8891116e-01   1.1135135e+00
   9.8907617e-01   1.1147147e+00
   9.8924084e-01   1.1159159e+00
   9.8940517e-01   1.1171171e+00
   9.8956917e-01   1.1183183e+00
   9.8973283e-01   1.1195195e+00
   9.8989616e-01   1.1207207e+00
   9.9005916e-01   1.1219219e+00
   9.9022183e-01   1.1231231e+00
   9.9038417e-01   1.1243243e+00
   9.9054619e-01   1.1255255e+00
   9.9070787e-01   1.1267267e+00
   9.9086923e-01   1.1279279e+00
   9.9103027e-01   1.1291291e+00
   9.9119099e-01   1.1303303e+00
   9.9135138e-01   1.1315315e+00
   9.9151146e-01   1.1327327e+00
   9.9167121e-01   1.1339339e+00
   9.9183065e-01   1.1351351e+00
   9.9198977e-01   1.1363363e+00
   9.9214858e-01   1.1375375e+00
   9.9230707e-01   1.1387387e+00
   9.9246525e-01   1.1399399e+00
   9.9262312e-01   1.1411411e+00
   9.9278068e-01   1.1423423e+00
   9.9293792e-01   1.1435435e+00
   9.9309487e-01   1.1447447e+00
   9.9325150e-01   1.1459459e+00
   9.9340783e-01   1.1471471e+00
   9.9356385e-01   1.1483483e+00
   9.9371957e-01   1.1495495e+00
   9.9387499e-01   1.1507508e+00
   9.9403011e-01   1.1519520e+00
   9.9418492e-01   1.1531532e+00
   9.9433944e-01   1.1543544e+00
   9.9449366e-01   1.1555556e+00
   9.9464758e-01   1.1567568e+00
   9.9480121e-01   1.1579580e+00
   9.9495455e-01   1.1591592e+00
   9.9510759e-01   1.1603604e+00
   9.9526033e-01   1.1615616e+00
   9.9541279e-01   1.1627628e+00
   9.9556496e-01   1.1639640e+00
   9.9571683e-01   1.1651652e+00
   9.9586842e-01   1.1663664e+00
   9.9601972e-01   1.1675676e+00
   9.9617074e-01   1.1687688e+00
   9.9632147e-01   1.1699700e+00
   9.9647192e-01   1.1711712e+00
   9.9662208e-01   1.1723724e+00
   9.9677196e-01   1.1735736e+00
   9.9692156e-01   1.1747748e+00
   9.9707088e-01   1.1759760e+00
   9.9721992e-01   1.1771772e+00
   9.9736869e-01   1.1783784e+00
   9.9751718e-01   1.1795796e+00
   9.9766539e-01   1.1807808e+00
   9.9781332e-01   1.1819820e+00
   9.9796098e-01   1.1831832e+00
   9.9810837e-01   1.1843844e+00
   9.9825549e-01   1.1855856e+00
   9.9840234e-01   1.1867868e+00
   9.9854891e-01   1.1879880e+00
   9.9869522e-01   1.1891892e+00
   9.9884125e-01   1.1903904e+00
   9.9898702e-01   1.1915916e+00
   9.9913253e-01   1.1927928e+00
   9.9927776e-01   1.1939940e+00
   9.9942274e-01   1.1951952e+00
   9.9956745e-01   1.1963964e+00
   9.9971189e-01   1.1975976e+00
   9.9985608e-01   1.1987988e+00
   1.0000000e+00   1.2000000e+00
