# Z 34 rho 4.50067 A(Z) 78.9718
1 5.559 0.005391 2312 0 0 2317.56
1.436 5.29 0.009678 976.2 0 0 981.5
1.436 5.29 0.009678 4343 0 0 4348.3
1.456 5.276 0.009883 4117 0 0 4122.29
1.476 5.262 0.01009 3902 0 0 3907.27
1.476 5.262 0.01009 5589 0 0 5594.27
1.5 5.246 0.01033 5330 0 0 5335.26
1.654 5.138 0.01191 4337 0 0 4342.15
1.654 5.138 0.01191 4910 0 0 4915.15
2 4.898 0.01544 3093 0 0 3097.91
3 4.234 0.02501 1112 0 0 1116.26
3.01 4.227 0.0251 1102 0 0 1106.25
4 3.677 0.03341 521.4 0 0 525.11
5 3.218 0.04074 286.4 0 0 289.659
5.02 3.209 0.04088 283.3 0 0 286.55
6 2.83 0.04727 174.4 0 0 177.277
7.03 2.486 0.05338 112.6 0 0 115.139
8 2.207 0.05864 78.86 0 0 81.1256
9.04 1.949 0.06384 56.07 0 0 58.0828
10 1.743 0.06829 42.32 0 0 44.1313
11.05 1.549 0.07282 31.94 0 0 33.5618
12.66 1.31 0.07901 21.79 0 0 23.179
12.66 1.31 0.07901 157.5 0 0 158.889
13.06 1.259 0.08043 145.5 0 0 146.839
15 1.056 0.08656 102.1 0 0 103.243
15.07 1.05 0.08677 100.9 0 0 102.037
17.08 0.8913 0.09215 72.52 0 0 73.5035
19.09 0.7681 0.09671 53.74 0 0 54.6048
20 0.7213 0.09854 47.36 0 0 48.1798
21.1 0.6707 0.1006 40.92 0 0 41.6913
23.11 0.592 0.1038 31.89 0 0 32.5858
25.12 0.5269 0.1066 25.34 0 0 25.9735
27.13 0.4721 0.109 20.46 0 0 21.0411
29.14 0.4253 0.1111 16.76 0 0 17.2964
30 0.4073 0.1119 15.44 0 0 15.9592
31.15 0.3849 0.1129 13.89 0 0 14.3878
33.16 0.3497 0.1144 11.64 0 0 12.1041
35.17 0.319 0.1158 9.841 0 0 10.2758
37.18 0.2921 0.1169 8.395 0 0 8.804
39.19 0.2684 0.1179 7.218 0 0 7.6043
40 0.2596 0.1182 6.806 0 0 7.1838
41.2 0.2474 0.1187 6.25 0 0 6.6161
43.21 0.2288 0.1194 5.446 0 0 5.7942
45.22 0.2122 0.1199 4.774 0 0 5.1061
47.23 0.1973 0.1204 4.207 0 0 4.5247
49.24 0.184 0.1208 3.726 0 0 4.0308
50 0.1794 0.1209 3.564 0 0 3.8643
51.25 0.1721 0.1211 3.315 0 0 3.6082
53.26 0.1613 0.1213 2.962 0 0 3.2446
55.27 0.1515 0.1215 2.657 0 0 2.93
57.28 0.1426 0.1216 2.393 0 0 2.6572
59.29 0.1345 0.1216 2.162 0 0 2.4181
60 0.1318 0.1216 2.087 0 0 2.3404
61.3 0.1271 0.1217 1.959 0 0 2.2078
63.31 0.1203 0.1216 1.781 0 0 2.0229
65.32 0.114 0.1216 1.624 0 0 1.8596
67.33 0.1082 0.1215 1.485 0 0 1.7147
69.34 0.1029 0.1214 1.361 0 0 1.5853
71.35 0.09796 0.1213 1.25 0 0 1.46926
73.36 0.09338 0.1211 1.151 0 0 1.36548
75.37 0.08912 0.1209 1.062 0 0 1.27202
77.38 0.08515 0.1207 0.982 0 0 1.18785
79.39 0.08145 0.1205 0.9097 0 0 1.11165
80 0.08039 0.1204 0.8893 0 0 1.09009
81.4 0.078 0.1203 0.8443 0 0 1.0426
83.41 0.07476 0.12 0.7849 0 0 0.97966
85.42 0.07172 0.1198 0.731 0 0 0.92252
87.43 0.06887 0.1195 0.6819 0 0 0.87027
89.44 0.06619 0.1192 0.637 0 0 0.82239
91.45 0.06366 0.1189 0.5959 0 0 0.77846
93.46 0.06127 0.1187 0.5583 0 0 0.73827
95.47 0.05902 0.1184 0.5238 0 0 0.70122
97.49 0.05689 0.1181 0.492 0 0 0.66699
99.5 0.05487 0.1178 0.4628 0 0 0.63547
100 0.05438 0.1177 0.4558 0 0 0.62788
101.5 0.05295 0.1175 0.4357 0 0 0.60615
103.5 0.05114 0.1171 0.4108 0 0 0.57904
105.5 0.04941 0.1168 0.3877 0 0 0.55391
107.5 0.04777 0.1165 0.3663 0 0 0.53057
109.5 0.04621 0.1162 0.3464 0 0 0.50881
111.6 0.04473 0.1159 0.328 0 0 0.48863
113.6 0.04331 0.1156 0.3108 0 0 0.46971
115.6 0.04197 0.1152 0.2948 0 0 0.45197
117.6 0.04068 0.1149 0.2799 0 0 0.43548
119.6 0.03945 0.1146 0.266 0 0 0.42005
121.6 0.03827 0.1143 0.253 0 0 0.40557
123.6 0.03715 0.1139 0.2408 0 0 0.39185
125.6 0.03607 0.1136 0.2294 0 0 0.37907
127.6 0.03504 0.1133 0.2187 0 0 0.36704
129.6 0.03406 0.113 0.2086 0 0 0.35566
131.7 0.03311 0.1126 0.1992 0 0 0.34491
133.7 0.0322 0.1123 0.1903 0 0 0.3348
135.7 0.03133 0.112 0.1819 0 0 0.32523
137.7 0.0305 0.1117 0.1741 0 0 0.3163
139.7 0.02969 0.1113 0.1666 0 0 0.30759
141.7 0.02892 0.111 0.1596 0 0 0.29952
143.7 0.02818 0.1107 0.153 0 0 0.29188
145.7 0.02746 0.1104 0.1467 0 0 0.28456
147.7 0.02677 0.11 0.1408 0 0 0.27757
149.7 0.02611 0.1097 0.1352 0 0 0.27101
150 0.02603 0.1097 0.1345 0 0 0.27023
151.8 0.02547 0.1094 0.1299 0 0 0.26477
153.8 0.02486 0.1091 0.1249 0 0 0.25886
155.8 0.02426 0.1088 0.1201 0 0 0.25316
157.8 0.02369 0.1084 0.1156 0 0 0.24769
159.8 0.02314 0.1081 0.1112 0 0 0.24244
161.8 0.0226 0.1078 0.1071 0 0 0.2375
163.8 0.02209 0.1075 0.1033 0 0 0.23289
165.8 0.02159 0.1072 0.09955 0 0 0.22834
167.8 0.02111 0.1069 0.09601 0 0 0.22402
169.9 0.02064 0.1066 0.09265 0 0 0.21989
171.9 0.02019 0.1063 0.08944 0 0 0.21593
173.9 0.01975 0.106 0.08638 0 0 0.21213
175.9 0.01933 0.1056 0.08346 0 0 0.20839
177.9 0.01892 0.1053 0.08067 0 0 0.20489
179.9 0.01852 0.105 0.07801 0 0 0.20153
181.9 0.01814 0.1047 0.07546 0 0 0.1983
183.9 0.01777 0.1044 0.07302 0 0 0.19519
185.9 0.01741 0.1041 0.07069 0 0 0.1922
187.9 0.01706 0.1039 0.06846 0 0 0.18942
189.9 0.01672 0.1036 0.06632 0 0 0.18664
192 0.01639 0.1033 0.06427 0 0 0.18396
194 0.01607 0.103 0.06231 0 0 0.18138
196 0.01576 0.1027 0.06042 0 0 0.17888
198 0.01546 0.1024 0.05862 0 0 0.17648
200 0.01516 0.1021 0.05688 0 0 0.17414
300 0.006974 0.09007 0.01737 0 0 0.114414
400 0.003987 0.08123 0.007772 0 0 0.092989
500 0.002575 0.07441 0.004302 0 0 0.081287
600 0.001798 0.06898 0.002721 0 0 0.073499
800 0.001017 0.06073 0.001393 0 0 0.06314
1000 0.0006527 0.05467 0.0008672 0 0 0.0561899
1022 0.0006251 0.05409 0.0008245 0 0 0.0555396
1250 0.0004186 0.04892 0.0005568 9.503e-05 0 0.0499904
1500 0.000291 0.04448 0.0004006 0.0004672 0 0.0456388
2000 0.0001638 0.03797 0.0002457 0.001716 0 0.0400955
2044 0.0001569 0.03751 0.0002373 0.001841 0 0.0397452
3000 7.286e-05 0.02989 0.0001322 0.004652 1.046e-05 0.0347575
4000 4.099e-05 0.02494 8.855e-05 0.007355 4.269e-05 0.0324672
5000 2.624e-05 0.02154 6.602e-05 0.009732 8.504e-05 0.0314493
6000 1.822e-05 0.01904 5.241e-05 0.01181 0.0001305 0.0310511
7000 1.339e-05 0.01711 4.337e-05 0.01368 0.0001758 0.0310226
8000 1.025e-05 0.01557 3.694e-05 0.01535 0.0002197 0.0311869
9000 8.1e-06 0.01432 3.214e-05 0.01688 0.0002618 0.031502
10000 6.561e-06 0.01326 2.843e-05 0.01826 0.0003018 0.0318568
