   3.1927381e-03   0.0000000e+00
   6.3853931e-03   1.2012012e-03
   9.5777990e-03   2.4024024e-03
   1.2769790e-02   3.6036036e-03
   1.5961200e-02   4.8048048e-03
   1.9151863e-02   6.0060060e-03
   2.2341615e-02   7.2072072e-03
   2.5530290e-02   8.4084084e-03
   2.8717725e-02   9.6096096e-03
   3.1903753e-02   1.0810811e-02
   3.5088214e-02   1.2012012e-02
   3.8270943e-02   1.3213213e-02
   4.1451778e-02   1.4414414e-02
   4.4630558e-02   1.5615616e-02
   4.7807122e-02   1.6816817e-02
   5.0981310e-02   1.8018018e-02
   5.4152964e-02   1.9219219e-02
   5.7321926e-02   2.0420420e-02
   6.0488038e-02   2.1621622e-02
   6.3651145e-02   2.2822823e-02
   6.6811092e-02   2.4024024e-02
   6.9967725e-02   2.5225225e-02
   7.3120894e-02   2.6426426e-02
   7.6270445e-02   2.7627628e-02
   7.9416231e-02   2.8828829e-02
   8.2558102e-02   3.0030030e-02
   8.5695913e-02   3.1231231e-02
   8.8829518e-02   3.2432432e-02
   9.1958772e-02   3.3633634e-02
   9.5083536e-02   3.4834835e-02
   9.8203666e-02   3.6036036e-02
   1.0131903e-01   3.7237237e-02
   1.0442948e-01   3.8438438e-02
   1.0753489e-01   3.9639640e-02
   1.1063512e-01   4.0840841e-02
   1.1373005e-01   4.2042042e-02
   1.1681953e-01   4.3243243e-02
   1.1990345e-01   4.4444444e-02
   1.2298168e-01   4.5645646e-02
   1.2605410e-01   4.6846847e-02
   1.2912058e-01   4.8048048e-02
   1.3218100e-01   4.9249249e-02
   1.3523524e-01   5.0450450e-02
   1.3828320e-01   5.1651652e-02
   1.4132475e-01   5.2852853e-02
   1.4435979e-01   5.4054054e-02
   1.4738820e-01   5.5255255e-02
   1.5040988e-01   5.6456456e-02
   1.5342473e-01   5.7657658e-02
   1.5643263e-01   5.8858859e-02
   1.5943350e-01   6.0060060e-02
   1.6242722e-01   6.1261261e-02
   1.6541372e-01   6.2462462e-02
   1.6839289e-01   6.3663664e-02
   1.7136463e-01   6.4864865e-02
   1.7432887e-01   6.6066066e-02
   1.7728552e-01   6.7267267e-02
   1.8023448e-01   6.8468468e-02
   1.8317569e-01   6.9669670e-02
   1.8610905e-01   7.0870871e-02
   1.8903449e-01   7.2072072e-02
   1.9195194e-01   7.3273273e-02
   1.9486132e-01   7.4474474e-02
   1.9776256e-01   7.5675676e-02
   2.0065559e-01   7.6876877e-02
   2.0354035e-01   7.8078078e-02
   2.0641677e-01   7.9279279e-02
   2.0928478e-01   8.0480480e-02
   2.1214434e-01   8.1681682e-02
   2.1499538e-01   8.2882883e-02
   2.1783785e-01   8.4084084e-02
   2.2067170e-01   8.5285285e-02
   2.2349686e-01   8.6486486e-02
   2.2631331e-01   8.7687688e-02
   2.2912098e-01   8.8888889e-02
   2.3191983e-01   9.0090090e-02
   2.3470983e-01   9.1291291e-02
   2.3749092e-01   9.2492492e-02
   2.4026308e-01   9.3693694e-02
   2.4302627e-01   9.4894895e-02
   2.4578045e-01   9.6096096e-02
   2.4852560e-01   9.7297297e-02
   2.5126167e-01   9.8498498e-02
   2.5398865e-01   9.9699700e-02
   2.5670650e-01   1.0090090e-01
   2.5941520e-01   1.0210210e-01
   2.6211474e-01   1.0330330e-01
   2.6480508e-01   1.0450450e-01
   2.6748622e-01   1.0570571e-01
   2.7015812e-01   1.0690691e-01
   2.7282079e-01   1.0810811e-01
   2.7547420e-01   1.0930931e-01
   2.7811835e-01   1.1051051e-01
   2.8075321e-01   1.1171171e-01
   2.8337879e-01   1.1291291e-01
   2.8599508e-01   1.1411411e-01
   2.8860207e-01   1.1531532e-01
   2.9119976e-01   1.1651652e-01
   2.9378814e-01   1.1771772e-01
   2.9636722e-01   1.1891892e-01
   2.9893700e-01   1.2012012e-01
   3.0149747e-01   1.2132132e-01
   3.0404865e-01   1.2252252e-01
   3.0659053e-01   1.2372372e-01
   3.0912312e-01   1.2492492e-01
   3.1164644e-01   1.2612613e-01
   3.1416048e-01   1.2732733e-01
   3.1666526e-01   1.2852853e-01
   3.1916079e-01   1.2972973e-01
   3.2164708e-01   1.3093093e-01
   3.2412415e-01   1.3213213e-01
   3.2659201e-01   1.3333333e-01
   3.2905068e-01   1.3453453e-01
   3.3150016e-01   1.3573574e-01
   3.3394049e-01   1.3693694e-01
   3.3637167e-01   1.3813814e-01
   3.3879374e-01   1.3933934e-01
   3.4120670e-01   1.4054054e-01
   3.4361058e-01   1.4174174e-01
   3.4600541e-01   1.4294294e-01
   3.4839120e-01   1.4414414e-01
   3.5076798e-01   1.4534535e-01
   3.5313577e-01   1.4654655e-01
   3.5549460e-01   1.4774775e-01
   3.5784450e-01   1.4894895e-01
   3.6018549e-01   1.5015015e-01
   3.6251760e-01   1.5135135e-01
   3.6484086e-01   1.5255255e-01
   3.6715530e-01   1.5375375e-01
   3.6946094e-01   1.5495495e-01
   3.7175782e-01   1.5615616e-01
   3.7404596e-01   1.5735736e-01
   3.7632540e-01   1.5855856e-01
   3.7859617e-01   1.5975976e-01
   3.8085830e-01   1.6096096e-01
   3.8311182e-01   1.6216216e-01
   3.8535677e-01   1.6336336e-01
   3.8759318e-01   1.6456456e-01
   3.8982108e-01   1.6576577e-01
   3.9204050e-01   1.6696697e-01
   3.9425148e-01   1.6816817e-01
   3.9645406e-01   1.6936937e-01
   3.9864827e-01   1.7057057e-01
   4.0083414e-01   1.7177177e-01
   4.0301171e-01   1.7297297e-01
   4.0518101e-01   1.7417417e-01
   4.0734209e-01   1.7537538e-01
   4.0949497e-01   1.7657658e-01
   4.1163969e-01   1.7777778e-01
   4.1377629e-01   1.7897898e-01
   4.1590481e-01   1.8018018e-01
   4.1802528e-01   1.8138138e-01
   4.2013773e-01   1.8258258e-01
   4.2224221e-01   1.8378378e-01
   4.2433875e-01   1.8498498e-01
   4.2642739e-01   1.8618619e-01
   4.2850817e-01   1.8738739e-01
   4.3058112e-01   1.8858859e-01
   4.3264627e-01   1.8978979e-01
   4.3470368e-01   1.9099099e-01
   4.3675336e-01   1.9219219e-01
   4.3879537e-01   1.9339339e-01
   4.4082973e-01   1.9459459e-01
   4.4285649e-01   1.9579580e-01
   4.4487568e-01   1.9699700e-01
   4.4688733e-01   1.9819820e-01
   4.4889149e-01   1.9939940e-01
   4.5088819e-01   2.0060060e-01
   4.5287747e-01   2.0180180e-01
   4.5485937e-01   2.0300300e-01
   4.5683392e-01   2.0420420e-01
   4.5880115e-01   2.0540541e-01
   4.6076111e-01   2.0660661e-01
   4.6271383e-01   2.0780781e-01
   4.6465934e-01   2.0900901e-01
   4.6659769e-01   2.1021021e-01
   4.6852890e-01   2.1141141e-01
   4.7045302e-01   2.1261261e-01
   4.7237008e-01   2.1381381e-01
   4.7428011e-01   2.1501502e-01
   4.7618316e-01   2.1621622e-01
   4.7807924e-01   2.1741742e-01
   4.7996841e-01   2.1861862e-01
   4.8185069e-01   2.1981982e-01
   4.8372612e-01   2.2102102e-01
   4.8559474e-01   2.2222222e-01
   4.8745657e-01   2.2342342e-01
   4.8931166e-01   2.2462462e-01
   4.9116003e-01   2.2582583e-01
   4.9300172e-01   2.2702703e-01
   4.9483676e-01   2.2822823e-01
   4.9666519e-01   2.2942943e-01
   4.9848704e-01   2.3063063e-01
   5.0030234e-01   2.3183183e-01
   5.0211112e-01   2.3303303e-01
   5.0391343e-01   2.3423423e-01
   5.0570928e-01   2.3543544e-01
   5.0749871e-01   2.3663664e-01
   5.0928176e-01   2.3783784e-01
   5.1105845e-01   2.3903904e-01
   5.1282882e-01   2.4024024e-01
   5.1459290e-01   2.4144144e-01
   5.1635071e-01   2.4264264e-01
   5.1810230e-01   2.4384384e-01
   5.1984769e-01   2.4504505e-01
   5.2158691e-01   2.4624625e-01
   5.2331998e-01   2.4744745e-01
   5.2504695e-01   2.4864865e-01
   5.2676784e-01   2.4984985e-01
   5.2848269e-01   2.5105105e-01
   5.3019151e-01   2.5225225e-01
   5.3189434e-01   2.5345345e-01
   5.3359120e-01   2.5465465e-01
   5.3528214e-01   2.5585586e-01
   5.3696717e-01   2.5705706e-01
   5.3864632e-01   2.5825826e-01
   5.4031962e-01   2.5945946e-01
   5.4198711e-01   2.6066066e-01
   5.4364880e-01   2.6186186e-01
   5.4530472e-01   2.6306306e-01
   5.4695491e-01   2.6426426e-01
   5.4859938e-01   2.6546547e-01
   5.5023818e-01   2.6666667e-01
   5.5187131e-01   2.6786787e-01
   5.5349881e-01   2.6906907e-01
   5.5512071e-01   2.7027027e-01
   5.5673703e-01   2.7147147e-01
   5.5834779e-01   2.7267267e-01
   5.5995303e-01   2.7387387e-01
   5.6155276e-01   2.7507508e-01
   5.6314702e-01   2.7627628e-01
   5.6473583e-01   2.7747748e-01
   5.6631921e-01   2.7867868e-01
   5.6789719e-01   2.7987988e-01
   5.6946979e-01   2.8108108e-01
   5.7103703e-01   2.8228228e-01
   5.7259895e-01   2.8348348e-01
   5.7415556e-01   2.8468468e-01
   5.7570689e-01   2.8588589e-01
   5.7725296e-01   2.8708709e-01
   5.7879379e-01   2.8828829e-01
   5.8032941e-01   2.8948949e-01
   5.8185985e-01   2.9069069e-01
   5.8338511e-01   2.9189189e-01
   5.8490524e-01   2.9309309e-01
   5.8642024e-01   2.9429429e-01
   5.8793014e-01   2.9549550e-01
   5.8943497e-01   2.9669670e-01
   5.9093474e-01   2.9789790e-01
   5.9242948e-01   2.9909910e-01
   5.9391920e-01   3.0030030e-01
   5.9540394e-01   3.0150150e-01
   5.9688370e-01   3.0270270e-01
   5.9835852e-01   3.0390390e-01
   5.9982841e-01   3.0510511e-01
   6.0129339e-01   3.0630631e-01
   6.0275349e-01   3.0750751e-01
   6.0420872e-01   3.0870871e-01
   6.0565910e-01   3.0990991e-01
   6.0710466e-01   3.1111111e-01
   6.0854541e-01   3.1231231e-01
   6.0998138e-01   3.1351351e-01
   6.1141258e-01   3.1471471e-01
   6.1283903e-01   3.1591592e-01
   6.1426075e-01   3.1711712e-01
   6.1567777e-01   3.1831832e-01
   6.1709009e-01   3.1951952e-01
   6.1849774e-01   3.2072072e-01
   6.1990075e-01   3.2192192e-01
   6.2129911e-01   3.2312312e-01
   6.2269286e-01   3.2432432e-01
   6.2408201e-01   3.2552553e-01
   6.2546659e-01   3.2672673e-01
   6.2684660e-01   3.2792793e-01
   6.2822206e-01   3.2912913e-01
   6.2959300e-01   3.3033033e-01
   6.3095943e-01   3.3153153e-01
   6.3232137e-01   3.3273273e-01
   6.3367884e-01   3.3393393e-01
   6.3503184e-01   3.3513514e-01
   6.3638041e-01   3.3633634e-01
   6.3772455e-01   3.3753754e-01
   6.3906428e-01   3.3873874e-01
   6.4039963e-01   3.3993994e-01
   6.4173060e-01   3.4114114e-01
   6.4305721e-01   3.4234234e-01
   6.4437947e-01   3.4354354e-01
   6.4569742e-01   3.4474474e-01
   6.4701105e-01   3.4594595e-01
   6.4832038e-01   3.4714715e-01
   6.4962544e-01   3.4834835e-01
   6.5092623e-01   3.4954955e-01
   6.5222278e-01   3.5075075e-01
   6.5351509e-01   3.5195195e-01
   6.5480318e-01   3.5315315e-01
   6.5608708e-01   3.5435435e-01
   6.5736678e-01   3.5555556e-01
   6.5864231e-01   3.5675676e-01
   6.5991368e-01   3.5795796e-01
   6.6118090e-01   3.5915916e-01
   6.6244400e-01   3.6036036e-01
   6.6370298e-01   3.6156156e-01
   6.6495786e-01   3.6276276e-01
   6.6620865e-01   3.6396396e-01
   6.6745536e-01   3.6516517e-01
   6.6869802e-01   3.6636637e-01
   6.6993663e-01   3.6756757e-01
   6.7117121e-01   3.6876877e-01
   6.7240177e-01   3.6996997e-01
   6.7362833e-01   3.7117117e-01
   6.7485089e-01   3.7237237e-01
   6.7606947e-01   3.7357357e-01
   6.7728409e-01   3.7477477e-01
   6.7849476e-01   3.7597598e-01
   6.7970148e-01   3.7717718e-01
   6.8090428e-01   3.7837838e-01
   6.8210316e-01   3.7957958e-01
   6.8329814e-01   3.8078078e-01
   6.8448924e-01   3.8198198e-01
   6.8567645e-01   3.8318318e-01
   6.8685980e-01   3.8438438e-01
   6.8803930e-01   3.8558559e-01
   6.8921496e-01   3.8678679e-01
   6.9038679e-01   3.8798799e-01
   6.9155481e-01   3.8918919e-01
   6.9271902e-01   3.9039039e-01
   6.9387943e-01   3.9159159e-01
   6.9503607e-01   3.9279279e-01
   6.9618894e-01   3.9399399e-01
   6.9733805e-01   3.9519520e-01
   6.9848342e-01   3.9639640e-01
   6.9962505e-01   3.9759760e-01
   7.0076296e-01   3.9879880e-01
   7.0189715e-01   4.0000000e-01
   7.0302765e-01   4.0120120e-01
   7.0415446e-01   4.0240240e-01
   7.0527758e-01   4.0360360e-01
   7.0639704e-01   4.0480480e-01
   7.0751285e-01   4.0600601e-01
   7.0862500e-01   4.0720721e-01
   7.0973352e-01   4.0840841e-01
   7.1083842e-01   4.0960961e-01
   7.1193970e-01   4.1081081e-01
   7.1303738e-01   4.1201201e-01
   7.1413147e-01   4.1321321e-01
   7.1522197e-01   4.1441441e-01
   7.1630891e-01   4.1561562e-01
   7.1739228e-01   4.1681682e-01
   7.1847209e-01   4.1801802e-01
   7.1954837e-01   4.1921922e-01
   7.2062112e-01   4.2042042e-01
   7.2169034e-01   4.2162162e-01
   7.2275605e-01   4.2282282e-01
   7.2381826e-01   4.2402402e-01
   7.2487698e-01   4.2522523e-01
   7.2593222e-01   4.2642643e-01
   7.2698398e-01   4.2762763e-01
   7.2803228e-01   4.2882883e-01
   7.2907713e-01   4.3003003e-01
   7.3011854e-01   4.3123123e-01
   7.3115651e-01   4.3243243e-01
   7.3219106e-01   4.3363363e-01
   7.3322219e-01   4.3483483e-01
   7.3424992e-01   4.3603604e-01
   7.3527425e-01   4.3723724e-01
   7.3629519e-01   4.3843844e-01
   7.3731276e-01   4.3963964e-01
   7.3832696e-01   4.4084084e-01
   7.3933780e-01   4.4204204e-01
   7.4034528e-01   4.4324324e-01
   7.4134943e-01   4.4444444e-01
   7.4235025e-01   4.4564565e-01
   7.4334774e-01   4.4684685e-01
   7.4434192e-01   4.4804805e-01
   7.4533280e-01   4.4924925e-01
   7.4632037e-01   4.5045045e-01
   7.4730466e-01   4.5165165e-01
   7.4828568e-01   4.5285285e-01
   7.4926342e-01   4.5405405e-01
   7.5023790e-01   4.5525526e-01
   7.5120913e-01   4.5645646e-01
   7.5217712e-01   4.5765766e-01
   7.5314187e-01   4.5885886e-01
   7.5410339e-01   4.6006006e-01
   7.5506170e-01   4.6126126e-01
   7.5601680e-01   4.6246246e-01
   7.5696869e-01   4.6366366e-01
   7.5791740e-01   4.6486486e-01
   7.5886292e-01   4.6606607e-01
   7.5980526e-01   4.6726727e-01
   7.6074444e-01   4.6846847e-01
   7.6168046e-01   4.6966967e-01
   7.6261333e-01   4.7087087e-01
   7.6354306e-01   4.7207207e-01
   7.6446965e-01   4.7327327e-01
   7.6539312e-01   4.7447447e-01
   7.6631347e-01   4.7567568e-01
   7.6723071e-01   4.7687688e-01
   7.6814486e-01   4.7807808e-01
   7.6905591e-01   4.7927928e-01
   7.6996387e-01   4.8048048e-01
   7.7086876e-01   4.8168168e-01
   7.7177058e-01   4.8288288e-01
   7.7266935e-01   4.8408408e-01
   7.7356506e-01   4.8528529e-01
   7.7445772e-01   4.8648649e-01
   7.7534735e-01   4.8768769e-01
   7.7623396e-01   4.8888889e-01
   7.7711754e-01   4.9009009e-01
   7.7799811e-01   4.9129129e-01
   7.7887568e-01   4.9249249e-01
   7.7975025e-01   4.9369369e-01
   7.8062184e-01   4.9489489e-01
   7.8149045e-01   4.9609610e-01
   7.8235608e-01   4.9729730e-01
   7.8321875e-01   4.9849850e-01
   7.8407847e-01   4.9969970e-01
   7.8493523e-01   5.0090090e-01
   7.8578906e-01   5.0210210e-01
   7.8663995e-01   5.0330330e-01
   7.8748792e-01   5.0450450e-01
   7.8833297e-01   5.0570571e-01
   7.8917512e-01   5.0690691e-01
   7.9001436e-01   5.0810811e-01
   7.9085071e-01   5.0930931e-01
   7.9168418e-01   5.1051051e-01
   7.9251476e-01   5.1171171e-01
   7.9334248e-01   5.1291291e-01
   7.9416734e-01   5.1411411e-01
   7.9498934e-01   5.1531532e-01
   7.9580849e-01   5.1651652e-01
   7.9662481e-01   5.1771772e-01
   7.9743829e-01   5.1891892e-01
   7.9824896e-01   5.2012012e-01
   7.9905680e-01   5.2132132e-01
   7.9986184e-01   5.2252252e-01
   8.0066408e-01   5.2372372e-01
   8.0146353e-01   5.2492492e-01
   8.0226019e-01   5.2612613e-01
   8.0305407e-01   5.2732733e-01
   8.0384519e-01   5.2852853e-01
   8.0463354e-01   5.2972973e-01
   8.0541914e-01   5.3093093e-01
   8.0620199e-01   5.3213213e-01
   8.0698211e-01   5.3333333e-01
   8.0775949e-01   5.3453453e-01
   8.0853415e-01   5.3573574e-01
   8.0930610e-01   5.3693694e-01
   8.1007533e-01   5.3813814e-01
   8.1084187e-01   5.3933934e-01
   8.1160571e-01   5.4054054e-01
   8.1236687e-01   5.4174174e-01
   8.1312535e-01   5.4294294e-01
   8.1388117e-01   5.4414414e-01
   8.1463431e-01   5.4534535e-01
   8.1538481e-01   5.4654655e-01
   8.1613266e-01   5.4774775e-01
   8.1687786e-01   5.4894895e-01
   8.1762044e-01   5.5015015e-01
   8.1836039e-01   5.5135135e-01
   8.1909773e-01   5.5255255e-01
   8.1983245e-01   5.5375375e-01
   8.2056458e-01   5.5495495e-01
   8.2129411e-01   5.5615616e-01
   8.2202105e-01   5.5735736e-01
   8.2274542e-01   5.5855856e-01
   8.2346721e-01   5.5975976e-01
   8.2418644e-01   5.6096096e-01
   8.2490312e-01   5.6216216e-01
   8.2561724e-01   5.6336336e-01
   8.2632883e-01   5.6456456e-01
   8.2703788e-01   5.6576577e-01
   8.2774441e-01   5.6696697e-01
   8.2844842e-01   5.6816817e-01
   8.2914991e-01   5.6936937e-01
   8.2984891e-01   5.7057057e-01
   8.3054541e-01   5.7177177e-01
   8.3123942e-01   5.7297297e-01
   8.3193095e-01   5.7417417e-01
   8.3262000e-01   5.7537538e-01
   8.3330660e-01   5.7657658e-01
   8.3399073e-01   5.7777778e-01
   8.3467241e-01   5.7897898e-01
   8.3535165e-01   5.8018018e-01
   8.3602846e-01   5.8138138e-01
   8.3670284e-01   5.8258258e-01
   8.3737479e-01   5.8378378e-01
   8.3804434e-01   5.8498498e-01
   8.3871148e-01   5.8618619e-01
   8.3937622e-01   5.8738739e-01
   8.4003857e-01   5.8858859e-01
   8.4069854e-01   5.8978979e-01
   8.4135613e-01   5.9099099e-01
   8.4201136e-01   5.9219219e-01
   8.4266422e-01   5.9339339e-01
   8.4331473e-01   5.9459459e-01
   8.4396290e-01   5.9579580e-01
   8.4460873e-01   5.9699700e-01
   8.4525223e-01   5.9819820e-01
   8.4589340e-01   5.9939940e-01
   8.4653226e-01   6.0060060e-01
   8.4716881e-01   6.0180180e-01
   8.4780306e-01   6.0300300e-01
   8.4843502e-01   6.0420420e-01
   8.4906469e-01   6.0540541e-01
   8.4969209e-01   6.0660661e-01
   8.5031721e-01   6.0780781e-01
   8.5094007e-01   6.0900901e-01
   8.5156067e-01   6.1021021e-01
   8.5217903e-01   6.1141141e-01
   8.5279514e-01   6.1261261e-01
   8.5340902e-01   6.1381381e-01
   8.5402067e-01   6.1501502e-01
   8.5463011e-01   6.1621622e-01
   8.5523733e-01   6.1741742e-01
   8.5584235e-01   6.1861862e-01
   8.5644517e-01   6.1981982e-01
   8.5704580e-01   6.2102102e-01
   8.5764426e-01   6.2222222e-01
   8.5824053e-01   6.2342342e-01
   8.5883464e-01   6.2462462e-01
   8.5942659e-01   6.2582583e-01
   8.6001638e-01   6.2702703e-01
   8.6060403e-01   6.2822823e-01
   8.6118955e-01   6.2942943e-01
   8.6177293e-01   6.3063063e-01
   8.6235419e-01   6.3183183e-01
   8.6293333e-01   6.3303303e-01
   8.6351036e-01   6.3423423e-01
   8.6408530e-01   6.3543544e-01
   8.6465814e-01   6.3663664e-01
   8.6522889e-01   6.3783784e-01
   8.6579756e-01   6.3903904e-01
   8.6636416e-01   6.4024024e-01
   8.6692869e-01   6.4144144e-01
   8.6749117e-01   6.4264264e-01
   8.6805160e-01   6.4384384e-01
   8.6860998e-01   6.4504505e-01
   8.6916632e-01   6.4624625e-01
   8.6972064e-01   6.4744745e-01
   8.7027294e-01   6.4864865e-01
   8.7082322e-01   6.4984985e-01
   8.7137149e-01   6.5105105e-01
   8.7191777e-01   6.5225225e-01
   8.7246205e-01   6.5345345e-01
   8.7300435e-01   6.5465465e-01
   8.7354466e-01   6.5585586e-01
   8.7408301e-01   6.5705706e-01
   8.7461939e-01   6.5825826e-01
   8.7515381e-01   6.5945946e-01
   8.7568629e-01   6.6066066e-01
   8.7621682e-01   6.6186186e-01
   8.7674541e-01   6.6306306e-01
   8.7727208e-01   6.6426426e-01
   8.7779683e-01   6.6546547e-01
   8.7831966e-01   6.6666667e-01
   8.7884058e-01   6.6786787e-01
   8.7935960e-01   6.6906907e-01
   8.7987673e-01   6.7027027e-01
   8.8039197e-01   6.7147147e-01
   8.8090533e-01   6.7267267e-01
   8.8141682e-01   6.7387387e-01
   8.8192645e-01   6.7507508e-01
   8.8243421e-01   6.7627628e-01
   8.8294013e-01   6.7747748e-01
   8.8344420e-01   6.7867868e-01
   8.8394643e-01   6.7987988e-01
   8.8444683e-01   6.8108108e-01
   8.8494541e-01   6.8228228e-01
   8.8544217e-01   6.8348348e-01
   8.8593712e-01   6.8468468e-01
   8.8643027e-01   6.8588589e-01
   8.8692162e-01   6.8708709e-01
   8.8741119e-01   6.8828829e-01
   8.8789897e-01   6.8948949e-01
   8.8838497e-01   6.9069069e-01
   8.8886921e-01   6.9189189e-01
   8.8935168e-01   6.9309309e-01
   8.8983240e-01   6.9429429e-01
   8.9031137e-01   6.9549550e-01
   8.9078860e-01   6.9669670e-01
   8.9126409e-01   6.9789790e-01
   8.9173786e-01   6.9909910e-01
   8.9220990e-01   7.0030030e-01
   8.9268023e-01   7.0150150e-01
   8.9314885e-01   7.0270270e-01
   8.9361577e-01   7.0390390e-01
   8.9408100e-01   7.0510511e-01
   8.9454454e-01   7.0630631e-01
   8.9500639e-01   7.0750751e-01
   8.9546657e-01   7.0870871e-01
   8.9592509e-01   7.0990991e-01
   8.9638194e-01   7.1111111e-01
   8.9683714e-01   7.1231231e-01
   8.9729069e-01   7.1351351e-01
   8.9774260e-01   7.1471471e-01
   8.9819287e-01   7.1591592e-01
   8.9864151e-01   7.1711712e-01
   8.9908854e-01   7.1831832e-01
   8.9953394e-01   7.1951952e-01
   8.9997774e-01   7.2072072e-01
   9.0041994e-01   7.2192192e-01
   9.0086053e-01   7.2312312e-01
   9.0129954e-01   7.2432432e-01
   9.0173697e-01   7.2552553e-01
   9.0217282e-01   7.2672673e-01
   9.0260710e-01   7.2792793e-01
   9.0303981e-01   7.2912913e-01
   9.0347097e-01   7.3033033e-01
   9.0390058e-01   7.3153153e-01
   9.0432864e-01   7.3273273e-01
   9.0475516e-01   7.3393393e-01
   9.0518015e-01   7.3513514e-01
   9.0560362e-01   7.3633634e-01
   9.0602556e-01   7.3753754e-01
   9.0644599e-01   7.3873874e-01
   9.0686492e-01   7.3993994e-01
   9.0728234e-01   7.4114114e-01
   9.0769827e-01   7.4234234e-01
   9.0811271e-01   7.4354354e-01
   9.0852567e-01   7.4474474e-01
   9.0893715e-01   7.4594595e-01
   9.0934716e-01   7.4714715e-01
   9.0975570e-01   7.4834835e-01
   9.1016279e-01   7.4954955e-01
   9.1056843e-01   7.5075075e-01
   9.1097262e-01   7.5195195e-01
   9.1137538e-01   7.5315315e-01
   9.1177669e-01   7.5435435e-01
   9.1217659e-01   7.5555556e-01
   9.1257506e-01   7.5675676e-01
   9.1297211e-01   7.5795796e-01
   9.1336776e-01   7.5915916e-01
   9.1376200e-01   7.6036036e-01
   9.1415484e-01   7.6156156e-01
   9.1454629e-01   7.6276276e-01
   9.1493636e-01   7.6396396e-01
   9.1532505e-01   7.6516517e-01
   9.1571236e-01   7.6636637e-01
   9.1609830e-01   7.6756757e-01
   9.1648289e-01   7.6876877e-01
   9.1686611e-01   7.6996997e-01
   9.1724799e-01   7.7117117e-01
   9.1762852e-01   7.7237237e-01
   9.1800771e-01   7.7357357e-01
   9.1838557e-01   7.7477477e-01
   9.1876210e-01   7.7597598e-01
   9.1913731e-01   7.7717718e-01
   9.1951120e-01   7.7837838e-01
   9.1988378e-01   7.7957958e-01
   9.2025506e-01   7.8078078e-01
   9.2062504e-01   7.8198198e-01
   9.2099372e-01   7.8318318e-01
   9.2136112e-01   7.8438438e-01
   9.2172724e-01   7.8558559e-01
   9.2209207e-01   7.8678679e-01
   9.2245564e-01   7.8798799e-01
   9.2281794e-01   7.8918919e-01
   9.2317899e-01   7.9039039e-01
   9.2353877e-01   7.9159159e-01
   9.2389731e-01   7.9279279e-01
   9.2425461e-01   7.9399399e-01
   9.2461066e-01   7.9519520e-01
   9.2496549e-01   7.9639640e-01
   9.2531908e-01   7.9759760e-01
   9.2567146e-01   7.9879880e-01
   9.2602262e-01   8.0000000e-01
   9.2637256e-01   8.0120120e-01
   9.2672131e-01   8.0240240e-01
   9.2706885e-01   8.0360360e-01
   9.2741520e-01   8.0480480e-01
   9.2776035e-01   8.0600601e-01
   9.2810432e-01   8.0720721e-01
   9.2844712e-01   8.0840841e-01
   9.2878874e-01   8.0960961e-01
   9.2912919e-01   8.1081081e-01
   9.2946847e-01   8.1201201e-01
   9.2980660e-01   8.1321321e-01
   9.3014358e-01   8.1441441e-01
   9.3047941e-01   8.1561562e-01
   9.3081409e-01   8.1681682e-01
   9.3114764e-01   8.1801802e-01
   9.3148005e-01   8.1921922e-01
   9.3181134e-01   8.2042042e-01
   9.3214150e-01   8.2162162e-01
   9.3247055e-01   8.2282282e-01
   9.3279848e-01   8.2402402e-01
   9.3312531e-01   8.2522523e-01
   9.3345104e-01   8.2642643e-01
   9.3377566e-01   8.2762763e-01
   9.3409920e-01   8.2882883e-01
   9.3442164e-01   8.3003003e-01
   9.3474301e-01   8.3123123e-01
   9.3506329e-01   8.3243243e-01
   9.3538251e-01   8.3363363e-01
   9.3570065e-01   8.3483483e-01
   9.3601774e-01   8.3603604e-01
   9.3633376e-01   8.3723724e-01
   9.3664873e-01   8.3843844e-01
   9.3696265e-01   8.3963964e-01
   9.3727553e-01   8.4084084e-01
   9.3758737e-01   8.4204204e-01
   9.3789817e-01   8.4324324e-01
   9.3820795e-01   8.4444444e-01
   9.3851670e-01   8.4564565e-01
   9.3882442e-01   8.4684685e-01
   9.3913114e-01   8.4804805e-01
   9.3943684e-01   8.4924925e-01
   9.3974154e-01   8.5045045e-01
   9.4004523e-01   8.5165165e-01
   9.4034793e-01   8.5285285e-01
   9.4064963e-01   8.5405405e-01
   9.4095035e-01   8.5525526e-01
   9.4125008e-01   8.5645646e-01
   9.4154883e-01   8.5765766e-01
   9.4184661e-01   8.5885886e-01
   9.4214342e-01   8.6006006e-01
   9.4243927e-01   8.6126126e-01
   9.4273415e-01   8.6246246e-01
   9.4302807e-01   8.6366366e-01
   9.4332105e-01   8.6486486e-01
   9.4361307e-01   8.6606607e-01
   9.4390415e-01   8.6726727e-01
   9.4419430e-01   8.6846847e-01
   9.4448351e-01   8.6966967e-01
   9.4477178e-01   8.7087087e-01
   9.4505914e-01   8.7207207e-01
   9.4534557e-01   8.7327327e-01
   9.4563108e-01   8.7447447e-01
   9.4591568e-01   8.7567568e-01
   9.4619937e-01   8.7687688e-01
   9.4648215e-01   8.7807808e-01
   9.4676404e-01   8.7927928e-01
   9.4704503e-01   8.8048048e-01
   9.4732512e-01   8.8168168e-01
   9.4760433e-01   8.8288288e-01
   9.4788266e-01   8.8408408e-01
   9.4816010e-01   8.8528529e-01
   9.4843667e-01   8.8648649e-01
   9.4871237e-01   8.8768769e-01
   9.4898720e-01   8.8888889e-01
   9.4926116e-01   8.9009009e-01
   9.4953427e-01   8.9129129e-01
   9.4980652e-01   8.9249249e-01
   9.5007792e-01   8.9369369e-01
   9.5034847e-01   8.9489489e-01
   9.5061818e-01   8.9609610e-01
   9.5088705e-01   8.9729730e-01
   9.5115508e-01   8.9849850e-01
   9.5142228e-01   8.9969970e-01
   9.5168866e-01   9.0090090e-01
   9.5195421e-01   9.0210210e-01
   9.5221894e-01   9.0330330e-01
   9.5248285e-01   9.0450450e-01
   9.5274595e-01   9.0570571e-01
   9.5300825e-01   9.0690691e-01
   9.5326974e-01   9.0810811e-01
   9.5353042e-01   9.0930931e-01
   9.5379031e-01   9.1051051e-01
   9.5404941e-01   9.1171171e-01
   9.5430772e-01   9.1291291e-01
   9.5456524e-01   9.1411411e-01
   9.5482198e-01   9.1531532e-01
   9.5507794e-01   9.1651652e-01
   9.5533312e-01   9.1771772e-01
   9.5558753e-01   9.1891892e-01
   9.5584118e-01   9.2012012e-01
   9.5609406e-01   9.2132132e-01
   9.5634618e-01   9.2252252e-01
   9.5659755e-01   9.2372372e-01
   9.5684816e-01   9.2492492e-01
   9.5709802e-01   9.2612613e-01
   9.5734714e-01   9.2732733e-01
   9.5759551e-01   9.2852853e-01
   9.5784314e-01   9.2972973e-01
   9.5809004e-01   9.3093093e-01
   9.5833621e-01   9.3213213e-01
   9.5858165e-01   9.3333333e-01
   9.5882636e-01   9.3453453e-01
   9.5907035e-01   9.3573574e-01
   9.5931362e-01   9.3693694e-01
   9.5955618e-01   9.3813814e-01
   9.5979802e-01   9.3933934e-01
   9.6003916e-01   9.4054054e-01
   9.6027959e-01   9.4174174e-01
   9.6051932e-01   9.4294294e-01
   9.6075835e-01   9.4414414e-01
   9.6099669e-01   9.4534535e-01
   9.6123433e-01   9.4654655e-01
   9.6147129e-01   9.4774775e-01
   9.6170756e-01   9.4894895e-01
   9.6194315e-01   9.5015015e-01
   9.6217806e-01   9.5135135e-01
   9.6241230e-01   9.5255255e-01
   9.6264586e-01   9.5375375e-01
   9.6287876e-01   9.5495495e-01
   9.6311098e-01   9.5615616e-01
   9.6334255e-01   9.5735736e-01
   9.6357346e-01   9.5855856e-01
   9.6380371e-01   9.5975976e-01
   9.6403330e-01   9.6096096e-01
   9.6426225e-01   9.6216216e-01
   9.6449055e-01   9.6336336e-01
   9.6471820e-01   9.6456456e-01
   9.6494521e-01   9.6576577e-01
   9.6517159e-01   9.6696697e-01
   9.6539733e-01   9.6816817e-01
   9.6562244e-01   9.6936937e-01
   9.6584692e-01   9.7057057e-01
   9.6607077e-01   9.7177177e-01
   9.6629400e-01   9.7297297e-01
   9.6651661e-01   9.7417417e-01
   9.6673860e-01   9.7537538e-01
   9.6695998e-01   9.7657658e-01
   9.6718075e-01   9.7777778e-01
   9.6740091e-01   9.7897898e-01
   9.6762046e-01   9.8018018e-01
   9.6783941e-01   9.8138138e-01
   9.6805776e-01   9.8258258e-01
   9.6827551e-01   9.8378378e-01
   9.6849267e-01   9.8498498e-01
   9.6870924e-01   9.8618619e-01
   9.6892522e-01   9.8738739e-01
   9.6914061e-01   9.8858859e-01
   9.6935542e-01   9.8978979e-01
   9.6956965e-01   9.9099099e-01
   9.6978330e-01   9.9219219e-01
   9.6999638e-01   9.9339339e-01
   9.7020889e-01   9.9459459e-01
   9.7042082e-01   9.9579580e-01
   9.7063219e-01   9.9699700e-01
   9.7084300e-01   9.9819820e-01
   9.7105324e-01   9.9939940e-01
   9.7126293e-01   1.0006006e+00
   9.7147205e-01   1.0018018e+00
   9.7168063e-01   1.0030030e+00
   9.7188865e-01   1.0042042e+00
   9.7209613e-01   1.0054054e+00
   9.7230306e-01   1.0066066e+00
   9.7250945e-01   1.0078078e+00
   9.7271529e-01   1.0090090e+00
   9.7292060e-01   1.0102102e+00
   9.7312538e-01   1.0114114e+00
   9.7332962e-01   1.0126126e+00
   9.7353333e-01   1.0138138e+00
   9.7373651e-01   1.0150150e+00
   9.7393916e-01   1.0162162e+00
   9.7414130e-01   1.0174174e+00
   9.7434291e-01   1.0186186e+00
   9.7454400e-01   1.0198198e+00
   9.7474458e-01   1.0210210e+00
   9.7494465e-01   1.0222222e+00
   9.7514420e-01   1.0234234e+00
   9.7534325e-01   1.0246246e+00
   9.7554179e-01   1.0258258e+00
   9.7573982e-01   1.0270270e+00
   9.7593736e-01   1.0282282e+00
   9.7613439e-01   1.0294294e+00
   9.7633093e-01   1.0306306e+00
   9.7652698e-01   1.0318318e+00
   9.7672253e-01   1.0330330e+00
   9.7691759e-01   1.0342342e+00
   9.7711217e-01   1.0354354e+00
   9.7730626e-01   1.0366366e+00
   9.7749987e-01   1.0378378e+00
   9.7769299e-01   1.0390390e+00
   9.7788564e-01   1.0402402e+00
   9.7807781e-01   1.0414414e+00
   9.7826951e-01   1.0426426e+00
   9.7846074e-01   1.0438438e+00
   9.7865149e-01   1.0450450e+00
   9.7884178e-01   1.0462462e+00
   9.7903161e-01   1.0474474e+00
   9.7922097e-01   1.0486486e+00
   9.7940987e-01   1.0498498e+00
   9.7959831e-01   1.0510511e+00
   9.7978629e-01   1.0522523e+00
   9.7997382e-01   1.0534535e+00
   9.8016090e-01   1.0546547e+00
   9.8034752e-01   1.0558559e+00
   9.8053370e-01   1.0570571e+00
   9.8071944e-01   1.0582583e+00
   9.8090472e-01   1.0594595e+00
   9.8108957e-01   1.0606607e+00
   9.8127397e-01   1.0618619e+00
   9.8145794e-01   1.0630631e+00
   9.8164147e-01   1.0642643e+00
   9.8182457e-01   1.0654655e+00
   9.8200724e-01   1.0666667e+00
   9.8218947e-01   1.0678679e+00
   9.8237128e-01   1.0690691e+00
   9.8255266e-01   1.0702703e+00
   9.8273362e-01   1.0714715e+00
   9.8291415e-01   1.0726727e+00
   9.8309427e-01   1.0738739e+00
   9.8327396e-01   1.0750751e+00
   9.8345324e-01   1.0762763e+00
   9.8363211e-01   1.0774775e+00
   9.8381056e-01   1.0786787e+00
   9.8398860e-01   1.0798799e+00
   9.8416623e-01   1.0810811e+00
   9.8434346e-01   1.0822823e+00
   9.8452028e-01   1.0834835e+00
   9.8469669e-01   1.0846847e+00
   9.8487271e-01   1.0858859e+00
   9.8504833e-01   1.0870871e+00
   9.8522354e-01   1.0882883e+00
   9.8539836e-01   1.0894895e+00
   9.8557279e-01   1.0906907e+00
   9.8574683e-01   1.0918919e+00
   9.8592047e-01   1.0930931e+00
   9.8609372e-01   1.0942943e+00
   9.8626659e-01   1.0954955e+00
   9.8643907e-01   1.0966967e+00
   9.8661117e-01   1.0978979e+00
   9.8678289e-01   1.0990991e+00
   9.8695422e-01   1.1003003e+00
   9.8712518e-01   1.1015015e+00
   9.8729576e-01   1.1027027e+00
   9.8746596e-01   1.1039039e+00
   9.8763580e-01   1.1051051e+00
   9.8780525e-01   1.1063063e+00
   9.8797434e-01   1.1075075e+00
   9.8814306e-01   1.1087087e+00
   9.8831142e-01   1.1099099e+00
   9.8847940e-01   1.1111111e+00
   9.8864703e-01   1.1123123e+00
   9.8881429e-01   1.1135135e+00
   9.8898119e-01   1.1147147e+00
   9.8914774e-01   1.1159159e+00
   9.8931392e-01   1.1171171e+00
   9.8947975e-01   1.1183183e+00
   9.8964523e-01   1.1195195e+00
   9.8981035e-01   1.1207207e+00
   9.8997512e-01   1.1219219e+00
   9.9013954e-01   1.1231231e+00
   9.9030362e-01   1.1243243e+00
   9.9046734e-01   1.1255255e+00
   9.9063073e-01   1.1267267e+00
   9.9079377e-01   1.1279279e+00
   9.9095646e-01   1.1291291e+00
   9.9111882e-01   1.1303303e+00
   9.9128084e-01   1.1315315e+00
   9.9144252e-01   1.1327327e+00
   9.9160386e-01   1.1339339e+00
   9.9176487e-01   1.1351351e+00
   9.9192555e-01   1.1363363e+00
   9.9208590e-01   1.1375375e+00
   9.9224591e-01   1.1387387e+00
   9.9240560e-01   1.1399399e+00
   9.9256496e-01   1.1411411e+00
   9.9272399e-01   1.1423423e+00
   9.9288270e-01   1.1435435e+00
   9.9304108e-01   1.1447447e+00
   9.9319915e-01   1.1459459e+00
   9.9335689e-01   1.1471471e+00
   9.9351431e-01   1.1483483e+00
   9.9367142e-01   1.1495495e+00
   9.9382821e-01   1.1507508e+00
   9.9398469e-01   1.1519520e+00
   9.9414085e-01   1.1531532e+00
   9.9429670e-01   1.1543544e+00
   9.9445223e-01   1.1555556e+00
   9.9460746e-01   1.1567568e+00
   9.9476238e-01   1.1579580e+00
   9.9491700e-01   1.1591592e+00
   9.9507130e-01   1.1603604e+00
   9.9522531e-01   1.1615616e+00
   9.9537901e-01   1.1627628e+00
   9.9553241e-01   1.1639640e+00
   9.9568550e-01   1.1651652e+00
   9.9583830e-01   1.1663664e+00
   9.9599080e-01   1.1675676e+00
   9.9614300e-01   1.1687688e+00
   9.9629491e-01   1.1699700e+00
   9.9644652e-01   1.1711712e+00
   9.9659784e-01   1.1723724e+00
   9.9674887e-01   1.1735736e+00
   9.9689961e-01   1.1747748e+00
   9.9705006e-01   1.1759760e+00
   9.9720022e-01   1.1771772e+00
   9.9735009e-01   1.1783784e+00
   9.9749967e-01   1.1795796e+00
   9.9764898e-01   1.1807808e+00
   9.9779799e-01   1.1819820e+00
   9.9794673e-01   1.1831832e+00
   9.9809518e-01   1.1843844e+00
   9.9824336e-01   1.1855856e+00
   9.9839125e-01   1.1867868e+00
   9.9853887e-01   1.1879880e+00
   9.9868621e-01   1.1891892e+00
   9.9883327e-01   1.1903904e+00
   9.9898006e-01   1.1915916e+00
   9.9912658e-01   1.1927928e+00
   9.9927282e-01   1.1939940e+00
   9.9941880e-01   1.1951952e+00
   9.9956450e-01   1.1963964e+00
   9.9970993e-01   1.1975976e+00
   9.9985510e-01   1.1987988e+00
   1.0000000e+00   1.2000000e+00
