# Z 42 rho 10.2212 A(Z) 95.951
1 6.942 0.006428 4936 0 0 4942.95
1.5 6.541 0.01122 1918 0 0 1924.55
2 6.106 0.01584 953.5 0 0 959.622
2.52 5.666 0.02045 535.9 0 0 541.586
2.52 5.666 0.02045 1973 0 0 1978.69
2.572 5.622 0.0209 1855 0 0 1860.64
2.625 5.578 0.02135 1744 0 0 1749.6
2.625 5.578 0.02135 2427 0 0 2432.6
2.743 5.481 0.02236 2179 0 0 2184.5
2.865 5.381 0.02341 1956 0 0 1961.4
2.865 5.381 0.02341 2237 0 0 2242.4
3 5.275 0.02454 2006 0 0 2011.3
3.01 5.267 0.02462 1989 0 0 1994.29
4 4.556 0.0325 966 0 0 970.588
5 3.965 0.03982 541 0 0 545.005
5.02 3.954 0.03996 535.3 0 0 539.294
6 3.486 0.04654 333.6 0 0 337.133
7.03 3.089 0.05278 217.7 0 0 220.842
8 2.774 0.05805 153.7 0 0 156.532
9.04 2.484 0.0631 110 0 0 112.547
10 2.267 0.06716 83.42 0 0 85.7542
11.05 2.077 0.071 63.17 0 0 65.318
13.06 1.757 0.07748 39.69 0 0 41.5245
15 1.448 0.08373 27 0 0 28.5317
15.07 1.437 0.08398 26.65 0 0 28.171
17.08 1.153 0.09053 18.72 0 0 19.9635
19.09 1.005 0.09461 13.68 0 0 14.7796
20 0.9893 0.0951 12 0 0 13.0844
20 0.9893 0.0951 78.46 0 0 79.5444
20 0.9893 0.0951 78.46 0 0 79.5444
21.1 0.973 0.0955 76.12 0 0 77.1885
23.11 0.8879 0.09773 64.37 0 0 65.3556
25.12 0.7776 0.101 50.48 0 0 51.3586
27.13 0.6737 0.1044 38.78 0 0 39.5581
29.14 0.5883 0.1076 30.21 0 0 30.9059
30 0.5583 0.1087 27.43 0 0 28.097
31.15 0.5239 0.11 24.38 0 0 25.0139
33.16 0.4753 0.1119 20.35 0 0 20.9372
35.17 0.4366 0.1132 17.39 0 0 17.9398
37.18 0.4038 0.1143 15.06 0 0 15.5781
39.19 0.3746 0.1152 13.15 0 0 13.6398
40 0.3636 0.1156 12.46 0 0 12.9392
41.2 0.3478 0.1161 11.51 0 0 11.9739
43.21 0.323 0.1169 10.09 0 0 10.5299
45.22 0.3003 0.1176 8.883 0 0 9.3009
47.23 0.2796 0.1183 7.847 0 0 8.2449
49.24 0.261 0.1188 6.964 0 0 7.3438
50 0.2544 0.119 6.666 0 0 7.0394
51.25 0.2441 0.1193 6.211 0 0 6.5744
53.26 0.2289 0.1197 5.566 0 0 5.9146
55.27 0.2152 0.12 5.01 0 0 5.3452
57.28 0.2026 0.1202 4.526 0 0 4.8488
59.29 0.1912 0.1203 4.102 0 0 4.4135
60 0.1874 0.1204 3.966 0 0 4.2738
61.3 0.1807 0.1205 3.73 0 0 4.0312
63.31 0.171 0.1205 3.4 0 0 3.6915
65.32 0.1621 0.1206 3.108 0 0 3.3907
67.33 0.1539 0.1206 2.848 0 0 3.1225
69.34 0.1463 0.1205 2.616 0 0 2.8828
71.35 0.1393 0.1205 2.409 0 0 2.6688
73.36 0.1328 0.1204 2.222 0 0 2.4752
75.37 0.1267 0.1203 2.055 0 0 2.302
77.38 0.121 0.1202 1.903 0 0 2.1442
79.39 0.1158 0.12 1.767 0 0 2.0028
80 0.1142 0.12 1.728 0 0 1.9622
81.4 0.1108 0.1198 1.643 0 0 1.8736
83.41 0.1062 0.1196 1.53 0 0 1.7558
85.42 0.1019 0.1195 1.428 0 0 1.6494
87.43 0.09786 0.1192 1.334 0 0 1.55106
89.44 0.09405 0.119 1.248 0 0 1.46105
91.45 0.09046 0.1188 1.17 0 0 1.37926
93.46 0.08708 0.1185 1.098 0 0 1.30358
95.47 0.08389 0.1183 1.032 0 0 1.23419
97.49 0.08088 0.118 0.9705 0 0 1.16938
99.5 0.07802 0.1178 0.9142 0 0 1.11002
100 0.07733 0.1177 0.9007 0 0 1.09573
101.5 0.07532 0.1175 0.862 0 0 1.05482
103.5 0.07276 0.1172 0.8139 0 0 1.00386
105.5 0.07033 0.1169 0.7692 0 0 0.95643
107.5 0.06802 0.1166 0.7277 0 0 0.91232
109.5 0.06583 0.1163 0.6892 0 0 0.87133
111.6 0.06374 0.1161 0.6533 0 0 0.83314
113.6 0.06175 0.1158 0.6199 0 0 0.79745
115.6 0.05985 0.1155 0.5887 0 0 0.76405
117.6 0.05804 0.1152 0.5596 0 0 0.73284
119.6 0.05631 0.1148 0.5324 0 0 0.70351
121.6 0.05466 0.1145 0.5069 0 0 0.67606
123.6 0.05308 0.1142 0.483 0 0 0.65028
125.6 0.05156 0.1139 0.4606 0 0 0.62606
127.6 0.05012 0.1136 0.4396 0 0 0.60332
129.6 0.04873 0.1133 0.4198 0 0 0.58183
131.7 0.0474 0.113 0.4012 0 0 0.5616
133.7 0.04612 0.1127 0.3837 0 0 0.54252
135.7 0.04489 0.1124 0.3672 0 0 0.52449
137.7 0.04371 0.1121 0.3516 0 0 0.50741
139.7 0.04258 0.1117 0.3369 0 0 0.49118
141.7 0.04149 0.1114 0.323 0 0 0.47589
143.7 0.04044 0.1111 0.3099 0 0 0.46144
145.7 0.03943 0.1108 0.2975 0 0 0.44773
147.7 0.03846 0.1105 0.2857 0 0 0.43466
149.7 0.03752 0.1102 0.2746 0 0 0.42232
150 0.0374 0.1102 0.2732 0 0 0.4208
151.8 0.03661 0.1099 0.264 0 0 0.41051
153.8 0.03574 0.1096 0.254 0 0 0.39934
155.8 0.0349 0.1093 0.2445 0 0 0.3887
157.8 0.03409 0.109 0.2354 0 0 0.37849
159.8 0.0333 0.1087 0.2268 0 0 0.3688
161.8 0.03254 0.1084 0.2186 0 0 0.35954
163.8 0.03181 0.1081 0.2108 0 0 0.35071
165.8 0.0311 0.1078 0.2034 0 0 0.3423
167.8 0.03042 0.1075 0.1963 0 0 0.33422
169.9 0.02975 0.1072 0.1896 0 0 0.32655
171.9 0.02911 0.1069 0.1832 0 0 0.31921
173.9 0.02849 0.1066 0.177 0 0 0.31209
175.9 0.02789 0.1063 0.1711 0 0 0.30529
177.9 0.0273 0.106 0.1655 0 0 0.2988
179.9 0.02674 0.1057 0.1602 0 0 0.29264
181.9 0.02619 0.1054 0.155 0 0 0.28659
183.9 0.02566 0.1051 0.1501 0 0 0.28086
185.9 0.02514 0.1048 0.1454 0 0 0.27534
187.9 0.02464 0.1046 0.1409 0 0 0.27014
189.9 0.02416 0.1043 0.1366 0 0 0.26506
192 0.02369 0.104 0.1325 0 0 0.26019
194 0.02323 0.1037 0.1285 0 0 0.25543
196 0.02278 0.1034 0.1247 0 0 0.25088
198 0.02235 0.1032 0.121 0 0 0.24655
200 0.02193 0.1029 0.1175 0 0 0.24233
300 0.01014 0.09108 0.03665 0 0 0.13787
400 0.005816 0.08229 0.01661 0 0 0.104716
500 0.003764 0.07545 0.009265 0 0 0.088479
600 0.002632 0.06999 0.005892 0 0 0.078514
800 0.001492 0.06167 0.00303 0 0 0.066192
1000 0.0009585 0.05553 0.001888 0 0 0.0583765
1022 0.0009177 0.05495 0.001796 0 0 0.0576637
1250 0.0006151 0.0497 0.001213 0.000134 0 0.0516621
1500 0.0004277 0.0452 0.00087 0.0006371 0 0.0471348
2000 0.000241 0.0386 0.0005318 0.002261 0 0.0416338
2044 0.0002307 0.03813 0.0005132 0.002422 0 0.0412959
3000 0.0001072 0.03038 0.0002842 0.005966 1.063e-05 0.036748
4000 6.032e-05 0.02535 0.0001894 0.009315 4.337e-05 0.0349581
5000 3.862e-05 0.02189 0.0001406 0.01223 8.637e-05 0.0343856
6000 2.682e-05 0.01935 0.0001114 0.01478 0.0001325 0.0344007
7000 1.97e-05 0.01739 9.19e-05 0.01705 0.0001785 0.0347301
8000 1.509e-05 0.01583 7.815e-05 0.01909 0.0002231 0.0352363
9000 1.192e-05 0.01456 6.792e-05 0.02094 0.0002657 0.0358455
10000 9.654e-06 0.01348 6e-05 0.02264 0.0003062 0.0364959
