# Z 43 rho 11.2677 A(Z) 97
1 7.117 0.007024 5349 0 0 5356.12
1.5 6.692 0.01209 2085 0 0 2091.7
2 6.243 0.01674 1038 0 0 1044.26
2.677 5.664 0.02257 501.5 0 0 507.187
2.677 5.664 0.02257 1806 0 0 1811.69
2.734 5.616 0.02305 1698 0 0 1703.64
2.793 5.568 0.02354 1597 0 0 1602.59
2.793 5.568 0.02354 2218 0 0 2223.59
3 5.4 0.02524 1857 0 0 1862.43
3.01 5.392 0.02532 1842 0 0 1847.42
3.043 5.367 0.02558 1795 0 0 1800.39
3.043 5.367 0.02558 2054 0 0 2059.39
4 4.673 0.03297 1031 0 0 1035.71
5 4.07 0.04007 579.5 0 0 583.61
5.02 4.059 0.04021 573.3 0 0 577.399
6 3.577 0.04663 358.2 0 0 361.824
7.03 3.165 0.0528 234 0 0 237.218
8 2.844 0.05803 165.4 0 0 168.302
9.04 2.555 0.06307 118.4 0 0 121.018
10 2.327 0.06723 89.93 0 0 92.3242
11.05 2.108 0.07133 68.14 0 0 70.3193
13.06 1.762 0.07813 42.86 0 0 44.7001
15 1.497 0.08371 29.19 0 0 30.7707
15.07 1.488 0.0839 28.8 0 0 30.3719
17.08 1.268 0.08892 20.24 0 0 21.5969
19.09 1.092 0.09323 14.8 0 0 15.9852
20 1.025 0.09497 12.98 0 0 14.1
21.04 0.9565 0.09681 11.24 0 0 12.2933
21.04 0.9565 0.09681 73.75 0 0 74.8033
21.1 0.9529 0.09691 73.24 0 0 74.2898
23.11 0.8397 0.1001 57.93 0 0 58.8698
25.12 0.7463 0.103 46.67 0 0 47.5193
27.13 0.6684 0.1055 38.17 0 0 38.9439
29.14 0.6029 0.1077 31.6 0 0 32.3106
30 0.578 0.1086 29.24 0 0 29.9266
31.15 0.5472 0.1096 26.43 0 0 27.0868
33.16 0.4994 0.1113 22.3 0 0 22.9107
35.17 0.4578 0.1127 18.99 0 0 19.5605
37.18 0.4213 0.114 16.29 0 0 16.8253
39.19 0.389 0.115 14.08 0 0 14.584
40 0.377 0.1155 13.31 0 0 13.8025
41.2 0.3601 0.116 12.26 0 0 12.7361
43.21 0.3342 0.1169 10.74 0 0 11.1911
45.22 0.3109 0.1176 9.463 0 0 9.8915
47.23 0.2899 0.1182 8.38 0 0 8.7881
49.24 0.2709 0.1188 7.455 0 0 7.8447
50 0.2642 0.119 7.141 0 0 7.5242
51.25 0.2536 0.1192 6.66 0 0 7.0328
53.26 0.238 0.1196 5.973 0 0 6.3306
55.27 0.2237 0.1199 5.377 0 0 5.7206
57.28 0.2107 0.1201 4.858 0 0 5.1888
59.29 0.1988 0.1203 4.403 0 0 4.7221
60 0.1948 0.1204 4.256 0 0 4.5712
61.3 0.1878 0.1205 4.003 0 0 4.3113
63.31 0.1778 0.1205 3.65 0 0 3.9483
65.32 0.1685 0.1206 3.337 0 0 3.6261
67.33 0.16 0.1206 3.059 0 0 3.3396
69.34 0.1521 0.1206 2.811 0 0 3.0837
71.35 0.1448 0.1205 2.589 0 0 2.8543
73.36 0.138 0.1205 2.39 0 0 2.6485
75.37 0.1317 0.1204 2.21 0 0 2.4621
77.38 0.1258 0.1203 2.048 0 0 2.2941
79.39 0.1204 0.1201 1.901 0 0 2.1415
80 0.1188 0.1201 1.86 0 0 2.0989
81.4 0.1152 0.12 1.768 0 0 2.0032
83.41 0.1105 0.1198 1.647 0 0 1.8773
85.42 0.106 0.1196 1.537 0 0 1.7626
87.43 0.1018 0.1194 1.437 0 0 1.6582
89.44 0.09781 0.1192 1.345 0 0 1.56201
91.45 0.09409 0.1189 1.26 0 0 1.47299
93.46 0.09058 0.1187 1.183 0 0 1.39228
95.47 0.08726 0.1184 1.111 0 0 1.31666
97.49 0.08413 0.1182 1.046 0 0 1.24833
99.5 0.08117 0.1179 0.9851 0 0 1.18417
100 0.08045 0.1179 0.9706 0 0 1.16895
101.5 0.07836 0.1176 0.929 0 0 1.12496
103.5 0.0757 0.1174 0.8772 0 0 1.0703
105.5 0.07317 0.1171 0.8291 0 0 1.01937
107.5 0.07078 0.1168 0.7846 0 0 0.97218
109.5 0.06849 0.1165 0.7431 0 0 0.92809
111.6 0.06632 0.1162 0.7046 0 0 0.88712
113.6 0.06425 0.1159 0.6687 0 0 0.84885
115.6 0.06228 0.1156 0.6351 0 0 0.81298
117.6 0.0604 0.1153 0.6038 0 0 0.7795
119.6 0.0586 0.115 0.5746 0 0 0.7482
121.6 0.05688 0.1147 0.5472 0 0 0.71878
123.6 0.05523 0.1144 0.5215 0 0 0.69113
125.6 0.05366 0.1141 0.4974 0 0 0.66516
127.6 0.05215 0.1138 0.4747 0 0 0.64065
129.6 0.05071 0.1135 0.4535 0 0 0.61771
131.7 0.04932 0.1132 0.4334 0 0 0.59592
133.7 0.048 0.1129 0.4146 0 0 0.5755
135.7 0.04672 0.1126 0.3968 0 0 0.55612
137.7 0.04549 0.1123 0.3801 0 0 0.53789
139.7 0.04431 0.112 0.3642 0 0 0.52051
141.7 0.04318 0.1117 0.3493 0 0 0.50418
143.7 0.04209 0.1114 0.3351 0 0 0.48859
145.7 0.04104 0.1111 0.3218 0 0 0.47394
147.7 0.04003 0.1108 0.3091 0 0 0.45993
149.7 0.03905 0.1104 0.2971 0 0 0.44655
150 0.03893 0.1104 0.2956 0 0 0.44493
151.8 0.03811 0.1101 0.2857 0 0 0.43391
153.8 0.03721 0.1098 0.2748 0 0 0.42181
155.8 0.03633 0.1095 0.2646 0 0 0.41043
157.8 0.03549 0.1092 0.2548 0 0 0.39949
159.8 0.03467 0.1089 0.2455 0 0 0.38907
161.8 0.03388 0.1086 0.2367 0 0 0.37918
163.8 0.03312 0.1083 0.2283 0 0 0.36972
165.8 0.03238 0.108 0.2203 0 0 0.36068
167.8 0.03167 0.1077 0.2126 0 0 0.35197
169.9 0.03098 0.1074 0.2053 0 0 0.34368
171.9 0.03032 0.1071 0.1984 0 0 0.33582
173.9 0.02967 0.1068 0.1917 0 0 0.32817
175.9 0.02904 0.1065 0.1854 0 0 0.32094
177.9 0.02844 0.1063 0.1793 0 0 0.31404
179.9 0.02785 0.106 0.1735 0 0 0.30735
181.9 0.02728 0.1057 0.168 0 0 0.30098
183.9 0.02673 0.1054 0.1627 0 0 0.29483
185.9 0.02619 0.1051 0.1576 0 0 0.28889
187.9 0.02567 0.1048 0.1527 0 0 0.28317
189.9 0.02517 0.1045 0.148 0 0 0.27767
192 0.02468 0.1043 0.1436 0 0 0.27258
194 0.0242 0.104 0.1393 0 0 0.2675
196 0.02374 0.1037 0.1351 0 0 0.26254
198 0.02329 0.1034 0.1312 0 0 0.25789
200 0.02285 0.1031 0.1274 0 0 0.25335
300 0.01057 0.09134 0.03984 0 0 0.14175
400 0.006067 0.08248 0.01808 0 0 0.106627
500 0.003927 0.07566 0.01009 0 0 0.089677
600 0.002747 0.07018 0.006421 0 0 0.079348
800 0.001557 0.06188 0.003305 0 0 0.066742
1000 0.001001 0.0557 0.002061 0 0 0.058762
1022 0.0009583 0.05512 0.001961 0 0 0.0580393
1250 0.0006421 0.04986 0.001323 0.0001396 0 0.0519647
1500 0.0004466 0.04534 0.0009497 0.0006618 0 0.0473981
2000 0.0002516 0.03872 0.0005799 0.002337 0 0.0418885
2044 0.0002409 0.03825 0.0005597 0.002503 0 0.0415536
3000 0.0001119 0.03048 0.0003097 0.006145 1.067e-05 0.0370573
4000 6.298e-05 0.02543 0.0002062 0.009577 4.351e-05 0.0353197
5000 4.033e-05 0.02196 0.0001531 0.01257 8.66e-05 0.03481
6000 2.8e-05 0.01942 0.0001212 0.01517 0.0001329 0.0348721
7000 2.057e-05 0.01745 0.0001 0.01749 0.0001791 0.0352397
8000 1.575e-05 0.01588 8.5e-05 0.01958 0.0002238 0.0357845
9000 1.245e-05 0.0146 7.387e-05 0.02148 0.0002665 0.0364328
10000 1.008e-05 0.01353 6.526e-05 0.02321 0.0003071 0.0371224
