   0.0000000e+00   0.0000000e+00
   1.6147184e-02   1.4863298e-01
   3.2294369e-02   5.5264492e-01
   4.8441553e-02   1.1449262e+00
   6.4588737e-02   1.8596106e+00
   8.0735922e-02   2.6391138e+00
   9.6883106e-02   3.4383882e+00
   1.1303029e-01   4.2262470e+00
   1.2917747e-01   4.9843261e+00
   1.4532466e-01   5.7045998e+00
   1.6147184e-01   6.3863632e+00
   1.7761903e-01   7.0333653e+00
   1.9376621e-01   7.6514841e+00
   2.0991340e-01   8.2470720e+00
   2.2606058e-01   8.8259337e+00
   2.4220777e-01   9.3928060e+00
   2.5835495e-01   9.9511927e+00
   2.7450213e-01   1.0503419e+01
   2.9064932e-01   1.1050801e+01
   3.0679650e-01   1.1593858e+01
   3.2294369e-01   1.2132532e+01
   3.3909087e-01   1.2666368e+01
   3.5523806e-01   1.3194679e+01
   3.7138524e-01   1.3716660e+01
   3.8753242e-01   1.4231480e+01
   4.0367961e-01   1.4738343e+01
   4.1982679e-01   1.5236526e+01
   4.3597398e-01   1.5725400e+01
   4.5212116e-01   1.6204446e+01
   4.6826835e-01   1.6673252e+01
   4.8441553e-01   1.7131512e+01
   5.0056272e-01   1.7579015e+01
   5.1670990e-01   1.8015643e+01
   5.3285708e-01   1.8441351e+01
   5.4900427e-01   1.8856167e+01
   5.6515145e-01   1.9260174e+01
   5.8129864e-01   1.9653504e+01
   5.9744582e-01   2.0036329e+01
   6.1359301e-01   2.0408854e+01
   6.2974019e-01   2.0771308e+01
   6.4588737e-01   2.1123943e+01
   6.6203456e-01   2.1467021e+01
   6.7818174e-01   2.1800817e+01
   6.9432893e-01   2.2125614e+01
   7.1047611e-01   2.2441694e+01
   7.2662330e-01   2.2749343e+01
   7.4277048e-01   2.3048846e+01
   7.5891767e-01   2.3340483e+01
   7.7506485e-01   2.3624531e+01
   7.9121203e-01   2.3901261e+01
   8.0735922e-01   2.4170939e+01
   8.2350640e-01   2.4433820e+01
   8.3965359e-01   2.4690157e+01
   8.5580077e-01   2.4940191e+01
   8.7194796e-01   2.5184157e+01
   8.8809514e-01   2.5422280e+01
   9.0424232e-01   2.5654780e+01
   9.2038951e-01   2.5881866e+01
   9.3653669e-01   2.6103739e+01
   9.5268388e-01   2.6320594e+01
   9.6883106e-01   2.6532618e+01
   9.8497825e-01   2.6739987e+01
   1.0011254e+00   2.6942875e+01
   1.0172726e+00   2.7141444e+01
   1.0334198e+00   2.7335853e+01
   1.0495670e+00   2.7526251e+01
   1.0657142e+00   2.7712782e+01
   1.0818614e+00   2.7895586e+01
   1.0980085e+00   2.8074793e+01
   1.1141557e+00   2.8250530e+01
   1.1303029e+00   2.8422918e+01
   1.1464501e+00   2.8592073e+01
   1.1625973e+00   2.8758104e+01
   1.1787445e+00   2.8921118e+01
   1.1948916e+00   2.9081217e+01
   1.2110388e+00   2.9238496e+01
   1.2271860e+00   2.9393049e+01
   1.2433332e+00   2.9544964e+01
   1.2594804e+00   2.9694326e+01
   1.2756276e+00   2.9841216e+01
   1.2917747e+00   2.9985713e+01
   1.3079219e+00   3.0127889e+01
   1.3240691e+00   3.0267818e+01
   1.3402163e+00   3.0405566e+01
   1.3563635e+00   3.0541200e+01
   1.3725107e+00   3.0674781e+01
   1.3886579e+00   3.0806370e+01
   1.4048050e+00   3.0936024e+01
   1.4209522e+00   3.1063799e+01
   1.4370994e+00   3.1189747e+01
   1.4532466e+00   3.1313918e+01
   1.4693938e+00   3.1436362e+01
   1.4855410e+00   3.1557124e+01
   1.5016881e+00   3.1676250e+01
   1.5178353e+00   3.1793782e+01
   1.5339825e+00   3.1909762e+01
   1.5501297e+00   3.2024228e+01
   1.5662769e+00   3.2137220e+01
   1.5824241e+00   3.2248773e+01
   1.5985713e+00   3.2358922e+01
   1.6147184e+00   3.2467702e+01
   1.6308656e+00   3.2575143e+01
   1.6470128e+00   3.2681279e+01
   1.6631600e+00   3.2786137e+01
   1.6793072e+00   3.2889748e+01
   1.6954544e+00   3.2992138e+01
   1.7116015e+00   3.3093335e+01
   1.7277487e+00   3.3193363e+01
   1.7438959e+00   3.3292249e+01
   1.7600431e+00   3.3390015e+01
   1.7761903e+00   3.3486684e+01
   1.7923375e+00   3.3582279e+01
   1.8084846e+00   3.3676820e+01
   1.8246318e+00   3.3770329e+01
   1.8407790e+00   3.3862825e+01
   1.8569262e+00   3.3954327e+01
   1.8730734e+00   3.4044854e+01
   1.8892206e+00   3.4134423e+01
   1.9053678e+00   3.4223052e+01
   1.9215149e+00   3.4310757e+01
   1.9376621e+00   3.4397555e+01
   1.9538093e+00   3.4483460e+01
   1.9699565e+00   3.4568488e+01
   1.9861037e+00   3.4652653e+01
   2.0022509e+00   3.4735969e+01
   2.0183980e+00   3.4818451e+01
   2.0345452e+00   3.4900110e+01
   2.0506924e+00   3.4980961e+01
   2.0668396e+00   3.5061014e+01
   2.0829868e+00   3.5140283e+01
   2.0991340e+00   3.5218779e+01
   2.1152812e+00   3.5296513e+01
   2.1314283e+00   3.5373495e+01
   2.1475755e+00   3.5449737e+01
   2.1637227e+00   3.5525250e+01
   2.1798699e+00   3.5600042e+01
   2.1960171e+00   3.5674123e+01
   2.2121643e+00   3.5747504e+01
   2.2283114e+00   3.5820193e+01
   2.2444586e+00   3.5892199e+01
   2.2606058e+00   3.5963531e+01
   2.2767530e+00   3.6034198e+01
   2.2929002e+00   3.6104207e+01
   2.3090474e+00   3.6173567e+01
   2.3251945e+00   3.6242286e+01
   2.3413417e+00   3.6310371e+01
   2.3574889e+00   3.6377829e+01
   2.3736361e+00   3.6444669e+01
   2.3897833e+00   3.6510896e+01
   2.4059305e+00   3.6576519e+01
   2.4220777e+00   3.6641543e+01
   2.4382248e+00   3.6705976e+01
   2.4543720e+00   3.6769824e+01
   2.4705192e+00   3.6833094e+01
   2.4866664e+00   3.6895791e+01
   2.5028136e+00   3.6957921e+01
   2.5189608e+00   3.7019491e+01
   2.5351079e+00   3.7080507e+01
   2.5512551e+00   3.7140974e+01
   2.5674023e+00   3.7200897e+01
   2.5835495e+00   3.7260283e+01
   2.5996967e+00   3.7319137e+01
   2.6158439e+00   3.7377463e+01
   2.6319911e+00   3.7435268e+01
   2.6481382e+00   3.7492556e+01
   2.6642854e+00   3.7549332e+01
   2.6804326e+00   3.7605602e+01
   2.6965798e+00   3.7661370e+01
   2.7127270e+00   3.7716640e+01
   2.7288742e+00   3.7771419e+01
   2.7450213e+00   3.7825710e+01
   2.7611685e+00   3.7879517e+01
   2.7773157e+00   3.7932846e+01
   2.7934629e+00   3.7985701e+01
   2.8096101e+00   3.8038085e+01
   2.8257573e+00   3.8090004e+01
   2.8419044e+00   3.8141462e+01
   2.8580516e+00   3.8192463e+01
   2.8741988e+00   3.8243010e+01
   2.8903460e+00   3.8293109e+01
   2.9064932e+00   3.8342762e+01
   2.9226404e+00   3.8391975e+01
   2.9387876e+00   3.8440750e+01
   2.9549347e+00   3.8489092e+01
   2.9710819e+00   3.8537005e+01
   2.9872291e+00   3.8584492e+01
   3.0033763e+00   3.8631557e+01
   3.0195235e+00   3.8678204e+01
   3.0356707e+00   3.8724437e+01
   3.0518178e+00   3.8770258e+01
   3.0679650e+00   3.8815672e+01
   3.0841122e+00   3.8860682e+01
   3.1002594e+00   3.8905292e+01
   3.1164066e+00   3.8949505e+01
   3.1325538e+00   3.8993324e+01
   3.1487010e+00   3.9036754e+01
   3.1648481e+00   3.9079796e+01
   3.1809953e+00   3.9122455e+01
   3.1971425e+00   3.9164734e+01
   3.2132897e+00   3.9206636e+01
   3.2294369e+00   3.9248165e+01
   3.2455841e+00   3.9289322e+01
   3.2617312e+00   3.9330113e+01
   3.2778784e+00   3.9370540e+01
   3.2940256e+00   3.9410605e+01
   3.3101728e+00   3.9450313e+01
   3.3263200e+00   3.9489665e+01
   3.3424672e+00   3.9528666e+01
   3.3586143e+00   3.9567318e+01
   3.3747615e+00   3.9605624e+01
   3.3909087e+00   3.9643587e+01
   3.4070559e+00   3.9681210e+01
   3.4232031e+00   3.9718496e+01
   3.4393503e+00   3.9755448e+01
   3.4554975e+00   3.9792068e+01
   3.4716446e+00   3.9828360e+01
   3.4877918e+00   3.9864326e+01
   3.5039390e+00   3.9899969e+01
   3.5200862e+00   3.9935293e+01
   3.5362334e+00   3.9970298e+01
   3.5523806e+00   4.0004989e+01
   3.5685277e+00   4.0039369e+01
   3.5846749e+00   4.0073438e+01
   3.6008221e+00   4.0107202e+01
   3.6169693e+00   4.0140661e+01
   3.6331165e+00   4.0173819e+01
   3.6492637e+00   4.0206678e+01
   3.6654109e+00   4.0239240e+01
   3.6815580e+00   4.0271510e+01
   3.6977052e+00   4.0303488e+01
   3.7138524e+00   4.0335177e+01
   3.7299996e+00   4.0366581e+01
   3.7461468e+00   4.0397701e+01
   3.7622940e+00   4.0428540e+01
   3.7784411e+00   4.0459100e+01
   3.7945883e+00   4.0489384e+01
   3.8107355e+00   4.0519394e+01
   3.8268827e+00   4.0549133e+01
   3.8430299e+00   4.0578602e+01
   3.8591771e+00   4.0607805e+01
   3.8753242e+00   4.0636744e+01
   3.8914714e+00   4.0665420e+01
   3.9076186e+00   4.0693837e+01
   3.9237658e+00   4.0721996e+01
   3.9399130e+00   4.0749900e+01
   3.9560602e+00   4.0777552e+01
   3.9722074e+00   4.0804952e+01
   3.9883545e+00   4.0832104e+01
   4.0045017e+00   4.0859010e+01
   4.0206489e+00   4.0885671e+01
   4.0367961e+00   4.0912091e+01
   4.0529433e+00   4.0938270e+01
   4.0690905e+00   4.0964212e+01
   4.0852376e+00   4.0989919e+01
   4.1013848e+00   4.1015392e+01
   4.1175320e+00   4.1040634e+01
   4.1336792e+00   4.1065646e+01
   4.1498264e+00   4.1090431e+01
   4.1659736e+00   4.1114991e+01
   4.1821208e+00   4.1139328e+01
   4.1982679e+00   4.1163443e+01
   4.2144151e+00   4.1187340e+01
   4.2305623e+00   4.1211019e+01
   4.2467095e+00   4.1234483e+01
   4.2628567e+00   4.1257733e+01
   4.2790039e+00   4.1280772e+01
   4.2951510e+00   4.1303602e+01
   4.3112982e+00   4.1326224e+01
   4.3274454e+00   4.1348640e+01
   4.3435926e+00   4.1370853e+01
   4.3597398e+00   4.1392863e+01
   4.3758870e+00   4.1414674e+01
   4.3920341e+00   4.1436286e+01
   4.4081813e+00   4.1457701e+01
   4.4243285e+00   4.1478922e+01
   4.4404757e+00   4.1499949e+01
   4.4566229e+00   4.1520786e+01
   4.4727701e+00   4.1541433e+01
   4.4889173e+00   4.1561892e+01
   4.5050644e+00   4.1582166e+01
   4.5212116e+00   4.1602255e+01
   4.5373588e+00   4.1622161e+01
   4.5535060e+00   4.1641887e+01
   4.5696532e+00   4.1661433e+01
   4.5858004e+00   4.1680802e+01
   4.6019475e+00   4.1699994e+01
   4.6180947e+00   4.1719013e+01
   4.6342419e+00   4.1737858e+01
   4.6503891e+00   4.1756533e+01
   4.6665363e+00   4.1775038e+01
   4.6826835e+00   4.1793375e+01
   4.6988307e+00   4.1811545e+01
   4.7149778e+00   4.1829551e+01
   4.7311250e+00   4.1847393e+01
   4.7472722e+00   4.1865074e+01
   4.7634194e+00   4.1882594e+01
   4.7795666e+00   4.1899955e+01
   4.7957138e+00   4.1917159e+01
   4.8118609e+00   4.1934207e+01
   4.8280081e+00   4.1951100e+01
   4.8441553e+00   4.1967841e+01
   4.8603025e+00   4.1984430e+01
   4.8764497e+00   4.2000868e+01
   4.8925969e+00   4.2017158e+01
   4.9087440e+00   4.2033301e+01
   4.9248912e+00   4.2049297e+01
   4.9410384e+00   4.2065149e+01
   4.9571856e+00   4.2080858e+01
   4.9733328e+00   4.2096425e+01
   4.9894800e+00   4.2111851e+01
   5.0056272e+00   4.2127138e+01
   5.0217743e+00   4.2142287e+01
   5.0379215e+00   4.2157299e+01
   5.0540687e+00   4.2172175e+01
   5.0702159e+00   4.2186918e+01
   5.0863631e+00   4.2201528e+01
   5.1025103e+00   4.2216006e+01
   5.1186574e+00   4.2230354e+01
   5.1348046e+00   4.2244572e+01
   5.1509518e+00   4.2258663e+01
   5.1670990e+00   4.2272627e+01
   5.1832462e+00   4.2286465e+01
   5.1993934e+00   4.2300179e+01
   5.2155406e+00   4.2313770e+01
   5.2316877e+00   4.2327239e+01
   5.2478349e+00   4.2340587e+01
   5.2639821e+00   4.2353815e+01
   5.2801293e+00   4.2366925e+01
   5.2962765e+00   4.2379917e+01
   5.3124237e+00   4.2392793e+01
   5.3285708e+00   4.2405553e+01
   5.3447180e+00   4.2418199e+01
   5.3608652e+00   4.2430733e+01
   5.3770124e+00   4.2443154e+01
   5.3931596e+00   4.2455464e+01
   5.4093068e+00   4.2467664e+01
   5.4254539e+00   4.2479756e+01
   5.4416011e+00   4.2491739e+01
   5.4577483e+00   4.2503616e+01
   5.4738955e+00   4.2515387e+01
   5.4900427e+00   4.2527053e+01
   5.5061899e+00   4.2538615e+01
   5.5223371e+00   4.2550075e+01
   5.5384842e+00   4.2561432e+01
   5.5546314e+00   4.2572689e+01
   5.5707786e+00   4.2583846e+01
   5.5869258e+00   4.2594903e+01
   5.6030730e+00   4.2605863e+01
   5.6192202e+00   4.2616726e+01
   5.6353673e+00   4.2627492e+01
   5.6515145e+00   4.2638163e+01
   5.6676617e+00   4.2648740e+01
   5.6838089e+00   4.2659223e+01
   5.6999561e+00   4.2669613e+01
   5.7161033e+00   4.2679912e+01
   5.7322505e+00   4.2690120e+01
   5.7483976e+00   4.2700238e+01
   5.7645448e+00   4.2710266e+01
   5.7806920e+00   4.2720207e+01
   5.7968392e+00   4.2730060e+01
   5.8129864e+00   4.2739826e+01
   5.8291336e+00   4.2749507e+01
   5.8452807e+00   4.2759102e+01
   5.8614279e+00   4.2768613e+01
   5.8775751e+00   4.2778041e+01
   5.8937223e+00   4.2787386e+01
   5.9098695e+00   4.2796650e+01
   5.9260167e+00   4.2805832e+01
   5.9421638e+00   4.2814934e+01
   5.9583110e+00   4.2823957e+01
   5.9744582e+00   4.2832900e+01
   5.9906054e+00   4.2841766e+01
   6.0067526e+00   4.2850555e+01
   6.0228998e+00   4.2859266e+01
   6.0390470e+00   4.2867902e+01
   6.0551941e+00   4.2876463e+01
   6.0713413e+00   4.2884950e+01
   6.0874885e+00   4.2893362e+01
   6.1036357e+00   4.2901702e+01
   6.1197829e+00   4.2909969e+01
   6.1359301e+00   4.2918165e+01
   6.1520772e+00   4.2926290e+01
   6.1682244e+00   4.2934344e+01
   6.1843716e+00   4.2942329e+01
   6.2005188e+00   4.2950245e+01
   6.2166660e+00   4.2958092e+01
   6.2328132e+00   4.2965872e+01
   6.2489603e+00   4.2973585e+01
   6.2651075e+00   4.2981231e+01
   6.2812547e+00   4.2988812e+01
   6.2974019e+00   4.2996327e+01
   6.3135491e+00   4.3003778e+01
   6.3296963e+00   4.3011165e+01
   6.3458435e+00   4.3018488e+01
   6.3619906e+00   4.3025749e+01
   6.3781378e+00   4.3032948e+01
   6.3942850e+00   4.3040085e+01
   6.4104322e+00   4.3047161e+01
   6.4265794e+00   4.3054176e+01
   6.4427266e+00   4.3061132e+01
   6.4588737e+00   4.3068028e+01
   6.4750209e+00   4.3074866e+01
   6.4911681e+00   4.3081646e+01
   6.5073153e+00   4.3088367e+01
   6.5234625e+00   4.3095032e+01
   6.5396097e+00   4.3101640e+01
   6.5557569e+00   4.3108192e+01
   6.5719040e+00   4.3114689e+01
   6.5880512e+00   4.3121130e+01
   6.6041984e+00   4.3127517e+01
   6.6203456e+00   4.3133851e+01
   6.6364928e+00   4.3140130e+01
   6.6526400e+00   4.3146357e+01
   6.6687871e+00   4.3152531e+01
   6.6849343e+00   4.3158653e+01
   6.7010815e+00   4.3164724e+01
   6.7172287e+00   4.3170743e+01
   6.7333759e+00   4.3176712e+01
   6.7495231e+00   4.3182631e+01
   6.7656702e+00   4.3188500e+01
   6.7818174e+00   4.3194321e+01
   6.7979646e+00   4.3200092e+01
   6.8141118e+00   4.3205815e+01
   6.8302590e+00   4.3211491e+01
   6.8464062e+00   4.3217119e+01
   6.8625534e+00   4.3222700e+01
   6.8787005e+00   4.3228234e+01
   6.8948477e+00   4.3233723e+01
   6.9109949e+00   4.3239166e+01
   6.9271421e+00   4.3244563e+01
   6.9432893e+00   4.3249916e+01
   6.9594365e+00   4.3255225e+01
   6.9755836e+00   4.3260489e+01
   6.9917308e+00   4.3265710e+01
   7.0078780e+00   4.3270888e+01
   7.0240252e+00   4.3276023e+01
   7.0401724e+00   4.3281116e+01
   7.0563196e+00   4.3286167e+01
   7.0724668e+00   4.3291176e+01
   7.0886139e+00   4.3296144e+01
   7.1047611e+00   4.3301071e+01
   7.1209083e+00   4.3305957e+01
   7.1370555e+00   4.3310804e+01
   7.1532027e+00   4.3315611e+01
   7.1693499e+00   4.3320378e+01
   7.1854970e+00   4.3325106e+01
   7.2016442e+00   4.3329796e+01
   7.2177914e+00   4.3334448e+01
   7.2339386e+00   4.3339061e+01
   7.2500858e+00   4.3343637e+01
   7.2662330e+00   4.3348176e+01
   7.2823801e+00   4.3352678e+01
   7.2985273e+00   4.3357143e+01
   7.3146745e+00   4.3361572e+01
   7.3308217e+00   4.3365965e+01
   7.3469689e+00   4.3370322e+01
   7.3631161e+00   4.3374645e+01
   7.3792633e+00   4.3378932e+01
   7.3954104e+00   4.3383185e+01
   7.4115576e+00   4.3387403e+01
   7.4277048e+00   4.3391587e+01
   7.4438520e+00   4.3395738e+01
   7.4599992e+00   4.3399855e+01
   7.4761464e+00   4.3403939e+01
   7.4922935e+00   4.3407991e+01
   7.5084407e+00   4.3412010e+01
   7.5245879e+00   4.3415996e+01
   7.5407351e+00   4.3419951e+01
   7.5568823e+00   4.3423874e+01
   7.5730295e+00   4.3427766e+01
   7.5891767e+00   4.3431627e+01
   7.6053238e+00   4.3435457e+01
   7.6214710e+00   4.3439257e+01
   7.6376182e+00   4.3443026e+01
   7.6537654e+00   4.3446765e+01
   7.6699126e+00   4.3450475e+01
   7.6860598e+00   4.3454155e+01
   7.7022069e+00   4.3457806e+01
   7.7183541e+00   4.3461428e+01
   7.7345013e+00   4.3465022e+01
   7.7506485e+00   4.3468587e+01
   7.7667957e+00   4.3472124e+01
   7.7829429e+00   4.3475633e+01
   7.7990900e+00   4.3479115e+01
   7.8152372e+00   4.3482569e+01
   7.8313844e+00   4.3485996e+01
   7.8475316e+00   4.3489396e+01
   7.8636788e+00   4.3492770e+01
   7.8798260e+00   4.3496117e+01
   7.8959732e+00   4.3499438e+01
   7.9121203e+00   4.3502732e+01
   7.9282675e+00   4.3506002e+01
   7.9444147e+00   4.3509245e+01
   7.9605619e+00   4.3512464e+01
   7.9767091e+00   4.3515657e+01
   7.9928563e+00   4.3518825e+01
   8.0090034e+00   4.3521969e+01
   8.0251506e+00   4.3525089e+01
   8.0412978e+00   4.3528184e+01
   8.0574450e+00   4.3531256e+01
   8.0735922e+00   4.3534303e+01
   8.0897394e+00   4.3537327e+01
   8.1058866e+00   4.3540328e+01
   8.1220337e+00   4.3543305e+01
   8.1381809e+00   4.3546260e+01
   8.1543281e+00   4.3549192e+01
   8.1704753e+00   4.3552101e+01
   8.1866225e+00   4.3554988e+01
   8.2027697e+00   4.3557853e+01
   8.2189168e+00   4.3560696e+01
   8.2350640e+00   4.3563517e+01
   8.2512112e+00   4.3566317e+01
   8.2673584e+00   4.3569095e+01
   8.2835056e+00   4.3571852e+01
   8.2996528e+00   4.3574588e+01
   8.3157999e+00   4.3577303e+01
   8.3319471e+00   4.3579998e+01
   8.3480943e+00   4.3582672e+01
   8.3642415e+00   4.3585326e+01
   8.3803887e+00   4.3587959e+01
   8.3965359e+00   4.3590573e+01
   8.4126831e+00   4.3593167e+01
   8.4288302e+00   4.3595741e+01
   8.4449774e+00   4.3598296e+01
   8.4611246e+00   4.3600832e+01
   8.4772718e+00   4.3603348e+01
   8.4934190e+00   4.3605846e+01
   8.5095662e+00   4.3608325e+01
   8.5257133e+00   4.3610785e+01
   8.5418605e+00   4.3613227e+01
   8.5580077e+00   4.3615650e+01
   8.5741549e+00   4.3618056e+01
   8.5903021e+00   4.3620443e+01
   8.6064493e+00   4.3622812e+01
   8.6225965e+00   4.3625164e+01
   8.6387436e+00   4.3627498e+01
   8.6548908e+00   4.3629815e+01
   8.6710380e+00   4.3632115e+01
   8.6871852e+00   4.3634398e+01
   8.7033324e+00   4.3636663e+01
   8.7194796e+00   4.3638912e+01
   8.7356267e+00   4.3641145e+01
   8.7517739e+00   4.3643360e+01
   8.7679211e+00   4.3645560e+01
   8.7840683e+00   4.3647743e+01
   8.8002155e+00   4.3649910e+01
   8.8163627e+00   4.3652061e+01
   8.8325098e+00   4.3654196e+01
   8.8486570e+00   4.3656316e+01
   8.8648042e+00   4.3658420e+01
   8.8809514e+00   4.3660508e+01
   8.8970986e+00   4.3662581e+01
   8.9132458e+00   4.3664639e+01
   8.9293930e+00   4.3666682e+01
   8.9455401e+00   4.3668711e+01
   8.9616873e+00   4.3670724e+01
   8.9778345e+00   4.3672723e+01
   8.9939817e+00   4.3674707e+01
   9.0101289e+00   4.3676676e+01
   9.0262761e+00   4.3678632e+01
   9.0424232e+00   4.3680573e+01
   9.0585704e+00   4.3682500e+01
   9.0747176e+00   4.3684413e+01
   9.0908648e+00   4.3686313e+01
   9.1070120e+00   4.3688198e+01
   9.1231592e+00   4.3690070e+01
   9.1393064e+00   4.3691929e+01
   9.1554535e+00   4.3693774e+01
   9.1716007e+00   4.3695606e+01
   9.1877479e+00   4.3697425e+01
   9.2038951e+00   4.3699230e+01
   9.2200423e+00   4.3701023e+01
   9.2361895e+00   4.3702803e+01
   9.2523366e+00   4.3704570e+01
   9.2684838e+00   4.3706325e+01
   9.2846310e+00   4.3708067e+01
   9.3007782e+00   4.3709796e+01
   9.3169254e+00   4.3711513e+01
   9.3330726e+00   4.3713219e+01
   9.3492197e+00   4.3714911e+01
   9.3653669e+00   4.3716592e+01
   9.3815141e+00   4.3718261e+01
   9.3976613e+00   4.3719919e+01
   9.4138085e+00   4.3721564e+01
   9.4299557e+00   4.3723198e+01
   9.4461029e+00   4.3724820e+01
   9.4622500e+00   4.3726431e+01
   9.4783972e+00   4.3728030e+01
   9.4945444e+00   4.3729619e+01
   9.5106916e+00   4.3731196e+01
   9.5268388e+00   4.3732762e+01
   9.5429860e+00   4.3734317e+01
   9.5591331e+00   4.3735861e+01
   9.5752803e+00   4.3737394e+01
   9.5914275e+00   4.3738917e+01
   9.6075747e+00   4.3740429e+01
   9.6237219e+00   4.3741930e+01
   9.6398691e+00   4.3743421e+01
   9.6560163e+00   4.3744901e+01
   9.6721634e+00   4.3746372e+01
   9.6883106e+00   4.3747832e+01
   9.7044578e+00   4.3749282e+01
   9.7206050e+00   4.3750722e+01
   9.7367522e+00   4.3752151e+01
   9.7528994e+00   4.3753571e+01
   9.7690465e+00   4.3754982e+01
   9.7851937e+00   4.3756382e+01
   9.8013409e+00   4.3757773e+01
   9.8174881e+00   4.3759154e+01
   9.8336353e+00   4.3760526e+01
   9.8497825e+00   4.3761888e+01
   9.8659296e+00   4.3763241e+01
   9.8820768e+00   4.3764585e+01
   9.8982240e+00   4.3765919e+01
   9.9143712e+00   4.3767244e+01
   9.9305184e+00   4.3768561e+01
   9.9466656e+00   4.3769868e+01
   9.9628128e+00   4.3771166e+01
   9.9789599e+00   4.3772456e+01
   9.9951071e+00   4.3773736e+01
   1.0011254e+01   4.3775008e+01
   1.0027401e+01   4.3776272e+01
   1.0043549e+01   4.3777527e+01
   1.0059696e+01   4.3778773e+01
   1.0075843e+01   4.3780011e+01
   1.0091990e+01   4.3781240e+01
   1.0108137e+01   4.3782461e+01
   1.0124285e+01   4.3783674e+01
   1.0140432e+01   4.3784879e+01
   1.0156579e+01   4.3786076e+01
   1.0172726e+01   4.3787264e+01
   1.0188873e+01   4.3788445e+01
   1.0205021e+01   4.3789618e+01
   1.0221168e+01   4.3790783e+01
   1.0237315e+01   4.3791940e+01
   1.0253462e+01   4.3793089e+01
   1.0269609e+01   4.3794230e+01
   1.0285756e+01   4.3795364e+01
   1.0301904e+01   4.3796491e+01
   1.0318051e+01   4.3797610e+01
   1.0334198e+01   4.3798721e+01
   1.0350345e+01   4.3799825e+01
   1.0366492e+01   4.3800922e+01
   1.0382640e+01   4.3802012e+01
   1.0398787e+01   4.3803094e+01
   1.0414934e+01   4.3804169e+01
   1.0431081e+01   4.3805237e+01
   1.0447228e+01   4.3806298e+01
   1.0463375e+01   4.3807352e+01
   1.0479523e+01   4.3808399e+01
   1.0495670e+01   4.3809439e+01
   1.0511817e+01   4.3810472e+01
   1.0527964e+01   4.3811499e+01
   1.0544111e+01   4.3812518e+01
   1.0560259e+01   4.3813531e+01
   1.0576406e+01   4.3814538e+01
   1.0592553e+01   4.3815538e+01
   1.0608700e+01   4.3816531e+01
   1.0624847e+01   4.3817518e+01
   1.0640994e+01   4.3818498e+01
   1.0657142e+01   4.3819472e+01
   1.0673289e+01   4.3820440e+01
   1.0689436e+01   4.3821401e+01
   1.0705583e+01   4.3822356e+01
   1.0721730e+01   4.3823305e+01
   1.0737878e+01   4.3824248e+01
   1.0754025e+01   4.3825185e+01
   1.0770172e+01   4.3826115e+01
   1.0786319e+01   4.3827040e+01
   1.0802466e+01   4.3827959e+01
   1.0818614e+01   4.3828871e+01
   1.0834761e+01   4.3829778e+01
   1.0850908e+01   4.3830679e+01
   1.0867055e+01   4.3831574e+01
   1.0883202e+01   4.3832464e+01
   1.0899349e+01   4.3833348e+01
   1.0915497e+01   4.3834226e+01
   1.0931644e+01   4.3835098e+01
   1.0947791e+01   4.3835965e+01
   1.0963938e+01   4.3836827e+01
   1.0980085e+01   4.3837682e+01
   1.0996233e+01   4.3838533e+01
   1.1012380e+01   4.3839378e+01
   1.1028527e+01   4.3840218e+01
   1.1044674e+01   4.3841052e+01
   1.1060821e+01   4.3841881e+01
   1.1076968e+01   4.3842705e+01
   1.1093116e+01   4.3843523e+01
   1.1109263e+01   4.3844337e+01
   1.1125410e+01   4.3845145e+01
   1.1141557e+01   4.3845948e+01
   1.1157704e+01   4.3846746e+01
   1.1173852e+01   4.3847539e+01
   1.1189999e+01   4.3848327e+01
   1.1206146e+01   4.3849110e+01
   1.1222293e+01   4.3849889e+01
   1.1238440e+01   4.3850662e+01
   1.1254588e+01   4.3851430e+01
   1.1270735e+01   4.3852194e+01
   1.1286882e+01   4.3852953e+01
   1.1303029e+01   4.3853707e+01
   1.1319176e+01   4.3854457e+01
   1.1335323e+01   4.3855201e+01
   1.1351471e+01   4.3855941e+01
   1.1367618e+01   4.3856677e+01
   1.1383765e+01   4.3857408e+01
   1.1399912e+01   4.3858134e+01
   1.1416059e+01   4.3858856e+01
   1.1432207e+01   4.3859574e+01
   1.1448354e+01   4.3860287e+01
   1.1464501e+01   4.3860995e+01
   1.1480648e+01   4.3861700e+01
   1.1496795e+01   4.3862399e+01
   1.1512942e+01   4.3863095e+01
   1.1529090e+01   4.3863786e+01
   1.1545237e+01   4.3864473e+01
   1.1561384e+01   4.3865156e+01
   1.1577531e+01   4.3865835e+01
   1.1593678e+01   4.3866509e+01
   1.1609826e+01   4.3867180e+01
   1.1625973e+01   4.3867846e+01
   1.1642120e+01   4.3868508e+01
   1.1658267e+01   4.3869166e+01
   1.1674414e+01   4.3869820e+01
   1.1690561e+01   4.3870471e+01
   1.1706709e+01   4.3871117e+01
   1.1722856e+01   4.3871759e+01
   1.1739003e+01   4.3872397e+01
   1.1755150e+01   4.3873032e+01
   1.1771297e+01   4.3873662e+01
   1.1787445e+01   4.3874289e+01
   1.1803592e+01   4.3874912e+01
   1.1819739e+01   4.3875532e+01
   1.1835886e+01   4.3876147e+01
   1.1852033e+01   4.3876759e+01
   1.1868181e+01   4.3877367e+01
   1.1884328e+01   4.3877972e+01
   1.1900475e+01   4.3878572e+01
   1.1916622e+01   4.3879170e+01
   1.1932769e+01   4.3879763e+01
   1.1948916e+01   4.3880353e+01
   1.1965064e+01   4.3880940e+01
   1.1981211e+01   4.3881523e+01
   1.1997358e+01   4.3882103e+01
   1.2013505e+01   4.3882679e+01
   1.2029652e+01   4.3883251e+01
   1.2045800e+01   4.3883821e+01
   1.2061947e+01   4.3884387e+01
   1.2078094e+01   4.3884949e+01
   1.2094241e+01   4.3885508e+01
   1.2110388e+01   4.3886064e+01
   1.2126535e+01   4.3886617e+01
   1.2142683e+01   4.3887166e+01
   1.2158830e+01   4.3887712e+01
   1.2174977e+01   4.3888255e+01
   1.2191124e+01   4.3888794e+01
   1.2207271e+01   4.3889331e+01
   1.2223419e+01   4.3889864e+01
   1.2239566e+01   4.3890394e+01
   1.2255713e+01   4.3890921e+01
   1.2271860e+01   4.3891445e+01
   1.2288007e+01   4.3891966e+01
   1.2304154e+01   4.3892484e+01
   1.2320302e+01   4.3892999e+01
   1.2336449e+01   4.3893510e+01
   1.2352596e+01   4.3894019e+01
   1.2368743e+01   4.3894525e+01
   1.2384890e+01   4.3895028e+01
   1.2401038e+01   4.3895528e+01
   1.2417185e+01   4.3896025e+01
   1.2433332e+01   4.3896519e+01
   1.2449479e+01   4.3897010e+01
   1.2465626e+01   4.3897499e+01
   1.2481774e+01   4.3897984e+01
   1.2497921e+01   4.3898467e+01
   1.2514068e+01   4.3898947e+01
   1.2530215e+01   4.3899424e+01
   1.2546362e+01   4.3899899e+01
   1.2562509e+01   4.3900370e+01
   1.2578657e+01   4.3900839e+01
   1.2594804e+01   4.3901306e+01
   1.2610951e+01   4.3901769e+01
   1.2627098e+01   4.3902230e+01
   1.2643245e+01   4.3902689e+01
   1.2659393e+01   4.3903144e+01
   1.2675540e+01   4.3903597e+01
   1.2691687e+01   4.3904048e+01
   1.2707834e+01   4.3904496e+01
   1.2723981e+01   4.3904941e+01
   1.2740128e+01   4.3905384e+01
   1.2756276e+01   4.3905824e+01
   1.2772423e+01   4.3906262e+01
   1.2788570e+01   4.3906697e+01
   1.2804717e+01   4.3907130e+01
   1.2820864e+01   4.3907561e+01
   1.2837012e+01   4.3907989e+01
   1.2853159e+01   4.3908414e+01
   1.2869306e+01   4.3908837e+01
   1.2885453e+01   4.3909258e+01
   1.2901600e+01   4.3909676e+01
   1.2917747e+01   4.3910092e+01
   1.2933895e+01   4.3910506e+01
   1.2950042e+01   4.3910917e+01
   1.2966189e+01   4.3911326e+01
   1.2982336e+01   4.3911733e+01
   1.2998483e+01   4.3912137e+01
   1.3014631e+01   4.3912539e+01
   1.3030778e+01   4.3912939e+01
   1.3046925e+01   4.3913337e+01
   1.3063072e+01   4.3913732e+01
   1.3079219e+01   4.3914125e+01
   1.3095367e+01   4.3914516e+01
   1.3111514e+01   4.3914905e+01
   1.3127661e+01   4.3915292e+01
   1.3143808e+01   4.3915677e+01
   1.3159955e+01   4.3916059e+01
   1.3176102e+01   4.3916439e+01
   1.3192250e+01   4.3916817e+01
   1.3208397e+01   4.3917193e+01
   1.3224544e+01   4.3917567e+01
   1.3240691e+01   4.3917939e+01
   1.3256838e+01   4.3918309e+01
   1.3272986e+01   4.3918677e+01
   1.3289133e+01   4.3919043e+01
   1.3305280e+01   4.3919406e+01
   1.3321427e+01   4.3919768e+01
   1.3337574e+01   4.3920128e+01
   1.3353721e+01   4.3920486e+01
   1.3369869e+01   4.3920842e+01
   1.3386016e+01   4.3921195e+01
   1.3402163e+01   4.3921547e+01
   1.3418310e+01   4.3921897e+01
   1.3434457e+01   4.3922246e+01
   1.3450605e+01   4.3922592e+01
   1.3466752e+01   4.3922936e+01
   1.3482899e+01   4.3923279e+01
   1.3499046e+01   4.3923619e+01
   1.3515193e+01   4.3923958e+01
   1.3531340e+01   4.3924295e+01
   1.3547488e+01   4.3924630e+01
   1.3563635e+01   4.3924963e+01
   1.3579782e+01   4.3925294e+01
   1.3595929e+01   4.3925624e+01
   1.3612076e+01   4.3925952e+01
   1.3628224e+01   4.3926278e+01
   1.3644371e+01   4.3926602e+01
   1.3660518e+01   4.3926925e+01
   1.3676665e+01   4.3927246e+01
   1.3692812e+01   4.3927565e+01
   1.3708960e+01   4.3927882e+01
   1.3725107e+01   4.3928198e+01
   1.3741254e+01   4.3928512e+01
   1.3757401e+01   4.3928824e+01
   1.3773548e+01   4.3929135e+01
   1.3789695e+01   4.3929444e+01
   1.3805843e+01   4.3929751e+01
   1.3821990e+01   4.3930057e+01
   1.3838137e+01   4.3930361e+01
   1.3854284e+01   4.3930663e+01
   1.3870431e+01   4.3930964e+01
   1.3886579e+01   4.3931263e+01
   1.3902726e+01   4.3931561e+01
   1.3918873e+01   4.3931857e+01
   1.3935020e+01   4.3932151e+01
   1.3951167e+01   4.3932444e+01
   1.3967314e+01   4.3932735e+01
   1.3983462e+01   4.3933025e+01
   1.3999609e+01   4.3933313e+01
   1.4015756e+01   4.3933600e+01
   1.4031903e+01   4.3933885e+01
   1.4048050e+01   4.3934169e+01
   1.4064198e+01   4.3934451e+01
   1.4080345e+01   4.3934732e+01
   1.4096492e+01   4.3935011e+01
   1.4112639e+01   4.3935289e+01
   1.4128786e+01   4.3935566e+01
   1.4144934e+01   4.3935840e+01
   1.4161081e+01   4.3936114e+01
   1.4177228e+01   4.3936386e+01
   1.4193375e+01   4.3936657e+01
   1.4209522e+01   4.3936926e+01
   1.4225669e+01   4.3937194e+01
   1.4241817e+01   4.3937460e+01
   1.4257964e+01   4.3937725e+01
   1.4274111e+01   4.3937989e+01
   1.4290258e+01   4.3938251e+01
   1.4306405e+01   4.3938512e+01
   1.4322553e+01   4.3938771e+01
   1.4338700e+01   4.3939029e+01
   1.4354847e+01   4.3939286e+01
   1.4370994e+01   4.3939542e+01
   1.4387141e+01   4.3939796e+01
   1.4403288e+01   4.3940049e+01
   1.4419436e+01   4.3940301e+01
   1.4435583e+01   4.3940551e+01
   1.4451730e+01   4.3940800e+01
   1.4467877e+01   4.3941048e+01
   1.4484024e+01   4.3941294e+01
   1.4500172e+01   4.3941539e+01
   1.4516319e+01   4.3941783e+01
   1.4532466e+01   4.3942026e+01
   1.4548613e+01   4.3942267e+01
   1.4564760e+01   4.3942507e+01
   1.4580907e+01   4.3942746e+01
   1.4597055e+01   4.3942984e+01
   1.4613202e+01   4.3943221e+01
   1.4629349e+01   4.3943456e+01
   1.4645496e+01   4.3943690e+01
   1.4661643e+01   4.3943923e+01
   1.4677791e+01   4.3944155e+01
   1.4693938e+01   4.3944385e+01
   1.4710085e+01   4.3944615e+01
   1.4726232e+01   4.3944843e+01
   1.4742379e+01   4.3945070e+01
   1.4758527e+01   4.3945296e+01
   1.4774674e+01   4.3945521e+01
   1.4790821e+01   4.3945744e+01
   1.4806968e+01   4.3945967e+01
   1.4823115e+01   4.3946188e+01
   1.4839262e+01   4.3946409e+01
   1.4855410e+01   4.3946628e+01
   1.4871557e+01   4.3946846e+01
   1.4887704e+01   4.3947063e+01
   1.4903851e+01   4.3947279e+01
   1.4919998e+01   4.3947494e+01
   1.4936146e+01   4.3947707e+01
   1.4952293e+01   4.3947920e+01
   1.4968440e+01   4.3948132e+01
   1.4984587e+01   4.3948342e+01
   1.5000734e+01   4.3948552e+01
   1.5016881e+01   4.3948760e+01
   1.5033029e+01   4.3948967e+01
   1.5049176e+01   4.3949174e+01
   1.5065323e+01   4.3949379e+01
   1.5081470e+01   4.3949584e+01
   1.5097617e+01   4.3949787e+01
   1.5113765e+01   4.3949989e+01
   1.5129912e+01   4.3950190e+01
   1.5146059e+01   4.3950391e+01
   1.5162206e+01   4.3950590e+01
   1.5178353e+01   4.3950788e+01
   1.5194500e+01   4.3950986e+01
   1.5210648e+01   4.3951182e+01
   1.5226795e+01   4.3951378e+01
   1.5242942e+01   4.3951572e+01
   1.5259089e+01   4.3951765e+01
   1.5275236e+01   4.3951958e+01
   1.5291384e+01   4.3952150e+01
   1.5307531e+01   4.3952340e+01
   1.5323678e+01   4.3952530e+01
   1.5339825e+01   4.3952719e+01
   1.5355972e+01   4.3952907e+01
   1.5372120e+01   4.3953094e+01
   1.5388267e+01   4.3953280e+01
   1.5404414e+01   4.3953465e+01
   1.5420561e+01   4.3953649e+01
   1.5436708e+01   4.3953832e+01
   1.5452855e+01   4.3954015e+01
   1.5469003e+01   4.3954196e+01
   1.5485150e+01   4.3954377e+01
   1.5501297e+01   4.3954557e+01
   1.5517444e+01   4.3954736e+01
   1.5533591e+01   4.3954914e+01
   1.5549739e+01   4.3955091e+01
   1.5565886e+01   4.3955267e+01
   1.5582033e+01   4.3955443e+01
   1.5598180e+01   4.3955617e+01
   1.5614327e+01   4.3955791e+01
   1.5630474e+01   4.3955964e+01
   1.5646622e+01   4.3956136e+01
   1.5662769e+01   4.3956307e+01
   1.5678916e+01   4.3956478e+01
   1.5695063e+01   4.3956647e+01
   1.5711210e+01   4.3956816e+01
   1.5727358e+01   4.3956984e+01
   1.5743505e+01   4.3957151e+01
   1.5759652e+01   4.3957318e+01
   1.5775799e+01   4.3957483e+01
   1.5791946e+01   4.3957648e+01
   1.5808093e+01   4.3957812e+01
   1.5824241e+01   4.3957976e+01
   1.5840388e+01   4.3958138e+01
   1.5856535e+01   4.3958300e+01
   1.5872682e+01   4.3958461e+01
   1.5888829e+01   4.3958621e+01
   1.5904977e+01   4.3958780e+01
   1.5921124e+01   4.3958939e+01
   1.5937271e+01   4.3959097e+01
   1.5953418e+01   4.3959254e+01
   1.5969565e+01   4.3959410e+01
   1.5985713e+01   4.3959566e+01
   1.6001860e+01   4.3959721e+01
   1.6018007e+01   4.3959875e+01
   1.6034154e+01   4.3960029e+01
   1.6050301e+01   4.3960181e+01
   1.6066448e+01   4.3960333e+01
   1.6082596e+01   4.3960485e+01
   1.6098743e+01   4.3960635e+01
   1.6114890e+01   4.3960785e+01
   1.6131037e+01   4.3960934e+01
