# Z 49 rho 7.30988 A(Z) 114.818
1 7.951 0.005455 7799 0 0 7806.96
1.5 7.537 0.009871 3123 0 0 3130.55
2 7.086 0.01417 1571 0 0 1578.1
3 6.194 0.02204 574.8 0 0 581.016
3.01 6.186 0.02211 569.9 0 0 576.108
3.73 5.596 0.0273 330 0 0 335.623
3.73 5.596 0.0273 1041 0 0 1046.62
3.833 5.515 0.02801 981.5 0 0 987.043
3.938 5.434 0.02874 925.7 0 0 931.163
3.938 5.434 0.02874 1247 0 0 1252.46
4 5.386 0.02916 1225 0 0 1230.42
4.237 5.212 0.03076 1061 0 0 1066.24
4.237 5.212 0.03076 1218 0 0 1223.24
5 4.691 0.03568 808.8 0 0 813.527
5.02 4.678 0.0358 800.3 0 0 805.014
6 4.106 0.04168 503 0 0 507.148
7.03 3.609 0.04741 331.4 0 0 335.056
8 3.226 0.05245 235.8 0 0 239.078
9.04 2.886 0.0575 169.7 0 0 172.643
10 2.625 0.06178 129.4 0 0 132.087
11.05 2.383 0.06603 98.45 0 0 100.899
13.06 2.01 0.07301 62.3 0 0 64.383
15 1.727 0.07862 42.65 0 0 44.4556
15.07 1.718 0.07881 42.09 0 0 43.8868
17.08 1.481 0.08368 29.7 0 0 31.2647
19.09 1.286 0.08784 21.79 0 0 23.1638
20 1.209 0.08953 19.14 0 0 20.4385
21.1 1.125 0.09144 16.46 0 0 17.6764
23.11 0.9911 0.09457 12.73 0 0 13.8157
25.12 0.88 0.09731 10.07 0 0 11.0473
27.13 0.7875 0.09972 8.102 0 0 8.98922
27.94 0.7547 0.1006 7.458 0 0 8.3133
27.94 0.7547 0.1006 46.47 0 0 47.3253
29.14 0.7101 0.1018 41.71 0 0 42.5219
30 0.6808 0.1026 38.7 0 0 39.4834
31.15 0.6444 0.1037 35.11 0 0 35.8581
33.16 0.5879 0.1053 29.85 0 0 30.5432
35.17 0.5389 0.1067 25.59 0 0 26.2356
37.18 0.496 0.108 22.09 0 0 22.694
39.19 0.4583 0.1091 19.2 0 0 19.7674
40 0.4444 0.1095 18.17 0 0 18.7239
41.2 0.4249 0.1101 16.78 0 0 17.315
43.21 0.3951 0.1109 14.74 0 0 15.246
45.22 0.3683 0.1117 13.02 0 0 13.5
47.23 0.3442 0.1123 11.55 0 0 12.0065
49.24 0.3223 0.1129 10.3 0 0 10.7352
50 0.3146 0.1131 9.876 0 0 10.3037
51.25 0.3024 0.1134 9.224 0 0 9.6398
53.26 0.2842 0.1138 8.293 0 0 8.691
55.27 0.2675 0.1141 7.485 0 0 7.8666
57.28 0.2522 0.1144 6.778 0 0 7.1446
59.29 0.2382 0.1147 6.158 0 0 6.5109
60 0.2336 0.1148 5.958 0 0 6.3064
61.3 0.2253 0.1149 5.611 0 0 5.9512
63.31 0.2134 0.115 5.127 0 0 5.4554
65.32 0.2024 0.1151 4.697 0 0 5.0145
67.33 0.1923 0.1152 4.314 0 0 4.6215
69.34 0.1828 0.1152 3.971 0 0 4.269
71.35 0.1741 0.1152 3.663 0 0 3.9523
73.36 0.166 0.1152 3.386 0 0 3.6672
75.37 0.1584 0.1152 3.137 0 0 3.4106
77.38 0.1514 0.1151 2.911 0 0 3.1775
79.39 0.1448 0.115 2.707 0 0 2.9668
80 0.1429 0.115 2.649 0 0 2.9069
81.4 0.1386 0.1149 2.521 0 0 2.7745
83.41 0.1329 0.1148 2.352 0 0 2.5997
85.42 0.1275 0.1146 2.197 0 0 2.4391
87.43 0.1224 0.1144 2.056 0 0 2.2928
89.44 0.1176 0.1143 1.927 0 0 2.1589
91.45 0.1131 0.1141 1.808 0 0 2.0352
93.46 0.1089 0.1139 1.699 0 0 1.9218
95.47 0.1049 0.1137 1.598 0 0 1.8166
97.49 0.1011 0.1135 1.506 0 0 1.7206
99.5 0.09758 0.1132 1.42 0 0 1.63078
100 0.09672 0.1132 1.399 0 0 1.60892
101.5 0.0942 0.113 1.34 0 0 1.5472
103.5 0.091 0.1128 1.267 0 0 1.4708
105.5 0.08797 0.1125 1.199 0 0 1.39947
107.5 0.08509 0.1123 1.135 0 0 1.33239
109.5 0.08235 0.112 1.076 0 0 1.27035
111.6 0.07975 0.1118 1.021 0 0 1.21255
113.6 0.07727 0.1115 0.9701 0 0 1.15887
115.6 0.0749 0.1112 0.9222 0 0 1.1083
117.6 0.07265 0.111 0.8775 0 0 1.06115
119.6 0.07049 0.1107 0.8356 0 0 1.01679
121.6 0.06843 0.1104 0.7963 0 0 0.97513
123.6 0.06647 0.1101 0.7595 0 0 0.93607
125.6 0.06458 0.1099 0.7249 0 0 0.89938
127.6 0.06278 0.1096 0.6924 0 0 0.86478
129.6 0.06105 0.1093 0.6618 0 0 0.83215
131.7 0.0594 0.109 0.633 0 0 0.8014
133.7 0.05781 0.1087 0.6059 0 0 0.77241
135.7 0.05628 0.1085 0.5803 0 0 0.74508
137.7 0.05481 0.1082 0.5562 0 0 0.71921
139.7 0.05341 0.1079 0.5333 0 0 0.69461
141.7 0.05205 0.1076 0.5118 0 0 0.67145
143.7 0.05075 0.1073 0.4913 0 0 0.64935
145.7 0.04949 0.107 0.472 0 0 0.62849
147.7 0.04828 0.1067 0.4537 0 0 0.60868
149.7 0.04711 0.1065 0.4363 0 0 0.58991
150 0.04697 0.1064 0.4342 0 0 0.58757
151.8 0.04599 0.1062 0.4198 0 0 0.57199
153.8 0.04491 0.1059 0.4041 0 0 0.55491
155.8 0.04386 0.1056 0.3892 0 0 0.53866
157.8 0.04285 0.1053 0.3751 0 0 0.52325
159.8 0.04187 0.105 0.3616 0 0 0.50847
161.8 0.04093 0.1048 0.3488 0 0 0.49453
163.8 0.04002 0.1045 0.3365 0 0 0.48102
165.8 0.03914 0.1042 0.3249 0 0 0.46824
167.8 0.03828 0.1039 0.3138 0 0 0.45598
169.9 0.03746 0.1036 0.3032 0 0 0.44426
171.9 0.03666 0.1034 0.2931 0 0 0.43316
173.9 0.03589 0.1031 0.2834 0 0 0.42239
175.9 0.03514 0.1028 0.2741 0 0 0.41204
177.9 0.03441 0.1025 0.2653 0 0 0.40221
179.9 0.03371 0.1023 0.2569 0 0 0.39291
181.9 0.03302 0.102 0.2488 0 0 0.38382
183.9 0.03236 0.1017 0.241 0 0 0.37506
185.9 0.03172 0.1014 0.2336 0 0 0.36672
187.9 0.03109 0.1012 0.2265 0 0 0.35879
189.9 0.03049 0.1009 0.2196 0 0 0.35099
192 0.0299 0.1006 0.2131 0 0 0.3436
194 0.02932 0.1004 0.2068 0 0 0.33652
196 0.02877 0.1001 0.2008 0 0 0.32967
198 0.02823 0.09986 0.195 0 0 0.32309
200 0.0277 0.0996 0.1894 0 0 0.3167
300 0.01288 0.08838 0.06016 0 0 0.16142
400 0.007406 0.07993 0.02756 0 0 0.114896
500 0.0048 0.07343 0.01548 0 0 0.09371
600 0.00336 0.06813 0.009892 0 0 0.081382
800 0.001908 0.06005 0.005109 0 0 0.067067
1000 0.001227 0.05407 0.003189 0 0 0.058486
1022 0.001175 0.05355 0.003034 0 0 0.057759
1250 0.0007883 0.04843 0.002047 0.0001685 0 0.0514338
1500 0.0005481 0.04405 0.001466 0.0007846 0 0.0468487
2000 0.000309 0.03762 0.0008937 0.002694 0 0.0415167
2044 0.0002959 0.03715 0.0008623 0.002882 0 0.0411902
3000 0.0001375 0.02961 0.0004751 0.006913 1.036e-05 0.037146
4000 7.741e-05 0.02471 0.0003153 0.01068 4.226e-05 0.035825
5000 4.954e-05 0.02134 0.0002335 0.01394 8.413e-05 0.0356472
6000 3.441e-05 0.01887 0.0001845 0.01675 0.0001291 0.035968
7000 2.529e-05 0.01696 0.000152 0.01925 0.0001738 0.0365611
8000 1.936e-05 0.01543 0.0001291 0.02151 0.0002171 0.0373056
9000 1.529e-05 0.01419 0.000112 0.02356 0.0002586 0.0381359
10000 1.239e-05 0.01314 9.892e-05 0.02543 0.000298 0.0389793
