   5.7454250e-03   0.0000000e+00
   1.1490343e-02   1.2012012e-03
   1.7233740e-02   2.4024024e-03
   2.2974604e-02   3.6036036e-03
   2.8711923e-02   4.8048048e-03
   3.4444691e-02   6.0060060e-03
   4.0171904e-02   7.2072072e-03
   4.5892561e-02   8.4084084e-03
   5.1605667e-02   9.6096096e-03
   5.7310236e-02   1.0810811e-02
   6.3005284e-02   1.2012012e-02
   6.8689838e-02   1.3213213e-02
   7.4362931e-02   1.4414414e-02
   8.0023606e-02   1.5615616e-02
   8.5670917e-02   1.6816817e-02
   9.1303925e-02   1.8018018e-02
   9.6921706e-02   1.9219219e-02
   1.0252334e-01   2.0420420e-02
   1.0810794e-01   2.1621622e-02
   1.1367460e-01   2.2822823e-02
   1.1922246e-01   2.4024024e-02
   1.2475064e-01   2.5225225e-02
   1.3025832e-01   2.6426426e-02
   1.3574465e-01   2.7627628e-02
   1.4120882e-01   2.8828829e-02
   1.4665003e-01   3.0030030e-02
   1.5206750e-01   3.1231231e-02
   1.5746048e-01   3.2432432e-02
   1.6282820e-01   3.3633634e-02
   1.6816995e-01   3.4834835e-02
   1.7348501e-01   3.6036036e-02
   1.7877270e-01   3.7237237e-02
   1.8403234e-01   3.8438438e-02
   1.8926329e-01   3.9639640e-02
   1.9446490e-01   4.0840841e-02
   1.9963658e-01   4.2042042e-02
   2.0477772e-01   4.3243243e-02
   2.0988777e-01   4.4444444e-02
   2.1496616e-01   4.5645646e-02
   2.2001237e-01   4.6846847e-02
   2.2502590e-01   4.8048048e-02
   2.3000625e-01   4.9249249e-02
   2.3495296e-01   5.0450450e-02
   2.3986559e-01   5.1651652e-02
   2.4474372e-01   5.2852853e-02
   2.4958694e-01   5.4054054e-02
   2.5439487e-01   5.5255255e-02
   2.5916716e-01   5.6456456e-02
   2.6390346e-01   5.7657658e-02
   2.6860347e-01   5.8858859e-02
   2.7326687e-01   6.0060060e-02
   2.7789341e-01   6.1261261e-02
   2.8248282e-01   6.2462462e-02
   2.8703488e-01   6.3663664e-02
   2.9154936e-01   6.4864865e-02
   2.9602608e-01   6.6066066e-02
   3.0046486e-01   6.7267267e-02
   3.0486555e-01   6.8468468e-02
   3.0922801e-01   6.9669670e-02
   3.1355214e-01   7.0870871e-02
   3.1783782e-01   7.2072072e-02
   3.2208499e-01   7.3273273e-02
   3.2629358e-01   7.4474474e-02
   3.3046355e-01   7.5675676e-02
   3.3459488e-01   7.6876877e-02
   3.3868757e-01   7.8078078e-02
   3.4274161e-01   7.9279279e-02
   3.4675704e-01   8.0480480e-02
   3.5073390e-01   8.1681682e-02
   3.5467224e-01   8.2882883e-02
   3.5857214e-01   8.4084084e-02
   3.6243369e-01   8.5285285e-02
   3.6625699e-01   8.6486486e-02
   3.7004215e-01   8.7687688e-02
   3.7378931e-01   8.8888889e-02
   3.7749861e-01   9.0090090e-02
   3.8117020e-01   9.1291291e-02
   3.8480425e-01   9.2492492e-02
   3.8840095e-01   9.3693694e-02
   3.9196048e-01   9.4894895e-02
   3.9548305e-01   9.6096096e-02
   3.9896887e-01   9.7297297e-02
   4.0241816e-01   9.8498498e-02
   4.0583117e-01   9.9699700e-02
   4.0920812e-01   1.0090090e-01
   4.1254929e-01   1.0210210e-01
   4.1585492e-01   1.0330330e-01
   4.1912528e-01   1.0450450e-01
   4.2236065e-01   1.0570571e-01
   4.2556132e-01   1.0690691e-01
   4.2872758e-01   1.0810811e-01
   4.3185973e-01   1.0930931e-01
   4.3495806e-01   1.1051051e-01
   4.3802290e-01   1.1171171e-01
   4.4105454e-01   1.1291291e-01
   4.4405333e-01   1.1411411e-01
   4.4701958e-01   1.1531532e-01
   4.4995361e-01   1.1651652e-01
   4.5285578e-01   1.1771772e-01
   4.5572641e-01   1.1891892e-01
   4.5856584e-01   1.2012012e-01
   4.6137442e-01   1.2132132e-01
   4.6415250e-01   1.2252252e-01
   4.6690042e-01   1.2372372e-01
   4.6961854e-01   1.2492492e-01
   4.7230721e-01   1.2612613e-01
   4.7496679e-01   1.2732733e-01
   4.7759763e-01   1.2852853e-01
   4.8020009e-01   1.2972973e-01
   4.8277454e-01   1.3093093e-01
   4.8532132e-01   1.3213213e-01
   4.8784080e-01   1.3333333e-01
   4.9033333e-01   1.3453453e-01
   4.9279929e-01   1.3573574e-01
   4.9523902e-01   1.3693694e-01
   4.9765288e-01   1.3813814e-01
   5.0004124e-01   1.3933934e-01
   5.0240446e-01   1.4054054e-01
   5.0474287e-01   1.4174174e-01
   5.0705685e-01   1.4294294e-01
   5.0934674e-01   1.4414414e-01
   5.1161290e-01   1.4534535e-01
   5.1385568e-01   1.4654655e-01
   5.1607542e-01   1.4774775e-01
   5.1827246e-01   1.4894895e-01
   5.2044717e-01   1.5015015e-01
   5.2259986e-01   1.5135135e-01
   5.2473089e-01   1.5255255e-01
   5.2684060e-01   1.5375375e-01
   5.2892930e-01   1.5495495e-01
   5.3099735e-01   1.5615616e-01
   5.3304505e-01   1.5735736e-01
   5.3507275e-01   1.5855856e-01
   5.3708076e-01   1.5975976e-01
   5.3906940e-01   1.6096096e-01
   5.4103899e-01   1.6216216e-01
   5.4298983e-01   1.6336336e-01
   5.4492225e-01   1.6456456e-01
   5.4683655e-01   1.6576577e-01
   5.4873302e-01   1.6696697e-01
   5.5061197e-01   1.6816817e-01
   5.5247370e-01   1.6936937e-01
   5.5431850e-01   1.7057057e-01
   5.5614665e-01   1.7177177e-01
   5.5795845e-01   1.7297297e-01
   5.5975417e-01   1.7417417e-01
   5.6153409e-01   1.7537538e-01
   5.6329849e-01   1.7657658e-01
   5.6504764e-01   1.7777778e-01
   5.6678180e-01   1.7897898e-01
   5.6850124e-01   1.8018018e-01
   5.7020622e-01   1.8138138e-01
   5.7189699e-01   1.8258258e-01
   5.7357382e-01   1.8378378e-01
   5.7523694e-01   1.8498498e-01
   5.7688660e-01   1.8618619e-01
   5.7852304e-01   1.8738739e-01
   5.8014650e-01   1.8858859e-01
   5.8175722e-01   1.8978979e-01
   5.8335542e-01   1.9099099e-01
   5.8494133e-01   1.9219219e-01
   5.8651518e-01   1.9339339e-01
   5.8807719e-01   1.9459459e-01
   5.8962756e-01   1.9579580e-01
   5.9116652e-01   1.9699700e-01
   5.9269427e-01   1.9819820e-01
   5.9421101e-01   1.9939940e-01
   5.9571696e-01   2.0060060e-01
   5.9721230e-01   2.0180180e-01
   5.9869724e-01   2.0300300e-01
   6.0017195e-01   2.0420420e-01
   6.0163665e-01   2.0540541e-01
   6.0309149e-01   2.0660661e-01
   6.0453668e-01   2.0780781e-01
   6.0597238e-01   2.0900901e-01
   6.0739877e-01   2.1021021e-01
   6.0881603e-01   2.1141141e-01
   6.1022432e-01   2.1261261e-01
   6.1162380e-01   2.1381381e-01
   6.1301465e-01   2.1501502e-01
   6.1439701e-01   2.1621622e-01
   6.1577105e-01   2.1741742e-01
   6.1713691e-01   2.1861862e-01
   6.1849476e-01   2.1981982e-01
   6.1984472e-01   2.2102102e-01
   6.2118696e-01   2.2222222e-01
   6.2252160e-01   2.2342342e-01
   6.2384880e-01   2.2462462e-01
   6.2516868e-01   2.2582583e-01
   6.2648137e-01   2.2702703e-01
   6.2778702e-01   2.2822823e-01
   6.2908574e-01   2.2942943e-01
   6.3037766e-01   2.3063063e-01
   6.3166290e-01   2.3183183e-01
   6.3294158e-01   2.3303303e-01
   6.3421383e-01   2.3423423e-01
   6.3547974e-01   2.3543544e-01
   6.3673945e-01   2.3663664e-01
   6.3799305e-01   2.3783784e-01
   6.3924065e-01   2.3903904e-01
   6.4048236e-01   2.4024024e-01
   6.4171828e-01   2.4144144e-01
   6.4294851e-01   2.4264264e-01
   6.4417316e-01   2.4384384e-01
   6.4539231e-01   2.4504505e-01
   6.4660605e-01   2.4624625e-01
   6.4781449e-01   2.4744745e-01
   6.4901771e-01   2.4864865e-01
   6.5021580e-01   2.4984985e-01
   6.5140884e-01   2.5105105e-01
   6.5259692e-01   2.5225225e-01
   6.5378012e-01   2.5345345e-01
   6.5495851e-01   2.5465465e-01
   6.5613218e-01   2.5585586e-01
   6.5730120e-01   2.5705706e-01
   6.5846565e-01   2.5825826e-01
   6.5962560e-01   2.5945946e-01
   6.6078111e-01   2.6066066e-01
   6.6193226e-01   2.6186186e-01
   6.6307912e-01   2.6306306e-01
   6.6422174e-01   2.6426426e-01
   6.6536020e-01   2.6546547e-01
   6.6649455e-01   2.6666667e-01
   6.6762486e-01   2.6786787e-01
   6.6875118e-01   2.6906907e-01
   6.6987357e-01   2.7027027e-01
   6.7099210e-01   2.7147147e-01
   6.7210680e-01   2.7267267e-01
   6.7321774e-01   2.7387387e-01
   6.7432496e-01   2.7507508e-01
   6.7542853e-01   2.7627628e-01
   6.7652847e-01   2.7747748e-01
   6.7762486e-01   2.7867868e-01
   6.7871772e-01   2.7987988e-01
   6.7980711e-01   2.8108108e-01
   6.8089307e-01   2.8228228e-01
   6.8197563e-01   2.8348348e-01
   6.8305486e-01   2.8468468e-01
   6.8413077e-01   2.8588589e-01
   6.8520342e-01   2.8708709e-01
   6.8627284e-01   2.8828829e-01
   6.8733906e-01   2.8948949e-01
   6.8840213e-01   2.9069069e-01
   6.8946208e-01   2.9189189e-01
   6.9051894e-01   2.9309309e-01
   6.9157275e-01   2.9429429e-01
   6.9262353e-01   2.9549550e-01
   6.9367132e-01   2.9669670e-01
   6.9471615e-01   2.9789790e-01
   6.9575805e-01   2.9909910e-01
   6.9679704e-01   3.0030030e-01
   6.9783315e-01   3.0150150e-01
   6.9886641e-01   3.0270270e-01
   6.9989685e-01   3.0390390e-01
   7.0092449e-01   3.0510511e-01
   7.0194935e-01   3.0630631e-01
   7.0297147e-01   3.0750751e-01
   7.0399085e-01   3.0870871e-01
   7.0500752e-01   3.0990991e-01
   7.0602151e-01   3.1111111e-01
   7.0703283e-01   3.1231231e-01
   7.0804151e-01   3.1351351e-01
   7.0904755e-01   3.1471471e-01
   7.1005100e-01   3.1591592e-01
   7.1105185e-01   3.1711712e-01
   7.1205013e-01   3.1831832e-01
   7.1304585e-01   3.1951952e-01
   7.1403904e-01   3.2072072e-01
   7.1502970e-01   3.2192192e-01
   7.1601785e-01   3.2312312e-01
   7.1700351e-01   3.2432432e-01
   7.1798669e-01   3.2552553e-01
   7.1896740e-01   3.2672673e-01
   7.1994566e-01   3.2792793e-01
   7.2092148e-01   3.2912913e-01
   7.2189488e-01   3.3033033e-01
   7.2286585e-01   3.3153153e-01
   7.2383443e-01   3.3273273e-01
   7.2480061e-01   3.3393393e-01
   7.2576441e-01   3.3513514e-01
   7.2672583e-01   3.3633634e-01
   7.2768490e-01   3.3753754e-01
   7.2864161e-01   3.3873874e-01
   7.2959598e-01   3.3993994e-01
   7.3054801e-01   3.4114114e-01
   7.3149771e-01   3.4234234e-01
   7.3244510e-01   3.4354354e-01
   7.3339018e-01   3.4474474e-01
   7.3433296e-01   3.4594595e-01
   7.3527343e-01   3.4714715e-01
   7.3621163e-01   3.4834835e-01
   7.3714754e-01   3.4954955e-01
   7.3808117e-01   3.5075075e-01
   7.3901254e-01   3.5195195e-01
   7.3994164e-01   3.5315315e-01
   7.4086849e-01   3.5435435e-01
   7.4179308e-01   3.5555556e-01
   7.4271543e-01   3.5675676e-01
   7.4363554e-01   3.5795796e-01
   7.4455341e-01   3.5915916e-01
   7.4546905e-01   3.6036036e-01
   7.4638246e-01   3.6156156e-01
   7.4729365e-01   3.6276276e-01
   7.4820263e-01   3.6396396e-01
   7.4910939e-01   3.6516517e-01
   7.5001393e-01   3.6636637e-01
   7.5091627e-01   3.6756757e-01
   7.5181641e-01   3.6876877e-01
   7.5271435e-01   3.6996997e-01
   7.5361009e-01   3.7117117e-01
   7.5450364e-01   3.7237237e-01
   7.5539500e-01   3.7357357e-01
   7.5628417e-01   3.7477477e-01
   7.5717116e-01   3.7597598e-01
   7.5805597e-01   3.7717718e-01
   7.5893859e-01   3.7837838e-01
   7.5981904e-01   3.7957958e-01
   7.6069732e-01   3.8078078e-01
   7.6157342e-01   3.8198198e-01
   7.6244736e-01   3.8318318e-01
   7.6331912e-01   3.8438438e-01
   7.6418873e-01   3.8558559e-01
   7.6505616e-01   3.8678679e-01
   7.6592144e-01   3.8798799e-01
   7.6678456e-01   3.8918919e-01
   7.6764552e-01   3.9039039e-01
   7.6850432e-01   3.9159159e-01
   7.6936097e-01   3.9279279e-01
   7.7021547e-01   3.9399399e-01
   7.7106781e-01   3.9519520e-01
   7.7191801e-01   3.9639640e-01
   7.7276606e-01   3.9759760e-01
   7.7361196e-01   3.9879880e-01
   7.7445572e-01   4.0000000e-01
   7.7529733e-01   4.0120120e-01
   7.7613680e-01   4.0240240e-01
   7.7697413e-01   4.0360360e-01
   7.7780932e-01   4.0480480e-01
   7.7864237e-01   4.0600601e-01
   7.7947329e-01   4.0720721e-01
   7.8030207e-01   4.0840841e-01
   7.8112871e-01   4.0960961e-01
   7.8195322e-01   4.1081081e-01
   7.8277560e-01   4.1201201e-01
   7.8359585e-01   4.1321321e-01
   7.8441397e-01   4.1441441e-01
   7.8522996e-01   4.1561562e-01
   7.8604382e-01   4.1681682e-01
   7.8685556e-01   4.1801802e-01
   7.8766517e-01   4.1921922e-01
   7.8847265e-01   4.2042042e-01
   7.8927802e-01   4.2162162e-01
   7.9008126e-01   4.2282282e-01
   7.9088238e-01   4.2402402e-01
   7.9168138e-01   4.2522523e-01
   7.9247827e-01   4.2642643e-01
   7.9327303e-01   4.2762763e-01
   7.9406568e-01   4.2882883e-01
   7.9485622e-01   4.3003003e-01
   7.9564464e-01   4.3123123e-01
   7.9643095e-01   4.3243243e-01
   7.9721515e-01   4.3363363e-01
   7.9799724e-01   4.3483483e-01
   7.9877722e-01   4.3603604e-01
   7.9955509e-01   4.3723724e-01
   8.0033085e-01   4.3843844e-01
   8.0110451e-01   4.3963964e-01
   8.0187607e-01   4.4084084e-01
   8.0264552e-01   4.4204204e-01
   8.0341288e-01   4.4324324e-01
   8.0417813e-01   4.4444444e-01
   8.0494128e-01   4.4564565e-01
   8.0570234e-01   4.4684685e-01
   8.0646130e-01   4.4804805e-01
   8.0721816e-01   4.4924925e-01
   8.0797293e-01   4.5045045e-01
   8.0872561e-01   4.5165165e-01
   8.0947620e-01   4.5285285e-01
   8.1022470e-01   4.5405405e-01
   8.1097111e-01   4.5525526e-01
   8.1171544e-01   4.5645646e-01
   8.1245768e-01   4.5765766e-01
   8.1319784e-01   4.5885886e-01
   8.1393592e-01   4.6006006e-01
   8.1467191e-01   4.6126126e-01
   8.1540583e-01   4.6246246e-01
   8.1613767e-01   4.6366366e-01
   8.1686744e-01   4.6486486e-01
   8.1759513e-01   4.6606607e-01
   8.1832075e-01   4.6726727e-01
   8.1904430e-01   4.6846847e-01
   8.1976579e-01   4.6966967e-01
   8.2048520e-01   4.7087087e-01
   8.2120255e-01   4.7207207e-01
   8.2191784e-01   4.7327327e-01
   8.2263107e-01   4.7447447e-01
   8.2334224e-01   4.7567568e-01
   8.2405134e-01   4.7687688e-01
   8.2475840e-01   4.7807808e-01
   8.2546340e-01   4.7927928e-01
   8.2616634e-01   4.8048048e-01
   8.2686724e-01   4.8168168e-01
   8.2756609e-01   4.8288288e-01
   8.2826289e-01   4.8408408e-01
   8.2895765e-01   4.8528529e-01
   8.2965037e-01   4.8648649e-01
   8.3034105e-01   4.8768769e-01
   8.3102969e-01   4.8888889e-01
   8.3171629e-01   4.9009009e-01
   8.3240086e-01   4.9129129e-01
   8.3308340e-01   4.9249249e-01
   8.3376390e-01   4.9369369e-01
   8.3444239e-01   4.9489489e-01
   8.3511884e-01   4.9609610e-01
   8.3579328e-01   4.9729730e-01
   8.3646569e-01   4.9849850e-01
   8.3713608e-01   4.9969970e-01
   8.3780446e-01   5.0090090e-01
   8.3847083e-01   5.0210210e-01
   8.3913518e-01   5.0330330e-01
   8.3979753e-01   5.0450450e-01
   8.4045786e-01   5.0570571e-01
   8.4111620e-01   5.0690691e-01
   8.4177253e-01   5.0810811e-01
   8.4242686e-01   5.0930931e-01
   8.4307920e-01   5.1051051e-01
   8.4372954e-01   5.1171171e-01
   8.4437789e-01   5.1291291e-01
   8.4502426e-01   5.1411411e-01
   8.4566863e-01   5.1531532e-01
   8.4631102e-01   5.1651652e-01
   8.4695143e-01   5.1771772e-01
   8.4758986e-01   5.1891892e-01
   8.4822632e-01   5.2012012e-01
   8.4886080e-01   5.2132132e-01
   8.4949331e-01   5.2252252e-01
   8.5012385e-01   5.2372372e-01
   8.5075243e-01   5.2492492e-01
   8.5137904e-01   5.2612613e-01
   8.5200370e-01   5.2732733e-01
   8.5262640e-01   5.2852853e-01
   8.5324714e-01   5.2972973e-01
   8.5386593e-01   5.3093093e-01
   8.5448278e-01   5.3213213e-01
   8.5509767e-01   5.3333333e-01
   8.5571063e-01   5.3453453e-01
   8.5632164e-01   5.3573574e-01
   8.5693072e-01   5.3693694e-01
   8.5753787e-01   5.3813814e-01
   8.5814308e-01   5.3933934e-01
   8.5874636e-01   5.4054054e-01
   8.5934772e-01   5.4174174e-01
   8.5994716e-01   5.4294294e-01
   8.6054468e-01   5.4414414e-01
   8.6114028e-01   5.4534535e-01
   8.6173397e-01   5.4654655e-01
   8.6232575e-01   5.4774775e-01
   8.6291563e-01   5.4894895e-01
   8.6350359e-01   5.5015015e-01
   8.6408966e-01   5.5135135e-01
   8.6467383e-01   5.5255255e-01
   8.6525611e-01   5.5375375e-01
   8.6583650e-01   5.5495495e-01
   8.6641500e-01   5.5615616e-01
   8.6699161e-01   5.5735736e-01
   8.6756634e-01   5.5855856e-01
   8.6813920e-01   5.5975976e-01
   8.6871017e-01   5.6096096e-01
   8.6927928e-01   5.6216216e-01
   8.6984652e-01   5.6336336e-01
   8.7041190e-01   5.6456456e-01
   8.7097541e-01   5.6576577e-01
   8.7153706e-01   5.6696697e-01
   8.7209686e-01   5.6816817e-01
   8.7265481e-01   5.6936937e-01
   8.7321091e-01   5.7057057e-01
   8.7376516e-01   5.7177177e-01
   8.7431758e-01   5.7297297e-01
   8.7486815e-01   5.7417417e-01
   8.7541689e-01   5.7537538e-01
   8.7596380e-01   5.7657658e-01
   8.7650889e-01   5.7777778e-01
   8.7705214e-01   5.7897898e-01
   8.7759358e-01   5.8018018e-01
   8.7813320e-01   5.8138138e-01
   8.7867101e-01   5.8258258e-01
   8.7920700e-01   5.8378378e-01
   8.7974119e-01   5.8498498e-01
   8.8027358e-01   5.8618619e-01
   8.8080417e-01   5.8738739e-01
   8.8133296e-01   5.8858859e-01
   8.8185996e-01   5.8978979e-01
   8.8238517e-01   5.9099099e-01
   8.8290860e-01   5.9219219e-01
   8.8343024e-01   5.9339339e-01
   8.8395011e-01   5.9459459e-01
   8.8446820e-01   5.9579580e-01
   8.8498452e-01   5.9699700e-01
   8.8549908e-01   5.9819820e-01
   8.8601187e-01   5.9939940e-01
   8.8652290e-01   6.0060060e-01
   8.8703218e-01   6.0180180e-01
   8.8753971e-01   6.0300300e-01
   8.8804548e-01   6.0420420e-01
   8.8854952e-01   6.0540541e-01
   8.8905181e-01   6.0660661e-01
   8.8955236e-01   6.0780781e-01
   8.9005119e-01   6.0900901e-01
   8.9054828e-01   6.1021021e-01
   8.9104365e-01   6.1141141e-01
   8.9153729e-01   6.1261261e-01
   8.9202922e-01   6.1381381e-01
   8.9251943e-01   6.1501502e-01
   8.9300793e-01   6.1621622e-01
   8.9349473e-01   6.1741742e-01
   8.9397982e-01   6.1861862e-01
   8.9446322e-01   6.1981982e-01
   8.9494492e-01   6.2102102e-01
   8.9542492e-01   6.2222222e-01
   8.9590324e-01   6.2342342e-01
   8.9637988e-01   6.2462462e-01
   8.9685484e-01   6.2582583e-01
   8.9732812e-01   6.2702703e-01
   8.9779973e-01   6.2822823e-01
   8.9826968e-01   6.2942943e-01
   8.9873795e-01   6.3063063e-01
   8.9920457e-01   6.3183183e-01
   8.9966954e-01   6.3303303e-01
   9.0013285e-01   6.3423423e-01
   9.0059451e-01   6.3543544e-01
   9.0105453e-01   6.3663664e-01
   9.0151291e-01   6.3783784e-01
   9.0196965e-01   6.3903904e-01
   9.0242476e-01   6.4024024e-01
   9.0287824e-01   6.4144144e-01
   9.0333010e-01   6.4264264e-01
   9.0378033e-01   6.4384384e-01
   9.0422895e-01   6.4504505e-01
   9.0467596e-01   6.4624625e-01
   9.0512136e-01   6.4744745e-01
   9.0556516e-01   6.4864865e-01
   9.0600735e-01   6.4984985e-01
   9.0644795e-01   6.5105105e-01
   9.0688695e-01   6.5225225e-01
   9.0732437e-01   6.5345345e-01
   9.0776021e-01   6.5465465e-01
   9.0819446e-01   6.5585586e-01
   9.0862714e-01   6.5705706e-01
   9.0905824e-01   6.5825826e-01
   9.0948778e-01   6.5945946e-01
   9.0991575e-01   6.6066066e-01
   9.1034216e-01   6.6186186e-01
   9.1076702e-01   6.6306306e-01
   9.1119033e-01   6.6426426e-01
   9.1161208e-01   6.6546547e-01
   9.1203230e-01   6.6666667e-01
   9.1245097e-01   6.6786787e-01
   9.1286811e-01   6.6906907e-01
   9.1328372e-01   6.7027027e-01
   9.1369780e-01   6.7147147e-01
   9.1411035e-01   6.7267267e-01
   9.1452139e-01   6.7387387e-01
   9.1493091e-01   6.7507508e-01
   9.1533892e-01   6.7627628e-01
   9.1574543e-01   6.7747748e-01
   9.1615043e-01   6.7867868e-01
   9.1655393e-01   6.7987988e-01
   9.1695594e-01   6.8108108e-01
   9.1735645e-01   6.8228228e-01
   9.1775548e-01   6.8348348e-01
   9.1815303e-01   6.8468468e-01
   9.1854910e-01   6.8588589e-01
   9.1894370e-01   6.8708709e-01
   9.1933682e-01   6.8828829e-01
   9.1972848e-01   6.8948949e-01
   9.2011868e-01   6.9069069e-01
   9.2050742e-01   6.9189189e-01
   9.2089471e-01   6.9309309e-01
   9.2128055e-01   6.9429429e-01
   9.2166494e-01   6.9549550e-01
   9.2204789e-01   6.9669670e-01
   9.2242940e-01   6.9789790e-01
   9.2280948e-01   6.9909910e-01
   9.2318814e-01   7.0030030e-01
   9.2356536e-01   7.0150150e-01
   9.2394117e-01   7.0270270e-01
   9.2431556e-01   7.0390390e-01
   9.2468854e-01   7.0510511e-01
   9.2506011e-01   7.0630631e-01
   9.2543027e-01   7.0750751e-01
   9.2579904e-01   7.0870871e-01
   9.2616641e-01   7.0990991e-01
   9.2653238e-01   7.1111111e-01
   9.2689697e-01   7.1231231e-01
   9.2726018e-01   7.1351351e-01
   9.2762200e-01   7.1471471e-01
   9.2798246e-01   7.1591592e-01
   9.2834153e-01   7.1711712e-01
   9.2869925e-01   7.1831832e-01
   9.2905560e-01   7.1951952e-01
   9.2941059e-01   7.2072072e-01
   9.2976422e-01   7.2192192e-01
   9.3011651e-01   7.2312312e-01
   9.3046744e-01   7.2432432e-01
   9.3081704e-01   7.2552553e-01
   9.3116530e-01   7.2672673e-01
   9.3151222e-01   7.2792793e-01
   9.3185781e-01   7.2912913e-01
   9.3220208e-01   7.3033033e-01
   9.3254502e-01   7.3153153e-01
   9.3288664e-01   7.3273273e-01
   9.3322696e-01   7.3393393e-01
   9.3356596e-01   7.3513514e-01
   9.3390365e-01   7.3633634e-01
   9.3424005e-01   7.3753754e-01
   9.3457514e-01   7.3873874e-01
   9.3490895e-01   7.3993994e-01
   9.3524146e-01   7.4114114e-01
   9.3557269e-01   7.4234234e-01
   9.3590263e-01   7.4354354e-01
   9.3623130e-01   7.4474474e-01
   9.3655870e-01   7.4594595e-01
   9.3688482e-01   7.4714715e-01
   9.3720968e-01   7.4834835e-01
   9.3753328e-01   7.4954955e-01
   9.3785563e-01   7.5075075e-01
   9.3817671e-01   7.5195195e-01
   9.3849655e-01   7.5315315e-01
   9.3881515e-01   7.5435435e-01
   9.3913250e-01   7.5555556e-01
   9.3944862e-01   7.5675676e-01
   9.3976350e-01   7.5795796e-01
   9.4007716e-01   7.5915916e-01
   9.4038959e-01   7.6036036e-01
   9.4070080e-01   7.6156156e-01
   9.4101079e-01   7.6276276e-01
   9.4131957e-01   7.6396396e-01
   9.4162714e-01   7.6516517e-01
   9.4193350e-01   7.6636637e-01
   9.4223866e-01   7.6756757e-01
   9.4254263e-01   7.6876877e-01
   9.4284540e-01   7.6996997e-01
   9.4314699e-01   7.7117117e-01
   9.4344739e-01   7.7237237e-01
   9.4374660e-01   7.7357357e-01
   9.4404464e-01   7.7477477e-01
   9.4434151e-01   7.7597598e-01
   9.4463721e-01   7.7717718e-01
   9.4493174e-01   7.7837838e-01
   9.4522511e-01   7.7957958e-01
   9.4551732e-01   7.8078078e-01
   9.4580838e-01   7.8198198e-01
   9.4609829e-01   7.8318318e-01
   9.4638705e-01   7.8438438e-01
   9.4667467e-01   7.8558559e-01
   9.4696115e-01   7.8678679e-01
   9.4724650e-01   7.8798799e-01
   9.4753072e-01   7.8918919e-01
   9.4781381e-01   7.9039039e-01
   9.4809578e-01   7.9159159e-01
   9.4837663e-01   7.9279279e-01
   9.4865636e-01   7.9399399e-01
   9.4893499e-01   7.9519520e-01
   9.4921250e-01   7.9639640e-01
   9.4948892e-01   7.9759760e-01
   9.4976423e-01   7.9879880e-01
   9.5003845e-01   8.0000000e-01
   9.5031157e-01   8.0120120e-01
   9.5058361e-01   8.0240240e-01
   9.5085456e-01   8.0360360e-01
   9.5112444e-01   8.0480480e-01
   9.5139323e-01   8.0600601e-01
   9.5166096e-01   8.0720721e-01
   9.5192761e-01   8.0840841e-01
   9.5219320e-01   8.0960961e-01
   9.5245773e-01   8.1081081e-01
   9.5272120e-01   8.1201201e-01
   9.5298362e-01   8.1321321e-01
   9.5324498e-01   8.1441441e-01
   9.5350530e-01   8.1561562e-01
   9.5376458e-01   8.1681682e-01
   9.5402281e-01   8.1801802e-01
   9.5428002e-01   8.1921922e-01
   9.5453619e-01   8.2042042e-01
   9.5479133e-01   8.2162162e-01
   9.5504545e-01   8.2282282e-01
   9.5529854e-01   8.2402402e-01
   9.5555062e-01   8.2522523e-01
   9.5580169e-01   8.2642643e-01
   9.5605175e-01   8.2762763e-01
   9.5630080e-01   8.2882883e-01
   9.5654885e-01   8.3003003e-01
   9.5679590e-01   8.3123123e-01
   9.5704196e-01   8.3243243e-01
   9.5728702e-01   8.3363363e-01
   9.5753110e-01   8.3483483e-01
   9.5777419e-01   8.3603604e-01
   9.5801631e-01   8.3723724e-01
   9.5825744e-01   8.3843844e-01
   9.5849761e-01   8.3963964e-01
   9.5873680e-01   8.4084084e-01
   9.5897503e-01   8.4204204e-01
   9.5921229e-01   8.4324324e-01
   9.5944860e-01   8.4444444e-01
   9.5968395e-01   8.4564565e-01
   9.5991834e-01   8.4684685e-01
   9.6015179e-01   8.4804805e-01
   9.6038430e-01   8.4924925e-01
   9.6061586e-01   8.5045045e-01
   9.6084649e-01   8.5165165e-01
   9.6107618e-01   8.5285285e-01
   9.6130494e-01   8.5405405e-01
   9.6153278e-01   8.5525526e-01
   9.6175969e-01   8.5645646e-01
   9.6198568e-01   8.5765766e-01
   9.6221075e-01   8.5885886e-01
   9.6243491e-01   8.6006006e-01
   9.6265816e-01   8.6126126e-01
   9.6288051e-01   8.6246246e-01
   9.6310195e-01   8.6366366e-01
   9.6332249e-01   8.6486486e-01
   9.6354214e-01   8.6606607e-01
   9.6376089e-01   8.6726727e-01
   9.6397875e-01   8.6846847e-01
   9.6419573e-01   8.6966967e-01
   9.6441182e-01   8.7087087e-01
   9.6462704e-01   8.7207207e-01
   9.6484138e-01   8.7327327e-01
   9.6505484e-01   8.7447447e-01
   9.6526744e-01   8.7567568e-01
   9.6547918e-01   8.7687688e-01
   9.6569004e-01   8.7807808e-01
   9.6590006e-01   8.7927928e-01
   9.6610921e-01   8.8048048e-01
   9.6631751e-01   8.8168168e-01
   9.6652497e-01   8.8288288e-01
   9.6673157e-01   8.8408408e-01
   9.6693734e-01   8.8528529e-01
   9.6714226e-01   8.8648649e-01
   9.6734635e-01   8.8768769e-01
   9.6754961e-01   8.8888889e-01
   9.6775204e-01   8.9009009e-01
   9.6795364e-01   8.9129129e-01
   9.6815441e-01   8.9249249e-01
   9.6835437e-01   8.9369369e-01
   9.6855351e-01   8.9489489e-01
   9.6875184e-01   8.9609610e-01
   9.6894936e-01   8.9729730e-01
   9.6914607e-01   8.9849850e-01
   9.6934197e-01   8.9969970e-01
   9.6953708e-01   9.0090090e-01
   9.6973138e-01   9.0210210e-01
   9.6992490e-01   9.0330330e-01
   9.7011762e-01   9.0450450e-01
   9.7030955e-01   9.0570571e-01
   9.7050070e-01   9.0690691e-01
   9.7069107e-01   9.0810811e-01
   9.7088066e-01   9.0930931e-01
   9.7106947e-01   9.1051051e-01
   9.7125751e-01   9.1171171e-01
   9.7144478e-01   9.1291291e-01
   9.7163128e-01   9.1411411e-01
   9.7181702e-01   9.1531532e-01
   9.7200200e-01   9.1651652e-01
   9.7218622e-01   9.1771772e-01
   9.7236969e-01   9.1891892e-01
   9.7255241e-01   9.2012012e-01
   9.7273437e-01   9.2132132e-01
   9.7291560e-01   9.2252252e-01
   9.7309608e-01   9.2372372e-01
   9.7327582e-01   9.2492492e-01
   9.7345483e-01   9.2612613e-01
   9.7363310e-01   9.2732733e-01
   9.7381064e-01   9.2852853e-01
   9.7398745e-01   9.2972973e-01
   9.7416354e-01   9.3093093e-01
   9.7433891e-01   9.3213213e-01
   9.7451356e-01   9.3333333e-01
   9.7468749e-01   9.3453453e-01
   9.7486071e-01   9.3573574e-01
   9.7503323e-01   9.3693694e-01
   9.7520503e-01   9.3813814e-01
   9.7537613e-01   9.3933934e-01
   9.7554653e-01   9.4054054e-01
   9.7571623e-01   9.4174174e-01
   9.7588523e-01   9.4294294e-01
   9.7605355e-01   9.4414414e-01
   9.7622117e-01   9.4534535e-01
   9.7638810e-01   9.4654655e-01
   9.7655436e-01   9.4774775e-01
   9.7671992e-01   9.4894895e-01
   9.7688482e-01   9.5015015e-01
   9.7704903e-01   9.5135135e-01
   9.7721257e-01   9.5255255e-01
   9.7737545e-01   9.5375375e-01
   9.7753765e-01   9.5495495e-01
   9.7769919e-01   9.5615616e-01
   9.7786007e-01   9.5735736e-01
   9.7802029e-01   9.5855856e-01
   9.7817985e-01   9.5975976e-01
   9.7833876e-01   9.6096096e-01
   9.7849701e-01   9.6216216e-01
   9.7865462e-01   9.6336336e-01
   9.7881159e-01   9.6456456e-01
   9.7896791e-01   9.6576577e-01
   9.7912359e-01   9.6696697e-01
   9.7927863e-01   9.6816817e-01
   9.7943304e-01   9.6936937e-01
   9.7958681e-01   9.7057057e-01
   9.7973995e-01   9.7177177e-01
   9.7989247e-01   9.7297297e-01
   9.8004437e-01   9.7417417e-01
   9.8019564e-01   9.7537538e-01
   9.8034629e-01   9.7657658e-01
   9.8049633e-01   9.7777778e-01
   9.8064575e-01   9.7897898e-01
   9.8079456e-01   9.8018018e-01
   9.8094276e-01   9.8138138e-01
   9.8109035e-01   9.8258258e-01
   9.8123734e-01   9.8378378e-01
   9.8138373e-01   9.8498498e-01
   9.8152952e-01   9.8618619e-01
   9.8167472e-01   9.8738739e-01
   9.8181932e-01   9.8858859e-01
   9.8196333e-01   9.8978979e-01
   9.8210675e-01   9.9099099e-01
   9.8224958e-01   9.9219219e-01
   9.8239183e-01   9.9339339e-01
   9.8253350e-01   9.9459459e-01
   9.8267459e-01   9.9579580e-01
   9.8281511e-01   9.9699700e-01
   9.8295505e-01   9.9819820e-01
   9.8309441e-01   9.9939940e-01
   9.8323321e-01   1.0006006e+00
   9.8337145e-01   1.0018018e+00
   9.8350911e-01   1.0030030e+00
   9.8364622e-01   1.0042042e+00
   9.8378277e-01   1.0054054e+00
   9.8391876e-01   1.0066066e+00
   9.8405419e-01   1.0078078e+00
   9.8418908e-01   1.0090090e+00
   9.8432341e-01   1.0102102e+00
   9.8445719e-01   1.0114114e+00
   9.8459043e-01   1.0126126e+00
   9.8472313e-01   1.0138138e+00
   9.8485529e-01   1.0150150e+00
   9.8498691e-01   1.0162162e+00
   9.8511799e-01   1.0174174e+00
   9.8524854e-01   1.0186186e+00
   9.8537855e-01   1.0198198e+00
   9.8550804e-01   1.0210210e+00
   9.8563700e-01   1.0222222e+00
   9.8576544e-01   1.0234234e+00
   9.8589335e-01   1.0246246e+00
   9.8602074e-01   1.0258258e+00
   9.8614762e-01   1.0270270e+00
   9.8627398e-01   1.0282282e+00
   9.8639982e-01   1.0294294e+00
   9.8652516e-01   1.0306306e+00
   9.8664999e-01   1.0318318e+00
   9.8677431e-01   1.0330330e+00
   9.8689812e-01   1.0342342e+00
   9.8702143e-01   1.0354354e+00
   9.8714424e-01   1.0366366e+00
   9.8726656e-01   1.0378378e+00
   9.8738837e-01   1.0390390e+00
   9.8750970e-01   1.0402402e+00
   9.8763053e-01   1.0414414e+00
   9.8775087e-01   1.0426426e+00
   9.8787073e-01   1.0438438e+00
   9.8799010e-01   1.0450450e+00
   9.8810898e-01   1.0462462e+00
   9.8822739e-01   1.0474474e+00
   9.8834532e-01   1.0486486e+00
   9.8846276e-01   1.0498498e+00
   9.8857974e-01   1.0510511e+00
   9.8869624e-01   1.0522523e+00
   9.8881227e-01   1.0534535e+00
   9.8892783e-01   1.0546547e+00
   9.8904293e-01   1.0558559e+00
   9.8915756e-01   1.0570571e+00
   9.8927173e-01   1.0582583e+00
   9.8938543e-01   1.0594595e+00
   9.8949868e-01   1.0606607e+00
   9.8961147e-01   1.0618619e+00
   9.8972381e-01   1.0630631e+00
   9.8983570e-01   1.0642643e+00
   9.8994713e-01   1.0654655e+00
   9.9005812e-01   1.0666667e+00
   9.9016865e-01   1.0678679e+00
   9.9027875e-01   1.0690691e+00
   9.9038840e-01   1.0702703e+00
   9.9049761e-01   1.0714715e+00
   9.9060638e-01   1.0726727e+00
   9.9071471e-01   1.0738739e+00
   9.9082261e-01   1.0750751e+00
   9.9093008e-01   1.0762763e+00
   9.9103711e-01   1.0774775e+00
   9.9114372e-01   1.0786787e+00
   9.9124990e-01   1.0798799e+00
   9.9135565e-01   1.0810811e+00
   9.9146098e-01   1.0822823e+00
   9.9156588e-01   1.0834835e+00
   9.9167037e-01   1.0846847e+00
   9.9177444e-01   1.0858859e+00
   9.9187809e-01   1.0870871e+00
   9.9198132e-01   1.0882883e+00
   9.9208415e-01   1.0894895e+00
   9.9218656e-01   1.0906907e+00
   9.9228856e-01   1.0918919e+00
   9.9239016e-01   1.0930931e+00
   9.9249135e-01   1.0942943e+00
   9.9259214e-01   1.0954955e+00
   9.9269252e-01   1.0966967e+00
   9.9279251e-01   1.0978979e+00
   9.9289209e-01   1.0990991e+00
   9.9299128e-01   1.1003003e+00
   9.9309008e-01   1.1015015e+00
   9.9318848e-01   1.1027027e+00
   9.9328649e-01   1.1039039e+00
   9.9338411e-01   1.1051051e+00
   9.9348134e-01   1.1063063e+00
   9.9357819e-01   1.1075075e+00
   9.9367465e-01   1.1087087e+00
   9.9377073e-01   1.1099099e+00
   9.9386643e-01   1.1111111e+00
   9.9396175e-01   1.1123123e+00
   9.9405669e-01   1.1135135e+00
   9.9415125e-01   1.1147147e+00
   9.9424544e-01   1.1159159e+00
   9.9433926e-01   1.1171171e+00
   9.9443270e-01   1.1183183e+00
   9.9452578e-01   1.1195195e+00
   9.9461848e-01   1.1207207e+00
   9.9471083e-01   1.1219219e+00
   9.9480280e-01   1.1231231e+00
   9.9489442e-01   1.1243243e+00
   9.9498567e-01   1.1255255e+00
   9.9507656e-01   1.1267267e+00
   9.9516710e-01   1.1279279e+00
   9.9525727e-01   1.1291291e+00
   9.9534710e-01   1.1303303e+00
   9.9543657e-01   1.1315315e+00
   9.9552568e-01   1.1327327e+00
   9.9561445e-01   1.1339339e+00
   9.9570287e-01   1.1351351e+00
   9.9579094e-01   1.1363363e+00
   9.9587866e-01   1.1375375e+00
   9.9596605e-01   1.1387387e+00
   9.9605308e-01   1.1399399e+00
   9.9613978e-01   1.1411411e+00
   9.9622614e-01   1.1423423e+00
   9.9631216e-01   1.1435435e+00
   9.9639784e-01   1.1447447e+00
   9.9648319e-01   1.1459459e+00
   9.9656820e-01   1.1471471e+00
   9.9665288e-01   1.1483483e+00
   9.9673723e-01   1.1495495e+00
   9.9682126e-01   1.1507508e+00
   9.9690495e-01   1.1519520e+00
   9.9698832e-01   1.1531532e+00
   9.9707136e-01   1.1543544e+00
   9.9715408e-01   1.1555556e+00
   9.9723648e-01   1.1567568e+00
   9.9731856e-01   1.1579580e+00
   9.9740031e-01   1.1591592e+00
   9.9748175e-01   1.1603604e+00
   9.9756288e-01   1.1615616e+00
   9.9764369e-01   1.1627628e+00
   9.9772418e-01   1.1639640e+00
   9.9780437e-01   1.1651652e+00
   9.9788424e-01   1.1663664e+00
   9.9796380e-01   1.1675676e+00
   9.9804306e-01   1.1687688e+00
   9.9812201e-01   1.1699700e+00
   9.9820065e-01   1.1711712e+00
   9.9827899e-01   1.1723724e+00
   9.9835703e-01   1.1735736e+00
   9.9843477e-01   1.1747748e+00
   9.9851220e-01   1.1759760e+00
   9.9858934e-01   1.1771772e+00
   9.9866618e-01   1.1783784e+00
   9.9874273e-01   1.1795796e+00
   9.9881898e-01   1.1807808e+00
   9.9889494e-01   1.1819820e+00
   9.9897060e-01   1.1831832e+00
   9.9904598e-01   1.1843844e+00
   9.9912107e-01   1.1855856e+00
   9.9919586e-01   1.1867868e+00
   9.9927038e-01   1.1879880e+00
   9.9934460e-01   1.1891892e+00
   9.9941854e-01   1.1903904e+00
   9.9949220e-01   1.1915916e+00
   9.9956558e-01   1.1927928e+00
   9.9963868e-01   1.1939940e+00
   9.9971150e-01   1.1951952e+00
   9.9978404e-01   1.1963964e+00
   9.9985630e-01   1.1975976e+00
   9.9992829e-01   1.1987988e+00
   1.0000000e+00   1.2000000e+00
