   0.0000000e+00   0.0000000e+00
   1.6147184e-02   4.6607067e-02
   3.2294369e-02   1.7807036e-01
   4.8441553e-02   3.7510888e-01
   6.4588737e-02   6.1331052e-01
   8.0735922e-02   8.6813988e-01
   9.6883106e-02   1.1188968e+00
   1.1303029e-01   1.3508422e+00
   1.2917747e-01   1.5555312e+00
   1.4532466e-01   1.7299045e+00
   1.6147184e-01   1.8748108e+00
   1.7761903e-01   1.9934895e+00
   1.9376621e-01   2.0903120e+00
   2.0991340e-01   2.1698859e+00
   2.2606058e-01   2.2365017e+00
   2.4220777e-01   2.2938490e+00
   2.5835495e-01   2.3449181e+00
   2.7450213e-01   2.3920141e+00
   2.9064932e-01   2.4368317e+00
   3.0679650e-01   2.4805547e+00
   3.2294369e-01   2.5239579e+00
   3.3909087e-01   2.5675018e+00
   3.5523806e-01   2.6114140e+00
   3.7138524e-01   2.6557556e+00
   3.8753242e-01   2.7004741e+00
   4.0367961e-01   2.7454443e+00
   4.1982679e-01   2.7904991e+00
   4.3597398e-01   2.8354512e+00
   4.5212116e-01   2.8801096e+00
   4.6826835e-01   2.9242899e+00
   4.8441553e-01   2.9678218e+00
   5.0056272e-01   3.0105528e+00
   5.1670990e-01   3.0523503e+00
   5.3285708e-01   3.0931028e+00
   5.4900427e-01   3.1327191e+00
   5.6515145e-01   3.1711271e+00
   5.8129864e-01   3.2082728e+00
   5.9744582e-01   3.2441184e+00
   6.1359301e-01   3.2786406e+00
   6.2974019e-01   3.3118285e+00
   6.4588737e-01   3.3436825e+00
   6.6203456e-01   3.3742121e+00
   6.7818174e-01   3.4034347e+00
   6.9432893e-01   3.4313742e+00
   7.1047611e-01   3.4580598e+00
   7.2662330e-01   3.4835247e+00
   7.4277048e-01   3.5078054e+00
   7.5891767e-01   3.5309410e+00
   7.7506485e-01   3.5529720e+00
   7.9121203e-01   3.5739401e+00
   8.0735922e-01   3.5938876e+00
   8.2350640e-01   3.6128568e+00
   8.3965359e-01   3.6308900e+00
   8.5580077e-01   3.6480288e+00
   8.7194796e-01   3.6643141e+00
   8.8809514e-01   3.6797857e+00
   9.0424232e-01   3.6944826e+00
   9.2038951e-01   3.7084423e+00
   9.3653669e-01   3.7217013e+00
   9.5268388e-01   3.7342944e+00
   9.6883106e-01   3.7462554e+00
   9.8497825e-01   3.7576164e+00
   1.0011254e+00   3.7684082e+00
   1.0172726e+00   3.7786604e+00
   1.0334198e+00   3.7884009e+00
   1.0495670e+00   3.7976565e+00
   1.0657142e+00   3.8064527e+00
   1.0818614e+00   3.8148136e+00
   1.0980085e+00   3.8227621e+00
   1.1141557e+00   3.8303201e+00
   1.1303029e+00   3.8375081e+00
   1.1464501e+00   3.8443458e+00
   1.1625973e+00   3.8508516e+00
   1.1787445e+00   3.8570431e+00
   1.1948916e+00   3.8629368e+00
   1.2110388e+00   3.8685485e+00
   1.2271860e+00   3.8738930e+00
   1.2433332e+00   3.8789843e+00
   1.2594804e+00   3.8838356e+00
   1.2756276e+00   3.8884595e+00
   1.2917747e+00   3.8928678e+00
   1.3079219e+00   3.8970718e+00
   1.3240691e+00   3.9010820e+00
   1.3402163e+00   3.9049083e+00
   1.3563635e+00   3.9085603e+00
   1.3725107e+00   3.9120468e+00
   1.3886579e+00   3.9153763e+00
   1.4048050e+00   3.9185567e+00
   1.4209522e+00   3.9215955e+00
   1.4370994e+00   3.9245000e+00
   1.4532466e+00   3.9272767e+00
   1.4693938e+00   3.9299322e+00
   1.4855410e+00   3.9324723e+00
   1.5016881e+00   3.9349028e+00
   1.5178353e+00   3.9372290e+00
   1.5339825e+00   3.9394561e+00
   1.5501297e+00   3.9415889e+00
   1.5662769e+00   3.9436319e+00
   1.5824241e+00   3.9455894e+00
   1.5985713e+00   3.9474656e+00
   1.6147184e+00   3.9492643e+00
   1.6308656e+00   3.9509892e+00
   1.6470128e+00   3.9526437e+00
   1.6631600e+00   3.9542312e+00
   1.6793072e+00   3.9557547e+00
   1.6954544e+00   3.9572173e+00
   1.7116015e+00   3.9586217e+00
   1.7277487e+00   3.9599707e+00
   1.7438959e+00   3.9612666e+00
   1.7600431e+00   3.9625120e+00
   1.7761903e+00   3.9637091e+00
   1.7923375e+00   3.9648601e+00
   1.8084846e+00   3.9659670e+00
   1.8246318e+00   3.9670318e+00
   1.8407790e+00   3.9680564e+00
   1.8569262e+00   3.9690424e+00
   1.8730734e+00   3.9699916e+00
   1.8892206e+00   3.9709056e+00
   1.9053678e+00   3.9717859e+00
   1.9215149e+00   3.9726339e+00
   1.9376621e+00   3.9734510e+00
   1.9538093e+00   3.9742385e+00
   1.9699565e+00   3.9749977e+00
   1.9861037e+00   3.9757297e+00
   2.0022509e+00   3.9764358e+00
   2.0183980e+00   3.9771168e+00
   2.0345452e+00   3.9777740e+00
   2.0506924e+00   3.9784082e+00
   2.0668396e+00   3.9790204e+00
   2.0829868e+00   3.9796115e+00
   2.0991340e+00   3.9801823e+00
   2.1152812e+00   3.9807336e+00
   2.1314283e+00   3.9812663e+00
   2.1475755e+00   3.9817811e+00
   2.1637227e+00   3.9822786e+00
   2.1798699e+00   3.9827595e+00
   2.1960171e+00   3.9832245e+00
   2.2121643e+00   3.9836743e+00
   2.2283114e+00   3.9841093e+00
   2.2444586e+00   3.9845301e+00
   2.2606058e+00   3.9849374e+00
   2.2767530e+00   3.9853316e+00
   2.2929002e+00   3.9857131e+00
   2.3090474e+00   3.9860826e+00
   2.3251945e+00   3.9864404e+00
   2.3413417e+00   3.9867869e+00
   2.3574889e+00   3.9871226e+00
   2.3736361e+00   3.9874478e+00
   2.3897833e+00   3.9877630e+00
   2.4059305e+00   3.9880686e+00
   2.4220777e+00   3.9883648e+00
   2.4382248e+00   3.9886519e+00
   2.4543720e+00   3.9889304e+00
   2.4705192e+00   3.9892006e+00
   2.4866664e+00   3.9894626e+00
   2.5028136e+00   3.9897169e+00
   2.5189608e+00   3.9899636e+00
   2.5351079e+00   3.9902031e+00
   2.5512551e+00   3.9904356e+00
   2.5674023e+00   3.9906613e+00
   2.5835495e+00   3.9908805e+00
   2.5996967e+00   3.9910934e+00
   2.6158439e+00   3.9913002e+00
   2.6319911e+00   3.9915010e+00
   2.6481382e+00   3.9916962e+00
   2.6642854e+00   3.9918859e+00
   2.6804326e+00   3.9920703e+00
   2.6965798e+00   3.9922495e+00
   2.7127270e+00   3.9924237e+00
   2.7288742e+00   3.9925931e+00
   2.7450213e+00   3.9927579e+00
   2.7611685e+00   3.9929182e+00
   2.7773157e+00   3.9930741e+00
   2.7934629e+00   3.9932258e+00
   2.8096101e+00   3.9933734e+00
   2.8257573e+00   3.9935170e+00
   2.8419044e+00   3.9936568e+00
   2.8580516e+00   3.9937930e+00
   2.8741988e+00   3.9939255e+00
   2.8903460e+00   3.9940545e+00
   2.9064932e+00   3.9941802e+00
   2.9226404e+00   3.9943025e+00
   2.9387876e+00   3.9944218e+00
   2.9549347e+00   3.9945379e+00
   2.9710819e+00   3.9946511e+00
   2.9872291e+00   3.9947614e+00
   3.0033763e+00   3.9948689e+00
   3.0195235e+00   3.9949736e+00
   3.0356707e+00   3.9950758e+00
   3.0518178e+00   3.9951753e+00
   3.0679650e+00   3.9952724e+00
   3.0841122e+00   3.9953671e+00
   3.1002594e+00   3.9954595e+00
   3.1164066e+00   3.9955495e+00
   3.1325538e+00   3.9956374e+00
   3.1487010e+00   3.9957231e+00
   3.1648481e+00   3.9958068e+00
   3.1809953e+00   3.9958884e+00
   3.1971425e+00   3.9959681e+00
   3.2132897e+00   3.9960459e+00
   3.2294369e+00   3.9961218e+00
   3.2455841e+00   3.9961959e+00
   3.2617312e+00   3.9962683e+00
   3.2778784e+00   3.9963390e+00
   3.2940256e+00   3.9964080e+00
   3.3101728e+00   3.9964754e+00
   3.3263200e+00   3.9965413e+00
   3.3424672e+00   3.9966056e+00
   3.3586143e+00   3.9966685e+00
   3.3747615e+00   3.9967299e+00
   3.3909087e+00   3.9967899e+00
   3.4070559e+00   3.9968486e+00
   3.4232031e+00   3.9969059e+00
   3.4393503e+00   3.9969620e+00
   3.4554975e+00   3.9970168e+00
   3.4716446e+00   3.9970704e+00
   3.4877918e+00   3.9971227e+00
   3.5039390e+00   3.9971740e+00
   3.5200862e+00   3.9972241e+00
   3.5362334e+00   3.9972731e+00
   3.5523806e+00   3.9973210e+00
   3.5685277e+00   3.9973679e+00
   3.5846749e+00   3.9974138e+00
   3.6008221e+00   3.9974587e+00
   3.6169693e+00   3.9975026e+00
   3.6331165e+00   3.9975456e+00
   3.6492637e+00   3.9975877e+00
   3.6654109e+00   3.9976288e+00
   3.6815580e+00   3.9976691e+00
   3.6977052e+00   3.9977086e+00
   3.7138524e+00   3.9977472e+00
   3.7299996e+00   3.9977851e+00
   3.7461468e+00   3.9978221e+00
   3.7622940e+00   3.9978584e+00
   3.7784411e+00   3.9978939e+00
   3.7945883e+00   3.9979287e+00
   3.8107355e+00   3.9979628e+00
   3.8268827e+00   3.9979962e+00
   3.8430299e+00   3.9980289e+00
   3.8591771e+00   3.9980610e+00
   3.8753242e+00   3.9980924e+00
   3.8914714e+00   3.9981232e+00
   3.9076186e+00   3.9981533e+00
   3.9237658e+00   3.9981829e+00
   3.9399130e+00   3.9982119e+00
   3.9560602e+00   3.9982403e+00
   3.9722074e+00   3.9982682e+00
   3.9883545e+00   3.9982955e+00
   4.0045017e+00   3.9983222e+00
   4.0206489e+00   3.9983485e+00
   4.0367961e+00   3.9983742e+00
   4.0529433e+00   3.9983995e+00
   4.0690905e+00   3.9984242e+00
   4.0852376e+00   3.9984485e+00
   4.1013848e+00   3.9984723e+00
   4.1175320e+00   3.9984957e+00
   4.1336792e+00   3.9985186e+00
   4.1498264e+00   3.9985411e+00
   4.1659736e+00   3.9985632e+00
   4.1821208e+00   3.9985848e+00
   4.1982679e+00   3.9986061e+00
   4.2144151e+00   3.9986269e+00
   4.2305623e+00   3.9986474e+00
   4.2467095e+00   3.9986675e+00
   4.2628567e+00   3.9986872e+00
   4.2790039e+00   3.9987066e+00
   4.2951510e+00   3.9987256e+00
   4.3112982e+00   3.9987442e+00
   4.3274454e+00   3.9987626e+00
   4.3435926e+00   3.9987805e+00
   4.3597398e+00   3.9987982e+00
   4.3758870e+00   3.9988156e+00
   4.3920341e+00   3.9988326e+00
   4.4081813e+00   3.9988493e+00
   4.4243285e+00   3.9988658e+00
   4.4404757e+00   3.9988819e+00
   4.4566229e+00   3.9988978e+00
   4.4727701e+00   3.9989133e+00
   4.4889173e+00   3.9989286e+00
   4.5050644e+00   3.9989437e+00
   4.5212116e+00   3.9989585e+00
   4.5373588e+00   3.9989730e+00
   4.5535060e+00   3.9989873e+00
   4.5696532e+00   3.9990013e+00
   4.5858004e+00   3.9990151e+00
   4.6019475e+00   3.9990286e+00
   4.6180947e+00   3.9990419e+00
   4.6342419e+00   3.9990550e+00
   4.6503891e+00   3.9990679e+00
   4.6665363e+00   3.9990805e+00
   4.6826835e+00   3.9990930e+00
   4.6988307e+00   3.9991052e+00
   4.7149778e+00   3.9991172e+00
   4.7311250e+00   3.9991290e+00
   4.7472722e+00   3.9991407e+00
   4.7634194e+00   3.9991521e+00
   4.7795666e+00   3.9991634e+00
   4.7957138e+00   3.9991744e+00
   4.8118609e+00   3.9991853e+00
   4.8280081e+00   3.9991960e+00
   4.8441553e+00   3.9992065e+00
   4.8603025e+00   3.9992169e+00
   4.8764497e+00   3.9992271e+00
   4.8925969e+00   3.9992371e+00
   4.9087440e+00   3.9992469e+00
   4.9248912e+00   3.9992567e+00
   4.9410384e+00   3.9992662e+00
   4.9571856e+00   3.9992756e+00
   4.9733328e+00   3.9992848e+00
   4.9894800e+00   3.9992939e+00
   5.0056272e+00   3.9993029e+00
   5.0217743e+00   3.9993117e+00
   5.0379215e+00   3.9993204e+00
   5.0540687e+00   3.9993289e+00
   5.0702159e+00   3.9993373e+00
   5.0863631e+00   3.9993456e+00
   5.1025103e+00   3.9993538e+00
   5.1186574e+00   3.9993618e+00
   5.1348046e+00   3.9993697e+00
   5.1509518e+00   3.9993775e+00
   5.1670990e+00   3.9993851e+00
   5.1832462e+00   3.9993927e+00
   5.1993934e+00   3.9994001e+00
   5.2155406e+00   3.9994074e+00
   5.2316877e+00   3.9994146e+00
   5.2478349e+00   3.9994217e+00
   5.2639821e+00   3.9994287e+00
   5.2801293e+00   3.9994356e+00
   5.2962765e+00   3.9994423e+00
   5.3124237e+00   3.9994490e+00
   5.3285708e+00   3.9994556e+00
   5.3447180e+00   3.9994621e+00
   5.3608652e+00   3.9994685e+00
   5.3770124e+00   3.9994748e+00
   5.3931596e+00   3.9994810e+00
   5.4093068e+00   3.9994871e+00
   5.4254539e+00   3.9994931e+00
   5.4416011e+00   3.9994990e+00
   5.4577483e+00   3.9995049e+00
   5.4738955e+00   3.9995106e+00
   5.4900427e+00   3.9995163e+00
   5.5061899e+00   3.9995219e+00
   5.5223371e+00   3.9995274e+00
   5.5384842e+00   3.9995328e+00
   5.5546314e+00   3.9995382e+00
   5.5707786e+00   3.9995435e+00
   5.5869258e+00   3.9995487e+00
   5.6030730e+00   3.9995538e+00
   5.6192202e+00   3.9995589e+00
   5.6353673e+00   3.9995639e+00
   5.6515145e+00   3.9995688e+00
   5.6676617e+00   3.9995736e+00
   5.6838089e+00   3.9995784e+00
   5.6999561e+00   3.9995831e+00
   5.7161033e+00   3.9995878e+00
   5.7322505e+00   3.9995924e+00
   5.7483976e+00   3.9995969e+00
   5.7645448e+00   3.9996013e+00
   5.7806920e+00   3.9996057e+00
   5.7968392e+00   3.9996101e+00
   5.8129864e+00   3.9996144e+00
   5.8291336e+00   3.9996186e+00
   5.8452807e+00   3.9996227e+00
   5.8614279e+00   3.9996268e+00
   5.8775751e+00   3.9996309e+00
   5.8937223e+00   3.9996349e+00
   5.9098695e+00   3.9996388e+00
   5.9260167e+00   3.9996427e+00
   5.9421638e+00   3.9996466e+00
   5.9583110e+00   3.9996503e+00
   5.9744582e+00   3.9996541e+00
   5.9906054e+00   3.9996578e+00
   6.0067526e+00   3.9996614e+00
   6.0228998e+00   3.9996650e+00
   6.0390470e+00   3.9996685e+00
   6.0551941e+00   3.9996720e+00
   6.0713413e+00   3.9996755e+00
   6.0874885e+00   3.9996789e+00
   6.1036357e+00   3.9996822e+00
   6.1197829e+00   3.9996855e+00
   6.1359301e+00   3.9996888e+00
   6.1520772e+00   3.9996921e+00
   6.1682244e+00   3.9996952e+00
   6.1843716e+00   3.9996984e+00
   6.2005188e+00   3.9997015e+00
   6.2166660e+00   3.9997046e+00
   6.2328132e+00   3.9997076e+00
   6.2489603e+00   3.9997106e+00
   6.2651075e+00   3.9997135e+00
   6.2812547e+00   3.9997164e+00
   6.2974019e+00   3.9997193e+00
   6.3135491e+00   3.9997222e+00
   6.3296963e+00   3.9997250e+00
   6.3458435e+00   3.9997277e+00
   6.3619906e+00   3.9997305e+00
   6.3781378e+00   3.9997332e+00
   6.3942850e+00   3.9997358e+00
   6.4104322e+00   3.9997385e+00
   6.4265794e+00   3.9997411e+00
   6.4427266e+00   3.9997436e+00
   6.4588737e+00   3.9997462e+00
   6.4750209e+00   3.9997487e+00
   6.4911681e+00   3.9997512e+00
   6.5073153e+00   3.9997536e+00
   6.5234625e+00   3.9997560e+00
   6.5396097e+00   3.9997584e+00
   6.5557569e+00   3.9997608e+00
   6.5719040e+00   3.9997631e+00
   6.5880512e+00   3.9997654e+00
   6.6041984e+00   3.9997677e+00
   6.6203456e+00   3.9997699e+00
   6.6364928e+00   3.9997721e+00
   6.6526400e+00   3.9997743e+00
   6.6687871e+00   3.9997765e+00
   6.6849343e+00   3.9997786e+00
   6.7010815e+00   3.9997807e+00
   6.7172287e+00   3.9997828e+00
   6.7333759e+00   3.9997849e+00
   6.7495231e+00   3.9997869e+00
   6.7656702e+00   3.9997889e+00
   6.7818174e+00   3.9997909e+00
   6.7979646e+00   3.9997929e+00
   6.8141118e+00   3.9997948e+00
   6.8302590e+00   3.9997968e+00
   6.8464062e+00   3.9997987e+00
   6.8625534e+00   3.9998005e+00
   6.8787005e+00   3.9998024e+00
   6.8948477e+00   3.9998042e+00
   6.9109949e+00   3.9998061e+00
   6.9271421e+00   3.9998078e+00
   6.9432893e+00   3.9998096e+00
   6.9594365e+00   3.9998114e+00
   6.9755836e+00   3.9998131e+00
   6.9917308e+00   3.9998148e+00
   7.0078780e+00   3.9998165e+00
   7.0240252e+00   3.9998182e+00
   7.0401724e+00   3.9998198e+00
   7.0563196e+00   3.9998215e+00
   7.0724668e+00   3.9998231e+00
   7.0886139e+00   3.9998247e+00
   7.1047611e+00   3.9998263e+00
   7.1209083e+00   3.9998278e+00
   7.1370555e+00   3.9998294e+00
   7.1532027e+00   3.9998309e+00
   7.1693499e+00   3.9998324e+00
   7.1854970e+00   3.9998339e+00
   7.2016442e+00   3.9998354e+00
   7.2177914e+00   3.9998368e+00
   7.2339386e+00   3.9998383e+00
   7.2500858e+00   3.9998397e+00
   7.2662330e+00   3.9998411e+00
   7.2823801e+00   3.9998425e+00
   7.2985273e+00   3.9998439e+00
   7.3146745e+00   3.9998453e+00
   7.3308217e+00   3.9998466e+00
   7.3469689e+00   3.9998480e+00
   7.3631161e+00   3.9998493e+00
   7.3792633e+00   3.9998506e+00
   7.3954104e+00   3.9998519e+00
   7.4115576e+00   3.9998532e+00
   7.4277048e+00   3.9998544e+00
   7.4438520e+00   3.9998557e+00
   7.4599992e+00   3.9998569e+00
   7.4761464e+00   3.9998582e+00
   7.4922935e+00   3.9998594e+00
   7.5084407e+00   3.9998606e+00
   7.5245879e+00   3.9998618e+00
   7.5407351e+00   3.9998629e+00
   7.5568823e+00   3.9998641e+00
   7.5730295e+00   3.9998652e+00
   7.5891767e+00   3.9998664e+00
   7.6053238e+00   3.9998675e+00
   7.6214710e+00   3.9998686e+00
   7.6376182e+00   3.9998697e+00
   7.6537654e+00   3.9998708e+00
   7.6699126e+00   3.9998719e+00
   7.6860598e+00   3.9998730e+00
   7.7022069e+00   3.9998740e+00
   7.7183541e+00   3.9998751e+00
   7.7345013e+00   3.9998761e+00
   7.7506485e+00   3.9998771e+00
   7.7667957e+00   3.9998782e+00
   7.7829429e+00   3.9998792e+00
   7.7990900e+00   3.9998801e+00
   7.8152372e+00   3.9998811e+00
   7.8313844e+00   3.9998821e+00
   7.8475316e+00   3.9998831e+00
   7.8636788e+00   3.9998840e+00
   7.8798260e+00   3.9998850e+00
   7.8959732e+00   3.9998859e+00
   7.9121203e+00   3.9998868e+00
   7.9282675e+00   3.9998877e+00
   7.9444147e+00   3.9998886e+00
   7.9605619e+00   3.9998895e+00
   7.9767091e+00   3.9998904e+00
   7.9928563e+00   3.9998913e+00
   8.0090034e+00   3.9998922e+00
   8.0251506e+00   3.9998930e+00
   8.0412978e+00   3.9998939e+00
   8.0574450e+00   3.9998947e+00
   8.0735922e+00   3.9998956e+00
   8.0897394e+00   3.9998964e+00
   8.1058866e+00   3.9998972e+00
   8.1220337e+00   3.9998980e+00
   8.1381809e+00   3.9998988e+00
   8.1543281e+00   3.9998996e+00
   8.1704753e+00   3.9999004e+00
   8.1866225e+00   3.9999012e+00
   8.2027697e+00   3.9999020e+00
   8.2189168e+00   3.9999028e+00
   8.2350640e+00   3.9999035e+00
   8.2512112e+00   3.9999043e+00
   8.2673584e+00   3.9999050e+00
   8.2835056e+00   3.9999057e+00
   8.2996528e+00   3.9999065e+00
   8.3157999e+00   3.9999072e+00
   8.3319471e+00   3.9999079e+00
   8.3480943e+00   3.9999086e+00
   8.3642415e+00   3.9999093e+00
   8.3803887e+00   3.9999100e+00
   8.3965359e+00   3.9999107e+00
   8.4126831e+00   3.9999114e+00
   8.4288302e+00   3.9999121e+00
   8.4449774e+00   3.9999127e+00
   8.4611246e+00   3.9999134e+00
   8.4772718e+00   3.9999140e+00
   8.4934190e+00   3.9999147e+00
   8.5095662e+00   3.9999153e+00
   8.5257133e+00   3.9999160e+00
   8.5418605e+00   3.9999166e+00
   8.5580077e+00   3.9999172e+00
   8.5741549e+00   3.9999178e+00
   8.5903021e+00   3.9999185e+00
   8.6064493e+00   3.9999191e+00
   8.6225965e+00   3.9999197e+00
   8.6387436e+00   3.9999203e+00
   8.6548908e+00   3.9999209e+00
   8.6710380e+00   3.9999214e+00
   8.6871852e+00   3.9999220e+00
   8.7033324e+00   3.9999226e+00
   8.7194796e+00   3.9999232e+00
   8.7356267e+00   3.9999237e+00
   8.7517739e+00   3.9999243e+00
   8.7679211e+00   3.9999249e+00
   8.7840683e+00   3.9999254e+00
   8.8002155e+00   3.9999259e+00
   8.8163627e+00   3.9999265e+00
   8.8325098e+00   3.9999270e+00
   8.8486570e+00   3.9999276e+00
   8.8648042e+00   3.9999281e+00
   8.8809514e+00   3.9999286e+00
   8.8970986e+00   3.9999291e+00
   8.9132458e+00   3.9999296e+00
   8.9293930e+00   3.9999301e+00
   8.9455401e+00   3.9999306e+00
   8.9616873e+00   3.9999311e+00
   8.9778345e+00   3.9999316e+00
   8.9939817e+00   3.9999321e+00
   9.0101289e+00   3.9999326e+00
   9.0262761e+00   3.9999331e+00
   9.0424232e+00   3.9999336e+00
   9.0585704e+00   3.9999340e+00
   9.0747176e+00   3.9999345e+00
   9.0908648e+00   3.9999350e+00
   9.1070120e+00   3.9999354e+00
   9.1231592e+00   3.9999359e+00
   9.1393064e+00   3.9999363e+00
   9.1554535e+00   3.9999368e+00
   9.1716007e+00   3.9999372e+00
   9.1877479e+00   3.9999376e+00
   9.2038951e+00   3.9999381e+00
   9.2200423e+00   3.9999385e+00
   9.2361895e+00   3.9999389e+00
   9.2523366e+00   3.9999394e+00
   9.2684838e+00   3.9999398e+00
   9.2846310e+00   3.9999402e+00
   9.3007782e+00   3.9999406e+00
   9.3169254e+00   3.9999410e+00
   9.3330726e+00   3.9999414e+00
   9.3492197e+00   3.9999418e+00
   9.3653669e+00   3.9999422e+00
   9.3815141e+00   3.9999426e+00
   9.3976613e+00   3.9999430e+00
   9.4138085e+00   3.9999434e+00
   9.4299557e+00   3.9999438e+00
   9.4461029e+00   3.9999442e+00
   9.4622500e+00   3.9999446e+00
   9.4783972e+00   3.9999449e+00
   9.4945444e+00   3.9999453e+00
   9.5106916e+00   3.9999457e+00
   9.5268388e+00   3.9999460e+00
   9.5429860e+00   3.9999464e+00
   9.5591331e+00   3.9999468e+00
   9.5752803e+00   3.9999471e+00
   9.5914275e+00   3.9999475e+00
   9.6075747e+00   3.9999478e+00
   9.6237219e+00   3.9999482e+00
   9.6398691e+00   3.9999485e+00
   9.6560163e+00   3.9999489e+00
   9.6721634e+00   3.9999492e+00
   9.6883106e+00   3.9999495e+00
   9.7044578e+00   3.9999499e+00
   9.7206050e+00   3.9999502e+00
   9.7367522e+00   3.9999505e+00
   9.7528994e+00   3.9999509e+00
   9.7690465e+00   3.9999512e+00
   9.7851937e+00   3.9999515e+00
   9.8013409e+00   3.9999518e+00
   9.8174881e+00   3.9999521e+00
   9.8336353e+00   3.9999525e+00
   9.8497825e+00   3.9999528e+00
   9.8659296e+00   3.9999531e+00
   9.8820768e+00   3.9999534e+00
   9.8982240e+00   3.9999537e+00
   9.9143712e+00   3.9999540e+00
   9.9305184e+00   3.9999543e+00
   9.9466656e+00   3.9999546e+00
   9.9628128e+00   3.9999549e+00
   9.9789599e+00   3.9999552e+00
   9.9951071e+00   3.9999554e+00
   1.0011254e+01   3.9999557e+00
   1.0027401e+01   3.9999560e+00
   1.0043549e+01   3.9999563e+00
   1.0059696e+01   3.9999566e+00
   1.0075843e+01   3.9999569e+00
   1.0091990e+01   3.9999571e+00
   1.0108137e+01   3.9999574e+00
   1.0124285e+01   3.9999577e+00
   1.0140432e+01   3.9999579e+00
   1.0156579e+01   3.9999582e+00
   1.0172726e+01   3.9999585e+00
   1.0188873e+01   3.9999587e+00
   1.0205021e+01   3.9999590e+00
   1.0221168e+01   3.9999593e+00
   1.0237315e+01   3.9999595e+00
   1.0253462e+01   3.9999598e+00
   1.0269609e+01   3.9999600e+00
   1.0285756e+01   3.9999603e+00
   1.0301904e+01   3.9999605e+00
   1.0318051e+01   3.9999608e+00
   1.0334198e+01   3.9999610e+00
   1.0350345e+01   3.9999612e+00
   1.0366492e+01   3.9999615e+00
   1.0382640e+01   3.9999617e+00
   1.0398787e+01   3.9999620e+00
   1.0414934e+01   3.9999622e+00
   1.0431081e+01   3.9999624e+00
   1.0447228e+01   3.9999627e+00
   1.0463375e+01   3.9999629e+00
   1.0479523e+01   3.9999631e+00
   1.0495670e+01   3.9999633e+00
   1.0511817e+01   3.9999636e+00
   1.0527964e+01   3.9999638e+00
   1.0544111e+01   3.9999640e+00
   1.0560259e+01   3.9999642e+00
   1.0576406e+01   3.9999645e+00
   1.0592553e+01   3.9999647e+00
   1.0608700e+01   3.9999649e+00
   1.0624847e+01   3.9999651e+00
   1.0640994e+01   3.9999653e+00
   1.0657142e+01   3.9999655e+00
   1.0673289e+01   3.9999657e+00
   1.0689436e+01   3.9999659e+00
   1.0705583e+01   3.9999661e+00
   1.0721730e+01   3.9999663e+00
   1.0737878e+01   3.9999665e+00
   1.0754025e+01   3.9999667e+00
   1.0770172e+01   3.9999669e+00
   1.0786319e+01   3.9999671e+00
   1.0802466e+01   3.9999673e+00
   1.0818614e+01   3.9999675e+00
   1.0834761e+01   3.9999677e+00
   1.0850908e+01   3.9999679e+00
   1.0867055e+01   3.9999681e+00
   1.0883202e+01   3.9999683e+00
   1.0899349e+01   3.9999685e+00
   1.0915497e+01   3.9999687e+00
   1.0931644e+01   3.9999688e+00
   1.0947791e+01   3.9999690e+00
   1.0963938e+01   3.9999692e+00
   1.0980085e+01   3.9999694e+00
   1.0996233e+01   3.9999696e+00
   1.1012380e+01   3.9999697e+00
   1.1028527e+01   3.9999699e+00
   1.1044674e+01   3.9999701e+00
   1.1060821e+01   3.9999703e+00
   1.1076968e+01   3.9999704e+00
   1.1093116e+01   3.9999706e+00
   1.1109263e+01   3.9999708e+00
   1.1125410e+01   3.9999710e+00
   1.1141557e+01   3.9999711e+00
   1.1157704e+01   3.9999713e+00
   1.1173852e+01   3.9999715e+00
   1.1189999e+01   3.9999716e+00
   1.1206146e+01   3.9999718e+00
   1.1222293e+01   3.9999719e+00
   1.1238440e+01   3.9999721e+00
   1.1254588e+01   3.9999723e+00
   1.1270735e+01   3.9999724e+00
   1.1286882e+01   3.9999726e+00
   1.1303029e+01   3.9999727e+00
   1.1319176e+01   3.9999729e+00
   1.1335323e+01   3.9999730e+00
   1.1351471e+01   3.9999732e+00
   1.1367618e+01   3.9999734e+00
   1.1383765e+01   3.9999735e+00
   1.1399912e+01   3.9999737e+00
   1.1416059e+01   3.9999738e+00
   1.1432207e+01   3.9999739e+00
   1.1448354e+01   3.9999741e+00
   1.1464501e+01   3.9999742e+00
   1.1480648e+01   3.9999744e+00
   1.1496795e+01   3.9999745e+00
   1.1512942e+01   3.9999747e+00
   1.1529090e+01   3.9999748e+00
   1.1545237e+01   3.9999750e+00
   1.1561384e+01   3.9999751e+00
   1.1577531e+01   3.9999752e+00
   1.1593678e+01   3.9999754e+00
   1.1609826e+01   3.9999755e+00
   1.1625973e+01   3.9999756e+00
   1.1642120e+01   3.9999758e+00
   1.1658267e+01   3.9999759e+00
   1.1674414e+01   3.9999760e+00
   1.1690561e+01   3.9999762e+00
   1.1706709e+01   3.9999763e+00
   1.1722856e+01   3.9999764e+00
   1.1739003e+01   3.9999766e+00
   1.1755150e+01   3.9999767e+00
   1.1771297e+01   3.9999768e+00
   1.1787445e+01   3.9999769e+00
   1.1803592e+01   3.9999771e+00
   1.1819739e+01   3.9999772e+00
   1.1835886e+01   3.9999773e+00
   1.1852033e+01   3.9999774e+00
   1.1868181e+01   3.9999776e+00
   1.1884328e+01   3.9999777e+00
   1.1900475e+01   3.9999778e+00
   1.1916622e+01   3.9999779e+00
   1.1932769e+01   3.9999780e+00
   1.1948916e+01   3.9999782e+00
   1.1965064e+01   3.9999783e+00
   1.1981211e+01   3.9999784e+00
   1.1997358e+01   3.9999785e+00
   1.2013505e+01   3.9999786e+00
   1.2029652e+01   3.9999787e+00
   1.2045800e+01   3.9999789e+00
   1.2061947e+01   3.9999790e+00
   1.2078094e+01   3.9999791e+00
   1.2094241e+01   3.9999792e+00
   1.2110388e+01   3.9999793e+00
   1.2126535e+01   3.9999794e+00
   1.2142683e+01   3.9999795e+00
   1.2158830e+01   3.9999796e+00
   1.2174977e+01   3.9999797e+00
   1.2191124e+01   3.9999799e+00
   1.2207271e+01   3.9999800e+00
   1.2223419e+01   3.9999801e+00
   1.2239566e+01   3.9999802e+00
   1.2255713e+01   3.9999803e+00
   1.2271860e+01   3.9999804e+00
   1.2288007e+01   3.9999805e+00
   1.2304154e+01   3.9999806e+00
   1.2320302e+01   3.9999807e+00
   1.2336449e+01   3.9999808e+00
   1.2352596e+01   3.9999809e+00
   1.2368743e+01   3.9999810e+00
   1.2384890e+01   3.9999811e+00
   1.2401038e+01   3.9999812e+00
   1.2417185e+01   3.9999813e+00
   1.2433332e+01   3.9999814e+00
   1.2449479e+01   3.9999815e+00
   1.2465626e+01   3.9999816e+00
   1.2481774e+01   3.9999817e+00
   1.2497921e+01   3.9999818e+00
   1.2514068e+01   3.9999818e+00
   1.2530215e+01   3.9999819e+00
   1.2546362e+01   3.9999820e+00
   1.2562509e+01   3.9999821e+00
   1.2578657e+01   3.9999822e+00
   1.2594804e+01   3.9999823e+00
   1.2610951e+01   3.9999824e+00
   1.2627098e+01   3.9999825e+00
   1.2643245e+01   3.9999826e+00
   1.2659393e+01   3.9999827e+00
   1.2675540e+01   3.9999828e+00
   1.2691687e+01   3.9999828e+00
   1.2707834e+01   3.9999829e+00
   1.2723981e+01   3.9999830e+00
   1.2740128e+01   3.9999831e+00
   1.2756276e+01   3.9999832e+00
   1.2772423e+01   3.9999833e+00
   1.2788570e+01   3.9999834e+00
   1.2804717e+01   3.9999834e+00
   1.2820864e+01   3.9999835e+00
   1.2837012e+01   3.9999836e+00
   1.2853159e+01   3.9999837e+00
   1.2869306e+01   3.9999838e+00
   1.2885453e+01   3.9999839e+00
   1.2901600e+01   3.9999839e+00
   1.2917747e+01   3.9999840e+00
   1.2933895e+01   3.9999841e+00
   1.2950042e+01   3.9999842e+00
   1.2966189e+01   3.9999843e+00
   1.2982336e+01   3.9999843e+00
   1.2998483e+01   3.9999844e+00
   1.3014631e+01   3.9999845e+00
   1.3030778e+01   3.9999846e+00
   1.3046925e+01   3.9999846e+00
   1.3063072e+01   3.9999847e+00
   1.3079219e+01   3.9999848e+00
   1.3095367e+01   3.9999849e+00
   1.3111514e+01   3.9999849e+00
   1.3127661e+01   3.9999850e+00
   1.3143808e+01   3.9999851e+00
   1.3159955e+01   3.9999852e+00
   1.3176102e+01   3.9999852e+00
   1.3192250e+01   3.9999853e+00
   1.3208397e+01   3.9999854e+00
   1.3224544e+01   3.9999854e+00
   1.3240691e+01   3.9999855e+00
   1.3256838e+01   3.9999856e+00
   1.3272986e+01   3.9999857e+00
   1.3289133e+01   3.9999857e+00
   1.3305280e+01   3.9999858e+00
   1.3321427e+01   3.9999859e+00
   1.3337574e+01   3.9999859e+00
   1.3353721e+01   3.9999860e+00
   1.3369869e+01   3.9999861e+00
   1.3386016e+01   3.9999861e+00
   1.3402163e+01   3.9999862e+00
   1.3418310e+01   3.9999863e+00
   1.3434457e+01   3.9999863e+00
   1.3450605e+01   3.9999864e+00
   1.3466752e+01   3.9999865e+00
   1.3482899e+01   3.9999865e+00
   1.3499046e+01   3.9999866e+00
   1.3515193e+01   3.9999867e+00
   1.3531340e+01   3.9999867e+00
   1.3547488e+01   3.9999868e+00
   1.3563635e+01   3.9999868e+00
   1.3579782e+01   3.9999869e+00
   1.3595929e+01   3.9999870e+00
   1.3612076e+01   3.9999870e+00
   1.3628224e+01   3.9999871e+00
   1.3644371e+01   3.9999872e+00
   1.3660518e+01   3.9999872e+00
   1.3676665e+01   3.9999873e+00
   1.3692812e+01   3.9999873e+00
   1.3708960e+01   3.9999874e+00
   1.3725107e+01   3.9999875e+00
   1.3741254e+01   3.9999875e+00
   1.3757401e+01   3.9999876e+00
   1.3773548e+01   3.9999876e+00
   1.3789695e+01   3.9999877e+00
   1.3805843e+01   3.9999877e+00
   1.3821990e+01   3.9999878e+00
   1.3838137e+01   3.9999879e+00
   1.3854284e+01   3.9999879e+00
   1.3870431e+01   3.9999880e+00
   1.3886579e+01   3.9999880e+00
   1.3902726e+01   3.9999881e+00
   1.3918873e+01   3.9999881e+00
   1.3935020e+01   3.9999882e+00
   1.3951167e+01   3.9999882e+00
   1.3967314e+01   3.9999883e+00
   1.3983462e+01   3.9999884e+00
   1.3999609e+01   3.9999884e+00
   1.4015756e+01   3.9999885e+00
   1.4031903e+01   3.9999885e+00
   1.4048050e+01   3.9999886e+00
   1.4064198e+01   3.9999886e+00
   1.4080345e+01   3.9999887e+00
   1.4096492e+01   3.9999887e+00
   1.4112639e+01   3.9999888e+00
   1.4128786e+01   3.9999888e+00
   1.4144934e+01   3.9999889e+00
   1.4161081e+01   3.9999889e+00
   1.4177228e+01   3.9999890e+00
   1.4193375e+01   3.9999890e+00
   1.4209522e+01   3.9999891e+00
   1.4225669e+01   3.9999891e+00
   1.4241817e+01   3.9999892e+00
   1.4257964e+01   3.9999892e+00
   1.4274111e+01   3.9999893e+00
   1.4290258e+01   3.9999893e+00
   1.4306405e+01   3.9999894e+00
   1.4322553e+01   3.9999894e+00
   1.4338700e+01   3.9999895e+00
   1.4354847e+01   3.9999895e+00
   1.4370994e+01   3.9999896e+00
   1.4387141e+01   3.9999896e+00
   1.4403288e+01   3.9999897e+00
   1.4419436e+01   3.9999897e+00
   1.4435583e+01   3.9999897e+00
   1.4451730e+01   3.9999898e+00
   1.4467877e+01   3.9999898e+00
   1.4484024e+01   3.9999899e+00
   1.4500172e+01   3.9999899e+00
   1.4516319e+01   3.9999900e+00
   1.4532466e+01   3.9999900e+00
   1.4548613e+01   3.9999901e+00
   1.4564760e+01   3.9999901e+00
   1.4580907e+01   3.9999901e+00
   1.4597055e+01   3.9999902e+00
   1.4613202e+01   3.9999902e+00
   1.4629349e+01   3.9999903e+00
   1.4645496e+01   3.9999903e+00
   1.4661643e+01   3.9999904e+00
   1.4677791e+01   3.9999904e+00
   1.4693938e+01   3.9999904e+00
   1.4710085e+01   3.9999905e+00
   1.4726232e+01   3.9999905e+00
   1.4742379e+01   3.9999906e+00
   1.4758527e+01   3.9999906e+00
   1.4774674e+01   3.9999907e+00
   1.4790821e+01   3.9999907e+00
   1.4806968e+01   3.9999907e+00
   1.4823115e+01   3.9999908e+00
   1.4839262e+01   3.9999908e+00
   1.4855410e+01   3.9999909e+00
   1.4871557e+01   3.9999909e+00
   1.4887704e+01   3.9999909e+00
   1.4903851e+01   3.9999910e+00
   1.4919998e+01   3.9999910e+00
   1.4936146e+01   3.9999911e+00
   1.4952293e+01   3.9999911e+00
   1.4968440e+01   3.9999911e+00
   1.4984587e+01   3.9999912e+00
   1.5000734e+01   3.9999912e+00
   1.5016881e+01   3.9999912e+00
   1.5033029e+01   3.9999913e+00
   1.5049176e+01   3.9999913e+00
   1.5065323e+01   3.9999914e+00
   1.5081470e+01   3.9999914e+00
   1.5097617e+01   3.9999914e+00
   1.5113765e+01   3.9999915e+00
   1.5129912e+01   3.9999915e+00
   1.5146059e+01   3.9999915e+00
   1.5162206e+01   3.9999916e+00
   1.5178353e+01   3.9999916e+00
   1.5194500e+01   3.9999916e+00
   1.5210648e+01   3.9999917e+00
   1.5226795e+01   3.9999917e+00
   1.5242942e+01   3.9999918e+00
   1.5259089e+01   3.9999918e+00
   1.5275236e+01   3.9999918e+00
   1.5291384e+01   3.9999919e+00
   1.5307531e+01   3.9999919e+00
   1.5323678e+01   3.9999919e+00
   1.5339825e+01   3.9999920e+00
   1.5355972e+01   3.9999920e+00
   1.5372120e+01   3.9999920e+00
   1.5388267e+01   3.9999921e+00
   1.5404414e+01   3.9999921e+00
   1.5420561e+01   3.9999921e+00
   1.5436708e+01   3.9999922e+00
   1.5452855e+01   3.9999922e+00
   1.5469003e+01   3.9999922e+00
   1.5485150e+01   3.9999923e+00
   1.5501297e+01   3.9999923e+00
   1.5517444e+01   3.9999923e+00
   1.5533591e+01   3.9999924e+00
   1.5549739e+01   3.9999924e+00
   1.5565886e+01   3.9999924e+00
   1.5582033e+01   3.9999924e+00
   1.5598180e+01   3.9999925e+00
   1.5614327e+01   3.9999925e+00
   1.5630474e+01   3.9999925e+00
   1.5646622e+01   3.9999926e+00
   1.5662769e+01   3.9999926e+00
   1.5678916e+01   3.9999926e+00
   1.5695063e+01   3.9999927e+00
   1.5711210e+01   3.9999927e+00
   1.5727358e+01   3.9999927e+00
   1.5743505e+01   3.9999928e+00
   1.5759652e+01   3.9999928e+00
   1.5775799e+01   3.9999928e+00
   1.5791946e+01   3.9999928e+00
   1.5808093e+01   3.9999929e+00
   1.5824241e+01   3.9999929e+00
   1.5840388e+01   3.9999929e+00
   1.5856535e+01   3.9999930e+00
   1.5872682e+01   3.9999930e+00
   1.5888829e+01   3.9999930e+00
   1.5904977e+01   3.9999930e+00
   1.5921124e+01   3.9999931e+00
   1.5937271e+01   3.9999931e+00
   1.5953418e+01   3.9999931e+00
   1.5969565e+01   3.9999932e+00
   1.5985713e+01   3.9999932e+00
   1.6001860e+01   3.9999932e+00
   1.6018007e+01   3.9999932e+00
   1.6034154e+01   3.9999933e+00
   1.6050301e+01   3.9999933e+00
   1.6066448e+01   3.9999933e+00
   1.6082596e+01   3.9999933e+00
   1.6098743e+01   3.9999934e+00
   1.6114890e+01   3.9999934e+00
   1.6131037e+01   3.9999934e+00
