   0.0000000e+00   0.0000000e+00
   1.6147184e-02   2.5443264e-01
   3.2294369e-02   9.2520029e-01
   4.8441553e-02   1.8670424e+00
   6.4588737e-02   2.9450043e+00
   8.0735922e-02   4.0516754e+00
   9.6883106e-02   5.1147867e+00
   1.1303029e-01   6.0960326e+00
   1.2917747e-01   6.9842103e+00
   1.4532466e-01   7.7861979e+00
   1.6147184e-01   8.5184679e+00
   1.7761903e-01   9.2005668e+00
   1.9376621e-01   9.8509137e+00
   2.0991340e-01   1.0484615e+01
   2.2606058e-01   1.1112736e+01
   2.4220777e-01   1.1742458e+01
   2.5835495e-01   1.2377694e+01
   2.7450213e-01   1.3019844e+01
   2.9064932e-01   1.3668534e+01
   3.0679650e-01   1.4322243e+01
   3.2294369e-01   1.4978801e+01
   3.3909087e-01   1.5635752e+01
   3.5523806e-01   1.6290603e+01
   3.7138524e-01   1.6940995e+01
   3.8753242e-01   1.7584792e+01
   4.0367961e-01   1.8220136e+01
   4.1982679e-01   1.8845461e+01
   4.3597398e-01   1.9459487e+01
   4.5212116e-01   2.0061204e+01
   4.6826835e-01   2.0649845e+01
   4.8441553e-01   2.1224859e+01
   5.0056272e-01   2.1785882e+01
   5.1670990e-01   2.2332711e+01
   5.3285708e-01   2.2865274e+01
   5.4900427e-01   2.3383613e+01
   5.6515145e-01   2.3887859e+01
   5.8129864e-01   2.4378216e+01
   5.9744582e-01   2.4854946e+01
   6.1359301e-01   2.5318356e+01
   6.2974019e-01   2.5768786e+01
   6.4588737e-01   2.6206600e+01
   6.6203456e-01   2.6632180e+01
   6.7818174e-01   2.7045918e+01
   6.9432893e-01   2.7448211e+01
   7.1047611e-01   2.7839457e+01
   7.2662330e-01   2.8220053e+01
   7.4277048e-01   2.8590391e+01
   7.5891767e-01   2.8950854e+01
   7.7506485e-01   2.9301818e+01
   7.9121203e-01   2.9643649e+01
   8.0735922e-01   2.9976702e+01
   8.2350640e-01   3.0301322e+01
   8.3965359e-01   3.0617839e+01
   8.5580077e-01   3.0926575e+01
   8.7194796e-01   3.1227837e+01
   8.8809514e-01   3.1521921e+01
   9.0424232e-01   3.1809112e+01
   9.2038951e-01   3.2089681e+01
   9.3653669e-01   3.2363891e+01
   9.5268388e-01   3.2631991e+01
   9.6883106e-01   3.2894220e+01
   9.8497825e-01   3.3150807e+01
   1.0011254e+00   3.3401971e+01
   1.0172726e+00   3.3647920e+01
   1.0334198e+00   3.3888855e+01
   1.0495670e+00   3.4124966e+01
   1.0657142e+00   3.4356434e+01
   1.0818614e+00   3.4583436e+01
   1.0980085e+00   3.4806135e+01
   1.1141557e+00   3.5024691e+01
   1.1303029e+00   3.5239256e+01
   1.1464501e+00   3.5449973e+01
   1.1625973e+00   3.5656981e+01
   1.1787445e+00   3.5860413e+01
   1.1948916e+00   3.6060393e+01
   1.2110388e+00   3.6257042e+01
   1.2271860e+00   3.6450475e+01
   1.2433332e+00   3.6640802e+01
   1.2594804e+00   3.6828127e+01
   1.2756276e+00   3.7012551e+01
   1.2917747e+00   3.7194170e+01
   1.3079219e+00   3.7373075e+01
   1.3240691e+00   3.7549353e+01
   1.3402163e+00   3.7723089e+01
   1.3563635e+00   3.7894363e+01
   1.3725107e+00   3.8063250e+01
   1.3886579e+00   3.8229825e+01
   1.4048050e+00   3.8394157e+01
   1.4209522e+00   3.8556314e+01
   1.4370994e+00   3.8716359e+01
   1.4532466e+00   3.8874354e+01
   1.4693938e+00   3.9030358e+01
   1.4855410e+00   3.9184428e+01
   1.5016881e+00   3.9336617e+01
   1.5178353e+00   3.9486978e+01
   1.5339825e+00   3.9635559e+01
   1.5501297e+00   3.9782408e+01
   1.5662769e+00   3.9927572e+01
   1.5824241e+00   4.0071092e+01
   1.5985713e+00   4.0213013e+01
   1.6147184e+00   4.0353373e+01
   1.6308656e+00   4.0492212e+01
   1.6470128e+00   4.0629566e+01
   1.6631600e+00   4.0765471e+01
   1.6793072e+00   4.0899961e+01
   1.6954544e+00   4.1033068e+01
   1.7116015e+00   4.1164825e+01
   1.7277487e+00   4.1295261e+01
   1.7438959e+00   4.1424406e+01
   1.7600431e+00   4.1552288e+01
   1.7761903e+00   4.1678932e+01
   1.7923375e+00   4.1804366e+01
   1.8084846e+00   4.1928613e+01
   1.8246318e+00   4.2051698e+01
   1.8407790e+00   4.2173644e+01
   1.8569262e+00   4.2294472e+01
   1.8730734e+00   4.2414205e+01
   1.8892206e+00   4.2532862e+01
   1.9053678e+00   4.2650463e+01
   1.9215149e+00   4.2767027e+01
   1.9376621e+00   4.2882573e+01
   1.9538093e+00   4.2997118e+01
   1.9699565e+00   4.3110678e+01
   1.9861037e+00   4.3223272e+01
   2.0022509e+00   4.3334913e+01
   2.0183980e+00   4.3445618e+01
   2.0345452e+00   4.3555401e+01
   2.0506924e+00   4.3664277e+01
   2.0668396e+00   4.3772258e+01
   2.0829868e+00   4.3879359e+01
   2.0991340e+00   4.3985591e+01
   2.1152812e+00   4.4090969e+01
   2.1314283e+00   4.4195502e+01
   2.1475755e+00   4.4299203e+01
   2.1637227e+00   4.4402084e+01
   2.1798699e+00   4.4504154e+01
   2.1960171e+00   4.4605425e+01
   2.2121643e+00   4.4705906e+01
   2.2283114e+00   4.4805607e+01
   2.2444586e+00   4.4904537e+01
   2.2606058e+00   4.5002707e+01
   2.2767530e+00   4.5100125e+01
   2.2929002e+00   4.5196799e+01
   2.3090474e+00   4.5292737e+01
   2.3251945e+00   4.5387949e+01
   2.3413417e+00   4.5482442e+01
   2.3574889e+00   4.5576224e+01
   2.3736361e+00   4.5669301e+01
   2.3897833e+00   4.5761682e+01
   2.4059305e+00   4.5853373e+01
   2.4220777e+00   4.5944382e+01
   2.4382248e+00   4.6034714e+01
   2.4543720e+00   4.6124377e+01
   2.4705192e+00   4.6213377e+01
   2.4866664e+00   4.6301719e+01
   2.5028136e+00   4.6389411e+01
   2.5189608e+00   4.6476458e+01
   2.5351079e+00   4.6562865e+01
   2.5512551e+00   4.6648639e+01
   2.5674023e+00   4.6733785e+01
   2.5835495e+00   4.6818307e+01
   2.5996967e+00   4.6902212e+01
   2.6158439e+00   4.6985505e+01
   2.6319911e+00   4.7068189e+01
   2.6481382e+00   4.7150272e+01
   2.6642854e+00   4.7231756e+01
   2.6804326e+00   4.7312648e+01
   2.6965798e+00   4.7392951e+01
   2.7127270e+00   4.7472670e+01
   2.7288742e+00   4.7551809e+01
   2.7450213e+00   4.7630374e+01
   2.7611685e+00   4.7708367e+01
   2.7773157e+00   4.7785794e+01
   2.7934629e+00   4.7862659e+01
   2.8096101e+00   4.7938965e+01
   2.8257573e+00   4.8014717e+01
   2.8419044e+00   4.8089918e+01
   2.8580516e+00   4.8164573e+01
   2.8741988e+00   4.8238685e+01
   2.8903460e+00   4.8312258e+01
   2.9064932e+00   4.8385296e+01
   2.9226404e+00   4.8457803e+01
   2.9387876e+00   4.8529782e+01
   2.9549347e+00   4.8601236e+01
   2.9710819e+00   4.8672169e+01
   2.9872291e+00   4.8742586e+01
   3.0033763e+00   4.8812488e+01
   3.0195235e+00   4.8881880e+01
   3.0356707e+00   4.8950765e+01
   3.0518178e+00   4.9019146e+01
   3.0679650e+00   4.9087027e+01
   3.0841122e+00   4.9154411e+01
   3.1002594e+00   4.9221301e+01
   3.1164066e+00   4.9287700e+01
   3.1325538e+00   4.9353612e+01
   3.1487010e+00   4.9419039e+01
   3.1648481e+00   4.9483985e+01
   3.1809953e+00   4.9548453e+01
   3.1971425e+00   4.9612446e+01
   3.2132897e+00   4.9675967e+01
   3.2294369e+00   4.9739019e+01
   3.2455841e+00   4.9801605e+01
   3.2617312e+00   4.9863728e+01
   3.2778784e+00   4.9925391e+01
   3.2940256e+00   4.9986597e+01
   3.3101728e+00   5.0047348e+01
   3.3263200e+00   5.0107648e+01
   3.3424672e+00   5.0167500e+01
   3.3586143e+00   5.0226907e+01
   3.3747615e+00   5.0285870e+01
   3.3909087e+00   5.0344394e+01
   3.4070559e+00   5.0402480e+01
   3.4232031e+00   5.0460133e+01
   3.4393503e+00   5.0517353e+01
   3.4554975e+00   5.0574145e+01
   3.4716446e+00   5.0630511e+01
   3.4877918e+00   5.0686454e+01
   3.5039390e+00   5.0741976e+01
   3.5200862e+00   5.0797080e+01
   3.5362334e+00   5.0851770e+01
   3.5523806e+00   5.0906046e+01
   3.5685277e+00   5.0959913e+01
   3.5846749e+00   5.1013373e+01
   3.6008221e+00   5.1066428e+01
   3.6169693e+00   5.1119081e+01
   3.6331165e+00   5.1171335e+01
   3.6492637e+00   5.1223193e+01
   3.6654109e+00   5.1274656e+01
   3.6815580e+00   5.1325728e+01
   3.6977052e+00   5.1376411e+01
   3.7138524e+00   5.1426707e+01
   3.7299996e+00   5.1476620e+01
   3.7461468e+00   5.1526151e+01
   3.7622940e+00   5.1575304e+01
   3.7784411e+00   5.1624081e+01
   3.7945883e+00   5.1672483e+01
   3.8107355e+00   5.1720515e+01
   3.8268827e+00   5.1768178e+01
   3.8430299e+00   5.1815474e+01
   3.8591771e+00   5.1862407e+01
   3.8753242e+00   5.1908978e+01
   3.8914714e+00   5.1955191e+01
   3.9076186e+00   5.2001046e+01
   3.9237658e+00   5.2046548e+01
   3.9399130e+00   5.2091698e+01
   3.9560602e+00   5.2136499e+01
   3.9722074e+00   5.2180953e+01
   3.9883545e+00   5.2225063e+01
   4.0045017e+00   5.2268830e+01
   4.0206489e+00   5.2312258e+01
   4.0367961e+00   5.2355348e+01
   4.0529433e+00   5.2398104e+01
   4.0690905e+00   5.2440526e+01
   4.0852376e+00   5.2482618e+01
   4.1013848e+00   5.2524382e+01
   4.1175320e+00   5.2565820e+01
   4.1336792e+00   5.2606935e+01
   4.1498264e+00   5.2647728e+01
   4.1659736e+00   5.2688202e+01
   4.1821208e+00   5.2728360e+01
   4.1982679e+00   5.2768203e+01
   4.2144151e+00   5.2807734e+01
   4.2305623e+00   5.2846955e+01
   4.2467095e+00   5.2885868e+01
   4.2628567e+00   5.2924476e+01
   4.2790039e+00   5.2962780e+01
   4.2951510e+00   5.3000783e+01
   4.3112982e+00   5.3038487e+01
   4.3274454e+00   5.3075894e+01
   4.3435926e+00   5.3113006e+01
   4.3597398e+00   5.3149826e+01
   4.3758870e+00   5.3186355e+01
   4.3920341e+00   5.3222596e+01
   4.4081813e+00   5.3258550e+01
   4.4243285e+00   5.3294221e+01
   4.4404757e+00   5.3329609e+01
   4.4566229e+00   5.3364718e+01
   4.4727701e+00   5.3399549e+01
   4.4889173e+00   5.3434104e+01
   4.5050644e+00   5.3468385e+01
   4.5212116e+00   5.3502394e+01
   4.5373588e+00   5.3536134e+01
   4.5535060e+00   5.3569606e+01
   4.5696532e+00   5.3602812e+01
   4.5858004e+00   5.3635755e+01
   4.6019475e+00   5.3668435e+01
   4.6180947e+00   5.3700857e+01
   4.6342419e+00   5.3733020e+01
   4.6503891e+00   5.3764927e+01
   4.6665363e+00   5.3796581e+01
   4.6826835e+00   5.3827982e+01
   4.6988307e+00   5.3859134e+01
   4.7149778e+00   5.3890037e+01
   4.7311250e+00   5.3920694e+01
   4.7472722e+00   5.3951107e+01
   4.7634194e+00   5.3981277e+01
   4.7795666e+00   5.4011207e+01
   4.7957138e+00   5.4040897e+01
   4.8118609e+00   5.4070351e+01
   4.8280081e+00   5.4099570e+01
   4.8441553e+00   5.4128555e+01
   4.8603025e+00   5.4157309e+01
   4.8764497e+00   5.4185833e+01
   4.8925969e+00   5.4214129e+01
   4.9087440e+00   5.4242199e+01
   4.9248912e+00   5.4270045e+01
   4.9410384e+00   5.4297668e+01
   4.9571856e+00   5.4325070e+01
   4.9733328e+00   5.4352253e+01
   4.9894800e+00   5.4379218e+01
   5.0056272e+00   5.4405968e+01
   5.0217743e+00   5.4432504e+01
   5.0379215e+00   5.4458827e+01
   5.0540687e+00   5.4484940e+01
   5.0702159e+00   5.4510843e+01
   5.0863631e+00   5.4536540e+01
   5.1025103e+00   5.4562030e+01
   5.1186574e+00   5.4587317e+01
   5.1348046e+00   5.4612401e+01
   5.1509518e+00   5.4637284e+01
   5.1670990e+00   5.4661968e+01
   5.1832462e+00   5.4686454e+01
   5.1993934e+00   5.4710744e+01
   5.2155406e+00   5.4734840e+01
   5.2316877e+00   5.4758742e+01
   5.2478349e+00   5.4782454e+01
   5.2639821e+00   5.4805975e+01
   5.2801293e+00   5.4829308e+01
   5.2962765e+00   5.4852454e+01
   5.3124237e+00   5.4875415e+01
   5.3285708e+00   5.4898192e+01
   5.3447180e+00   5.4920786e+01
   5.3608652e+00   5.4943200e+01
   5.3770124e+00   5.4965434e+01
   5.3931596e+00   5.4987491e+01
   5.4093068e+00   5.5009370e+01
   5.4254539e+00   5.5031075e+01
   5.4416011e+00   5.5052606e+01
   5.4577483e+00   5.5073965e+01
   5.4738955e+00   5.5095153e+01
   5.4900427e+00   5.5116171e+01
   5.5061899e+00   5.5137021e+01
   5.5223371e+00   5.5157705e+01
   5.5384842e+00   5.5178223e+01
   5.5546314e+00   5.5198577e+01
   5.5707786e+00   5.5218769e+01
   5.5869258e+00   5.5238799e+01
   5.6030730e+00   5.5258669e+01
   5.6192202e+00   5.5278381e+01
   5.6353673e+00   5.5297935e+01
   5.6515145e+00   5.5317333e+01
   5.6676617e+00   5.5336576e+01
   5.6838089e+00   5.5355665e+01
   5.6999561e+00   5.5374602e+01
   5.7161033e+00   5.5393389e+01
   5.7322505e+00   5.5412025e+01
   5.7483976e+00   5.5430513e+01
   5.7645448e+00   5.5448853e+01
   5.7806920e+00   5.5467048e+01
   5.7968392e+00   5.5485097e+01
   5.8129864e+00   5.5503003e+01
   5.8291336e+00   5.5520766e+01
   5.8452807e+00   5.5538388e+01
   5.8614279e+00   5.5555870e+01
   5.8775751e+00   5.5573212e+01
   5.8937223e+00   5.5590417e+01
   5.9098695e+00   5.5607485e+01
   5.9260167e+00   5.5624417e+01
   5.9421638e+00   5.5641215e+01
   5.9583110e+00   5.5657880e+01
   5.9744582e+00   5.5674412e+01
   5.9906054e+00   5.5690814e+01
   6.0067526e+00   5.5707085e+01
   6.0228998e+00   5.5723227e+01
   6.0390470e+00   5.5739241e+01
   6.0551941e+00   5.5755129e+01
   6.0713413e+00   5.5770890e+01
   6.0874885e+00   5.5786527e+01
   6.1036357e+00   5.5802040e+01
   6.1197829e+00   5.5817431e+01
   6.1359301e+00   5.5832700e+01
   6.1520772e+00   5.5847848e+01
   6.1682244e+00   5.5862877e+01
   6.1843716e+00   5.5877787e+01
   6.2005188e+00   5.5892579e+01
   6.2166660e+00   5.5907255e+01
   6.2328132e+00   5.5921815e+01
   6.2489603e+00   5.5936261e+01
   6.2651075e+00   5.5950592e+01
   6.2812547e+00   5.5964811e+01
   6.2974019e+00   5.5978918e+01
   6.3135491e+00   5.5992914e+01
   6.3296963e+00   5.6006800e+01
   6.3458435e+00   5.6020577e+01
   6.3619906e+00   5.6034246e+01
   6.3781378e+00   5.6047807e+01
   6.3942850e+00   5.6061262e+01
   6.4104322e+00   5.6074612e+01
   6.4265794e+00   5.6087857e+01
   6.4427266e+00   5.6100998e+01
   6.4588737e+00   5.6114037e+01
   6.4750209e+00   5.6126973e+01
   6.4911681e+00   5.6139809e+01
   6.5073153e+00   5.6152544e+01
   6.5234625e+00   5.6165180e+01
   6.5396097e+00   5.6177717e+01
   6.5557569e+00   5.6190156e+01
   6.5719040e+00   5.6202498e+01
   6.5880512e+00   5.6214744e+01
   6.6041984e+00   5.6226895e+01
   6.6203456e+00   5.6238951e+01
   6.6364928e+00   5.6250913e+01
   6.6526400e+00   5.6262783e+01
   6.6687871e+00   5.6274560e+01
   6.6849343e+00   5.6286246e+01
   6.7010815e+00   5.6297841e+01
   6.7172287e+00   5.6309346e+01
   6.7333759e+00   5.6320762e+01
   6.7495231e+00   5.6332090e+01
   6.7656702e+00   5.6343330e+01
   6.7818174e+00   5.6354483e+01
   6.7979646e+00   5.6365550e+01
   6.8141118e+00   5.6376531e+01
   6.8302590e+00   5.6387428e+01
   6.8464062e+00   5.6398241e+01
   6.8625534e+00   5.6408970e+01
   6.8787005e+00   5.6419616e+01
   6.8948477e+00   5.6430181e+01
   6.9109949e+00   5.6440664e+01
   6.9271421e+00   5.6451067e+01
   6.9432893e+00   5.6461390e+01
   6.9594365e+00   5.6471633e+01
   6.9755836e+00   5.6481798e+01
   6.9917308e+00   5.6491885e+01
   7.0078780e+00   5.6501894e+01
   7.0240252e+00   5.6511827e+01
   7.0401724e+00   5.6521684e+01
   7.0563196e+00   5.6531466e+01
   7.0724668e+00   5.6541173e+01
   7.0886139e+00   5.6550806e+01
   7.1047611e+00   5.6560365e+01
   7.1209083e+00   5.6569851e+01
   7.1370555e+00   5.6579265e+01
   7.1532027e+00   5.6588608e+01
   7.1693499e+00   5.6597879e+01
   7.1854970e+00   5.6607080e+01
   7.2016442e+00   5.6616210e+01
   7.2177914e+00   5.6625272e+01
   7.2339386e+00   5.6634265e+01
   7.2500858e+00   5.6643189e+01
   7.2662330e+00   5.6652047e+01
   7.2823801e+00   5.6660836e+01
   7.2985273e+00   5.6669560e+01
   7.3146745e+00   5.6678218e+01
   7.3308217e+00   5.6686810e+01
   7.3469689e+00   5.6695337e+01
   7.3631161e+00   5.6703800e+01
   7.3792633e+00   5.6712199e+01
   7.3954104e+00   5.6720535e+01
   7.4115576e+00   5.6728809e+01
   7.4277048e+00   5.6737020e+01
   7.4438520e+00   5.6745169e+01
   7.4599992e+00   5.6753257e+01
   7.4761464e+00   5.6761285e+01
   7.4922935e+00   5.6769252e+01
   7.5084407e+00   5.6777160e+01
   7.5245879e+00   5.6785008e+01
   7.5407351e+00   5.6792798e+01
   7.5568823e+00   5.6800530e+01
   7.5730295e+00   5.6808204e+01
   7.5891767e+00   5.6815820e+01
   7.6053238e+00   5.6823380e+01
   7.6214710e+00   5.6830884e+01
   7.6376182e+00   5.6838332e+01
   7.6537654e+00   5.6845724e+01
   7.6699126e+00   5.6853062e+01
   7.6860598e+00   5.6860345e+01
   7.7022069e+00   5.6867574e+01
   7.7183541e+00   5.6874749e+01
   7.7345013e+00   5.6881871e+01
   7.7506485e+00   5.6888941e+01
   7.7667957e+00   5.6895958e+01
   7.7829429e+00   5.6902924e+01
   7.7990900e+00   5.6909838e+01
   7.8152372e+00   5.6916701e+01
   7.8313844e+00   5.6923513e+01
   7.8475316e+00   5.6930275e+01
   7.8636788e+00   5.6936988e+01
   7.8798260e+00   5.6943651e+01
   7.8959732e+00   5.6950265e+01
   7.9121203e+00   5.6956831e+01
   7.9282675e+00   5.6963349e+01
   7.9444147e+00   5.6969819e+01
   7.9605619e+00   5.6976241e+01
   7.9767091e+00   5.6982617e+01
   7.9928563e+00   5.6988946e+01
   8.0090034e+00   5.6995228e+01
   8.0251506e+00   5.7001465e+01
   8.0412978e+00   5.7007657e+01
   8.0574450e+00   5.7013803e+01
   8.0735922e+00   5.7019905e+01
   8.0897394e+00   5.7025962e+01
   8.1058866e+00   5.7031975e+01
   8.1220337e+00   5.7037945e+01
   8.1381809e+00   5.7043871e+01
   8.1543281e+00   5.7049755e+01
   8.1704753e+00   5.7055596e+01
   8.1866225e+00   5.7061394e+01
   8.2027697e+00   5.7067151e+01
   8.2189168e+00   5.7072866e+01
   8.2350640e+00   5.7078540e+01
   8.2512112e+00   5.7084173e+01
   8.2673584e+00   5.7089766e+01
   8.2835056e+00   5.7095318e+01
   8.2996528e+00   5.7100830e+01
   8.3157999e+00   5.7106303e+01
   8.3319471e+00   5.7111736e+01
   8.3480943e+00   5.7117131e+01
   8.3642415e+00   5.7122487e+01
   8.3803887e+00   5.7127804e+01
   8.3965359e+00   5.7133084e+01
   8.4126831e+00   5.7138326e+01
   8.4288302e+00   5.7143530e+01
   8.4449774e+00   5.7148698e+01
   8.4611246e+00   5.7153828e+01
   8.4772718e+00   5.7158922e+01
   8.4934190e+00   5.7163980e+01
   8.5095662e+00   5.7169002e+01
   8.5257133e+00   5.7173988e+01
   8.5418605e+00   5.7178939e+01
   8.5580077e+00   5.7183854e+01
   8.5741549e+00   5.7188735e+01
   8.5903021e+00   5.7193582e+01
   8.6064493e+00   5.7198394e+01
   8.6225965e+00   5.7203172e+01
   8.6387436e+00   5.7207916e+01
   8.6548908e+00   5.7212627e+01
   8.6710380e+00   5.7217305e+01
   8.6871852e+00   5.7221950e+01
   8.7033324e+00   5.7226563e+01
   8.7194796e+00   5.7231143e+01
   8.7356267e+00   5.7235690e+01
   8.7517739e+00   5.7240206e+01
   8.7679211e+00   5.7244691e+01
   8.7840683e+00   5.7249144e+01
   8.8002155e+00   5.7253565e+01
   8.8163627e+00   5.7257956e+01
   8.8325098e+00   5.7262317e+01
   8.8486570e+00   5.7266647e+01
   8.8648042e+00   5.7270946e+01
   8.8809514e+00   5.7275216e+01
   8.8970986e+00   5.7279456e+01
   8.9132458e+00   5.7283667e+01
   8.9293930e+00   5.7287849e+01
   8.9455401e+00   5.7292001e+01
   8.9616873e+00   5.7296125e+01
   8.9778345e+00   5.7300220e+01
   8.9939817e+00   5.7304287e+01
   9.0101289e+00   5.7308326e+01
   9.0262761e+00   5.7312337e+01
   9.0424232e+00   5.7316320e+01
   9.0585704e+00   5.7320276e+01
   9.0747176e+00   5.7324205e+01
   9.0908648e+00   5.7328107e+01
   9.1070120e+00   5.7331981e+01
   9.1231592e+00   5.7335830e+01
   9.1393064e+00   5.7339652e+01
   9.1554535e+00   5.7343447e+01
   9.1716007e+00   5.7347217e+01
   9.1877479e+00   5.7350961e+01
   9.2038951e+00   5.7354680e+01
   9.2200423e+00   5.7358373e+01
   9.2361895e+00   5.7362041e+01
   9.2523366e+00   5.7365684e+01
   9.2684838e+00   5.7369302e+01
   9.2846310e+00   5.7372895e+01
   9.3007782e+00   5.7376465e+01
   9.3169254e+00   5.7380010e+01
   9.3330726e+00   5.7383530e+01
   9.3492197e+00   5.7387028e+01
   9.3653669e+00   5.7390501e+01
   9.3815141e+00   5.7393951e+01
   9.3976613e+00   5.7397378e+01
   9.4138085e+00   5.7400781e+01
   9.4299557e+00   5.7404162e+01
   9.4461029e+00   5.7407520e+01
   9.4622500e+00   5.7410855e+01
   9.4783972e+00   5.7414168e+01
   9.4945444e+00   5.7417458e+01
   9.5106916e+00   5.7420727e+01
   9.5268388e+00   5.7423974e+01
   9.5429860e+00   5.7427199e+01
   9.5591331e+00   5.7430402e+01
   9.5752803e+00   5.7433584e+01
   9.5914275e+00   5.7436745e+01
   9.6075747e+00   5.7439884e+01
   9.6237219e+00   5.7443003e+01
   9.6398691e+00   5.7446101e+01
   9.6560163e+00   5.7449178e+01
   9.6721634e+00   5.7452235e+01
   9.6883106e+00   5.7455272e+01
   9.7044578e+00   5.7458288e+01
   9.7206050e+00   5.7461285e+01
   9.7367522e+00   5.7464261e+01
   9.7528994e+00   5.7467218e+01
   9.7690465e+00   5.7470156e+01
   9.7851937e+00   5.7473074e+01
   9.8013409e+00   5.7475973e+01
   9.8174881e+00   5.7478852e+01
   9.8336353e+00   5.7481713e+01
   9.8497825e+00   5.7484555e+01
   9.8659296e+00   5.7487379e+01
   9.8820768e+00   5.7490183e+01
   9.8982240e+00   5.7492970e+01
   9.9143712e+00   5.7495738e+01
   9.9305184e+00   5.7498488e+01
   9.9466656e+00   5.7501220e+01
   9.9628128e+00   5.7503934e+01
   9.9789599e+00   5.7506631e+01
   9.9951071e+00   5.7509310e+01
   1.0011254e+01   5.7511971e+01
   1.0027401e+01   5.7514616e+01
   1.0043549e+01   5.7517243e+01
   1.0059696e+01   5.7519853e+01
   1.0075843e+01   5.7522446e+01
   1.0091990e+01   5.7525022e+01
   1.0108137e+01   5.7527582e+01
   1.0124285e+01   5.7530125e+01
   1.0140432e+01   5.7532651e+01
   1.0156579e+01   5.7535161e+01
   1.0172726e+01   5.7537656e+01
   1.0188873e+01   5.7540134e+01
   1.0205021e+01   5.7542596e+01
   1.0221168e+01   5.7545042e+01
   1.0237315e+01   5.7547472e+01
   1.0253462e+01   5.7549887e+01
   1.0269609e+01   5.7552287e+01
   1.0285756e+01   5.7554671e+01
   1.0301904e+01   5.7557040e+01
   1.0318051e+01   5.7559393e+01
   1.0334198e+01   5.7561732e+01
   1.0350345e+01   5.7564056e+01
   1.0366492e+01   5.7566365e+01
   1.0382640e+01   5.7568659e+01
   1.0398787e+01   5.7570938e+01
   1.0414934e+01   5.7573204e+01
   1.0431081e+01   5.7575454e+01
   1.0447228e+01   5.7577691e+01
   1.0463375e+01   5.7579913e+01
   1.0479523e+01   5.7582121e+01
   1.0495670e+01   5.7584316e+01
   1.0511817e+01   5.7586496e+01
   1.0527964e+01   5.7588663e+01
   1.0544111e+01   5.7590816e+01
   1.0560259e+01   5.7592955e+01
   1.0576406e+01   5.7595081e+01
   1.0592553e+01   5.7597193e+01
   1.0608700e+01   5.7599293e+01
   1.0624847e+01   5.7601379e+01
   1.0640994e+01   5.7603452e+01
   1.0657142e+01   5.7605512e+01
   1.0673289e+01   5.7607559e+01
   1.0689436e+01   5.7609593e+01
   1.0705583e+01   5.7611615e+01
   1.0721730e+01   5.7613624e+01
   1.0737878e+01   5.7615621e+01
   1.0754025e+01   5.7617605e+01
   1.0770172e+01   5.7619576e+01
   1.0786319e+01   5.7621536e+01
   1.0802466e+01   5.7623483e+01
   1.0818614e+01   5.7625418e+01
   1.0834761e+01   5.7627342e+01
   1.0850908e+01   5.7629253e+01
   1.0867055e+01   5.7631152e+01
   1.0883202e+01   5.7633040e+01
   1.0899349e+01   5.7634916e+01
   1.0915497e+01   5.7636781e+01
   1.0931644e+01   5.7638634e+01
   1.0947791e+01   5.7640475e+01
   1.0963938e+01   5.7642306e+01
   1.0980085e+01   5.7644125e+01
   1.0996233e+01   5.7645933e+01
   1.1012380e+01   5.7647729e+01
   1.1028527e+01   5.7649515e+01
   1.1044674e+01   5.7651290e+01
   1.1060821e+01   5.7653054e+01
   1.1076968e+01   5.7654807e+01
   1.1093116e+01   5.7656550e+01
   1.1109263e+01   5.7658282e+01
   1.1125410e+01   5.7660003e+01
   1.1141557e+01   5.7661714e+01
   1.1157704e+01   5.7663414e+01
   1.1173852e+01   5.7665104e+01
   1.1189999e+01   5.7666784e+01
   1.1206146e+01   5.7668454e+01
   1.1222293e+01   5.7670113e+01
   1.1238440e+01   5.7671763e+01
   1.1254588e+01   5.7673403e+01
   1.1270735e+01   5.7675032e+01
   1.1286882e+01   5.7676652e+01
   1.1303029e+01   5.7678262e+01
   1.1319176e+01   5.7679863e+01
   1.1335323e+01   5.7681453e+01
   1.1351471e+01   5.7683034e+01
   1.1367618e+01   5.7684606e+01
   1.1383765e+01   5.7686168e+01
   1.1399912e+01   5.7687721e+01
   1.1416059e+01   5.7689265e+01
   1.1432207e+01   5.7690799e+01
   1.1448354e+01   5.7692324e+01
   1.1464501e+01   5.7693841e+01
   1.1480648e+01   5.7695348e+01
   1.1496795e+01   5.7696846e+01
   1.1512942e+01   5.7698335e+01
   1.1529090e+01   5.7699815e+01
   1.1545237e+01   5.7701287e+01
   1.1561384e+01   5.7702749e+01
   1.1577531e+01   5.7704203e+01
   1.1593678e+01   5.7705649e+01
   1.1609826e+01   5.7707086e+01
   1.1625973e+01   5.7708514e+01
   1.1642120e+01   5.7709934e+01
   1.1658267e+01   5.7711346e+01
   1.1674414e+01   5.7712749e+01
   1.1690561e+01   5.7714144e+01
   1.1706709e+01   5.7715531e+01
   1.1722856e+01   5.7716910e+01
   1.1739003e+01   5.7718280e+01
   1.1755150e+01   5.7719643e+01
   1.1771297e+01   5.7720997e+01
   1.1787445e+01   5.7722344e+01
   1.1803592e+01   5.7723682e+01
   1.1819739e+01   5.7725013e+01
   1.1835886e+01   5.7726336e+01
   1.1852033e+01   5.7727652e+01
   1.1868181e+01   5.7728959e+01
   1.1884328e+01   5.7730260e+01
   1.1900475e+01   5.7731552e+01
   1.1916622e+01   5.7732837e+01
   1.1932769e+01   5.7734115e+01
   1.1948916e+01   5.7735385e+01
   1.1965064e+01   5.7736648e+01
   1.1981211e+01   5.7737903e+01
   1.1997358e+01   5.7739151e+01
   1.2013505e+01   5.7740392e+01
   1.2029652e+01   5.7741626e+01
   1.2045800e+01   5.7742853e+01
   1.2061947e+01   5.7744072e+01
   1.2078094e+01   5.7745285e+01
   1.2094241e+01   5.7746491e+01
   1.2110388e+01   5.7747689e+01
   1.2126535e+01   5.7748881e+01
   1.2142683e+01   5.7750066e+01
   1.2158830e+01   5.7751244e+01
   1.2174977e+01   5.7752416e+01
   1.2191124e+01   5.7753581e+01
   1.2207271e+01   5.7754739e+01
   1.2223419e+01   5.7755890e+01
   1.2239566e+01   5.7757035e+01
   1.2255713e+01   5.7758174e+01
   1.2271860e+01   5.7759305e+01
   1.2288007e+01   5.7760431e+01
   1.2304154e+01   5.7761550e+01
   1.2320302e+01   5.7762663e+01
   1.2336449e+01   5.7763769e+01
   1.2352596e+01   5.7764869e+01
   1.2368743e+01   5.7765963e+01
   1.2384890e+01   5.7767051e+01
   1.2401038e+01   5.7768133e+01
   1.2417185e+01   5.7769208e+01
   1.2433332e+01   5.7770277e+01
   1.2449479e+01   5.7771341e+01
   1.2465626e+01   5.7772398e+01
   1.2481774e+01   5.7773450e+01
   1.2497921e+01   5.7774495e+01
   1.2514068e+01   5.7775535e+01
   1.2530215e+01   5.7776569e+01
   1.2546362e+01   5.7777597e+01
   1.2562509e+01   5.7778619e+01
   1.2578657e+01   5.7779636e+01
   1.2594804e+01   5.7780647e+01
   1.2610951e+01   5.7781652e+01
   1.2627098e+01   5.7782652e+01
   1.2643245e+01   5.7783646e+01
   1.2659393e+01   5.7784634e+01
   1.2675540e+01   5.7785617e+01
   1.2691687e+01   5.7786595e+01
   1.2707834e+01   5.7787567e+01
   1.2723981e+01   5.7788534e+01
   1.2740128e+01   5.7789495e+01
   1.2756276e+01   5.7790451e+01
   1.2772423e+01   5.7791402e+01
   1.2788570e+01   5.7792348e+01
   1.2804717e+01   5.7793288e+01
   1.2820864e+01   5.7794223e+01
   1.2837012e+01   5.7795153e+01
   1.2853159e+01   5.7796078e+01
   1.2869306e+01   5.7796998e+01
   1.2885453e+01   5.7797913e+01
   1.2901600e+01   5.7798822e+01
   1.2917747e+01   5.7799727e+01
   1.2933895e+01   5.7800627e+01
   1.2950042e+01   5.7801522e+01
   1.2966189e+01   5.7802412e+01
   1.2982336e+01   5.7803297e+01
   1.2998483e+01   5.7804177e+01
   1.3014631e+01   5.7805053e+01
   1.3030778e+01   5.7805923e+01
   1.3046925e+01   5.7806789e+01
   1.3063072e+01   5.7807650e+01
   1.3079219e+01   5.7808507e+01
   1.3095367e+01   5.7809359e+01
   1.3111514e+01   5.7810206e+01
   1.3127661e+01   5.7811049e+01
   1.3143808e+01   5.7811887e+01
   1.3159955e+01   5.7812721e+01
   1.3176102e+01   5.7813550e+01
   1.3192250e+01   5.7814374e+01
   1.3208397e+01   5.7815195e+01
   1.3224544e+01   5.7816010e+01
   1.3240691e+01   5.7816822e+01
   1.3256838e+01   5.7817629e+01
   1.3272986e+01   5.7818431e+01
   1.3289133e+01   5.7819230e+01
   1.3305280e+01   5.7820024e+01
   1.3321427e+01   5.7820814e+01
   1.3337574e+01   5.7821599e+01
   1.3353721e+01   5.7822381e+01
   1.3369869e+01   5.7823158e+01
   1.3386016e+01   5.7823931e+01
   1.3402163e+01   5.7824700e+01
   1.3418310e+01   5.7825465e+01
   1.3434457e+01   5.7826225e+01
   1.3450605e+01   5.7826982e+01
   1.3466752e+01   5.7827735e+01
   1.3482899e+01   5.7828483e+01
   1.3499046e+01   5.7829228e+01
   1.3515193e+01   5.7829969e+01
   1.3531340e+01   5.7830706e+01
   1.3547488e+01   5.7831439e+01
   1.3563635e+01   5.7832168e+01
   1.3579782e+01   5.7832893e+01
   1.3595929e+01   5.7833614e+01
   1.3612076e+01   5.7834332e+01
   1.3628224e+01   5.7835046e+01
   1.3644371e+01   5.7835756e+01
   1.3660518e+01   5.7836462e+01
   1.3676665e+01   5.7837165e+01
   1.3692812e+01   5.7837864e+01
   1.3708960e+01   5.7838559e+01
   1.3725107e+01   5.7839251e+01
   1.3741254e+01   5.7839939e+01
   1.3757401e+01   5.7840623e+01
   1.3773548e+01   5.7841304e+01
   1.3789695e+01   5.7841981e+01
   1.3805843e+01   5.7842655e+01
   1.3821990e+01   5.7843325e+01
   1.3838137e+01   5.7843992e+01
   1.3854284e+01   5.7844655e+01
   1.3870431e+01   5.7845315e+01
   1.3886579e+01   5.7845972e+01
   1.3902726e+01   5.7846625e+01
   1.3918873e+01   5.7847274e+01
   1.3935020e+01   5.7847920e+01
   1.3951167e+01   5.7848563e+01
   1.3967314e+01   5.7849203e+01
   1.3983462e+01   5.7849839e+01
   1.3999609e+01   5.7850472e+01
   1.4015756e+01   5.7851102e+01
   1.4031903e+01   5.7851728e+01
   1.4048050e+01   5.7852352e+01
   1.4064198e+01   5.7852972e+01
   1.4080345e+01   5.7853589e+01
   1.4096492e+01   5.7854202e+01
   1.4112639e+01   5.7854813e+01
   1.4128786e+01   5.7855420e+01
   1.4144934e+01   5.7856025e+01
   1.4161081e+01   5.7856626e+01
   1.4177228e+01   5.7857224e+01
   1.4193375e+01   5.7857819e+01
   1.4209522e+01   5.7858411e+01
   1.4225669e+01   5.7859001e+01
   1.4241817e+01   5.7859587e+01
   1.4257964e+01   5.7860170e+01
   1.4274111e+01   5.7860750e+01
   1.4290258e+01   5.7861327e+01
   1.4306405e+01   5.7861901e+01
   1.4322553e+01   5.7862473e+01
   1.4338700e+01   5.7863041e+01
   1.4354847e+01   5.7863607e+01
   1.4370994e+01   5.7864169e+01
   1.4387141e+01   5.7864729e+01
   1.4403288e+01   5.7865286e+01
   1.4419436e+01   5.7865841e+01
   1.4435583e+01   5.7866392e+01
   1.4451730e+01   5.7866941e+01
   1.4467877e+01   5.7867487e+01
   1.4484024e+01   5.7868030e+01
   1.4500172e+01   5.7868570e+01
   1.4516319e+01   5.7869108e+01
   1.4532466e+01   5.7869643e+01
   1.4548613e+01   5.7870175e+01
   1.4564760e+01   5.7870705e+01
   1.4580907e+01   5.7871232e+01
   1.4597055e+01   5.7871757e+01
   1.4613202e+01   5.7872278e+01
   1.4629349e+01   5.7872798e+01
   1.4645496e+01   5.7873314e+01
   1.4661643e+01   5.7873828e+01
   1.4677791e+01   5.7874340e+01
   1.4693938e+01   5.7874849e+01
   1.4710085e+01   5.7875355e+01
   1.4726232e+01   5.7875859e+01
   1.4742379e+01   5.7876361e+01
   1.4758527e+01   5.7876859e+01
   1.4774674e+01   5.7877356e+01
   1.4790821e+01   5.7877850e+01
   1.4806968e+01   5.7878342e+01
   1.4823115e+01   5.7878831e+01
   1.4839262e+01   5.7879317e+01
   1.4855410e+01   5.7879802e+01
   1.4871557e+01   5.7880284e+01
   1.4887704e+01   5.7880763e+01
   1.4903851e+01   5.7881241e+01
   1.4919998e+01   5.7881716e+01
   1.4936146e+01   5.7882188e+01
   1.4952293e+01   5.7882658e+01
   1.4968440e+01   5.7883126e+01
   1.4984587e+01   5.7883592e+01
   1.5000734e+01   5.7884055e+01
   1.5016881e+01   5.7884517e+01
   1.5033029e+01   5.7884976e+01
   1.5049176e+01   5.7885432e+01
   1.5065323e+01   5.7885887e+01
   1.5081470e+01   5.7886339e+01
   1.5097617e+01   5.7886789e+01
   1.5113765e+01   5.7887237e+01
   1.5129912e+01   5.7887682e+01
   1.5146059e+01   5.7888126e+01
   1.5162206e+01   5.7888567e+01
   1.5178353e+01   5.7889006e+01
   1.5194500e+01   5.7889444e+01
   1.5210648e+01   5.7889879e+01
   1.5226795e+01   5.7890311e+01
   1.5242942e+01   5.7890742e+01
   1.5259089e+01   5.7891171e+01
   1.5275236e+01   5.7891598e+01
   1.5291384e+01   5.7892022e+01
   1.5307531e+01   5.7892445e+01
   1.5323678e+01   5.7892865e+01
   1.5339825e+01   5.7893284e+01
   1.5355972e+01   5.7893700e+01
   1.5372120e+01   5.7894115e+01
   1.5388267e+01   5.7894527e+01
   1.5404414e+01   5.7894938e+01
   1.5420561e+01   5.7895347e+01
   1.5436708e+01   5.7895753e+01
   1.5452855e+01   5.7896158e+01
   1.5469003e+01   5.7896561e+01
   1.5485150e+01   5.7896962e+01
   1.5501297e+01   5.7897361e+01
   1.5517444e+01   5.7897758e+01
   1.5533591e+01   5.7898153e+01
   1.5549739e+01   5.7898546e+01
   1.5565886e+01   5.7898938e+01
   1.5582033e+01   5.7899327e+01
   1.5598180e+01   5.7899715e+01
   1.5614327e+01   5.7900101e+01
   1.5630474e+01   5.7900485e+01
   1.5646622e+01   5.7900867e+01
   1.5662769e+01   5.7901248e+01
   1.5678916e+01   5.7901626e+01
   1.5695063e+01   5.7902003e+01
   1.5711210e+01   5.7902378e+01
   1.5727358e+01   5.7902752e+01
   1.5743505e+01   5.7903123e+01
   1.5759652e+01   5.7903493e+01
   1.5775799e+01   5.7903861e+01
   1.5791946e+01   5.7904228e+01
   1.5808093e+01   5.7904592e+01
   1.5824241e+01   5.7904955e+01
   1.5840388e+01   5.7905317e+01
   1.5856535e+01   5.7905676e+01
   1.5872682e+01   5.7906034e+01
   1.5888829e+01   5.7906390e+01
   1.5904977e+01   5.7906745e+01
   1.5921124e+01   5.7907098e+01
   1.5937271e+01   5.7907449e+01
   1.5953418e+01   5.7907799e+01
   1.5969565e+01   5.7908147e+01
   1.5985713e+01   5.7908493e+01
   1.6001860e+01   5.7908838e+01
   1.6018007e+01   5.7909181e+01
   1.6034154e+01   5.7909523e+01
   1.6050301e+01   5.7909863e+01
   1.6066448e+01   5.7910202e+01
   1.6082596e+01   5.7910539e+01
   1.6098743e+01   5.7910874e+01
   1.6114890e+01   5.7911208e+01
   1.6131037e+01   5.7911540e+01
