# Z 59 rho 6.70989 A(Z) 140.908
1 9.283 0.006535 10570 0 0 10579.3
1.242 9.035 0.008531 6270 0 0 6279.04
1.242 9.035 0.008531 7214 0 0 7223.04
1.289 8.991 0.008882 6652 0 0 6661
1.337 8.945 0.009249 6133 0 0 6141.95
1.337 8.945 0.009249 6505 0 0 6513.95
1.5 8.77 0.01055 5082 0 0 5090.78
1.511 8.757 0.01064 5000 0 0 5008.77
1.511 8.757 0.01064 5227 0 0 5235.77
2 8.248 0.01447 2760 0 0 2768.26
3 7.244 0.02203 1039 0 0 1046.27
3.01 7.234 0.0221 1031 0 0 1038.26
4 6.338 0.029 506.9 0 0 513.267
5 5.569 0.03529 286.9 0 0 292.504
5.02 5.555 0.03541 283.9 0 0 289.49
5.964 4.949 0.04064 181.8 0 0 186.79
5.964 4.949 0.04064 512 0 0 516.99
6 4.928 0.04083 509.4 0 0 514.369
6.44 4.68 0.04308 426.3 0 0 431.023
6.44 4.68 0.04308 580.8 0 0 585.523
6.635 4.575 0.04404 539.8 0 0 544.419
6.835 4.47 0.045 501.3 0 0 505.815
6.835 4.47 0.045 579.1 0 0 583.615
7.03 4.372 0.04592 539.8 0 0 544.218
8 3.931 0.05017 391 0 0 394.981
9.04 3.525 0.0544 283.6 0 0 287.179
10 3.202 0.05804 217.6 0 0 220.86
11.05 2.899 0.06177 166.7 0 0 169.661
13.06 2.434 0.06819 106.8 0 0 109.302
15 2.094 0.0736 73.81 0 0 75.9776
15.07 2.083 0.07378 72.86 0 0 75.0168
17.08 1.811 0.07862 51.78 0 0 53.6696
19.09 1.591 0.0828 38.23 0 0 39.9038
20 1.504 0.08449 33.67 0 0 35.2585
21.1 1.408 0.08639 29.03 0 0 30.5244
23.11 1.253 0.08949 22.56 0 0 23.9025
25.12 1.121 0.09217 17.9 0 0 19.1132
27.13 1.008 0.0945 14.47 0 0 15.5725
29.14 0.9113 0.09656 11.87 0 0 12.8779
30 0.874 0.09736 10.95 0 0 11.9214
31.15 0.8274 0.09837 9.851 0 0 10.7768
33.16 0.7546 0.09997 8.266 0 0 9.12057
35.17 0.6911 0.1014 7.008 0 0 7.8005
37.18 0.6356 0.1026 5.996 0 0 6.7342
39.19 0.5868 0.1037 5.173 0 0 5.8635
40 0.5688 0.1041 4.885 0 0 5.5579
41.2 0.5437 0.1047 4.493 0 0 5.1414
41.99 0.5282 0.105 4.258 0 0 4.8912
41.99 0.5282 0.105 24.54 0 0 25.1732
43.21 0.5056 0.1055 22.75 0 0 23.3611
45.22 0.4717 0.1063 20.17 0 0 20.748
47.23 0.4412 0.1069 17.98 0 0 18.5281
49.24 0.4138 0.1075 16.11 0 0 16.6313
50 0.4041 0.1077 15.48 0 0 15.9918
51.25 0.3889 0.1081 14.5 0 0 14.997
53.26 0.3663 0.1085 13.11 0 0 13.5848
55.27 0.3456 0.1089 11.89 0 0 12.3445
57.28 0.3266 0.1092 10.82 0 0 11.2558
59.29 0.3092 0.1095 9.872 0 0 10.2907
60 0.3034 0.1096 9.565 0 0 9.978
61.3 0.2931 0.1098 9.031 0 0 9.4339
63.31 0.2782 0.11 8.28 0 0 8.6682
65.32 0.2643 0.1101 7.609 0 0 7.9834
67.33 0.2515 0.1103 7.007 0 0 7.3688
69.34 0.2396 0.1104 6.466 0 0 6.816
71.35 0.2285 0.1104 5.979 0 0 6.3179
73.36 0.2181 0.1104 5.54 0 0 5.8685
75.37 0.2084 0.1105 5.143 0 0 5.4619
77.38 0.1993 0.1104 4.783 0 0 5.0927
79.39 0.1908 0.1104 4.456 0 0 4.7572
80 0.1883 0.1104 4.364 0 0 4.6627
81.4 0.1828 0.1104 4.159 0 0 4.4522
83.41 0.1753 0.1103 3.888 0 0 4.1736
85.42 0.1683 0.1102 3.64 0 0 3.9185
87.43 0.1616 0.1101 3.413 0 0 3.6847
89.44 0.1554 0.11 3.205 0 0 3.4704
91.45 0.1495 0.1098 3.014 0 0 3.2733
93.46 0.1439 0.1097 2.837 0 0 3.0906
95.47 0.1387 0.1095 2.674 0 0 2.9222
97.49 0.1337 0.1093 2.524 0 0 2.767
99.5 0.129 0.1092 2.384 0 0 2.6222
100 0.1279 0.1091 2.351 0 0 2.588
101.5 0.1246 0.109 2.255 0 0 2.4886
103.5 0.1203 0.1088 2.135 0 0 2.3641
105.5 0.1163 0.1086 2.023 0 0 2.2479
107.5 0.1125 0.1084 1.919 0 0 2.1399
109.5 0.1089 0.1081 1.822 0 0 2.039
111.6 0.1055 0.1079 1.732 0 0 1.9454
113.6 0.1022 0.1077 1.647 0 0 1.8569
115.6 0.09908 0.1075 1.568 0 0 1.77458
117.6 0.0961 0.1072 1.494 0 0 1.6973
119.6 0.09326 0.107 1.425 0 0 1.62526
121.6 0.09054 0.1067 1.359 0 0 1.55624
123.6 0.08795 0.1065 1.298 0 0 1.49245
125.6 0.08546 0.1062 1.24 0 0 1.43166
127.6 0.08309 0.106 1.186 0 0 1.37509
129.6 0.08081 0.1057 1.135 0 0 1.32151
131.7 0.07862 0.1055 1.087 0 0 1.27112
133.7 0.07653 0.1052 1.042 0 0 1.22373
135.7 0.07452 0.105 0.9987 0 0 1.17822
137.7 0.07259 0.1047 0.9582 0 0 1.13549
139.7 0.07073 0.1045 0.9198 0 0 1.09503
141.7 0.06895 0.1042 0.8835 0 0 1.05665
143.7 0.06723 0.1039 0.8491 0 0 1.02023
145.7 0.06558 0.1037 0.8165 0 0 0.98578
147.7 0.06399 0.1034 0.7855 0 0 0.95289
149.7 0.06246 0.1032 0.7562 0 0 0.92186
150 0.06227 0.1031 0.7526 0 0 0.91797
151.8 0.06098 0.1029 0.7283 0 0 0.89218
153.8 0.05955 0.1026 0.7017 0 0 0.86385
155.8 0.05818 0.1024 0.6765 0 0 0.83708
157.8 0.05685 0.1021 0.6525 0 0 0.81145
159.8 0.05557 0.1019 0.6296 0 0 0.78707
161.8 0.05433 0.1016 0.6078 0 0 0.76373
163.8 0.05314 0.1013 0.587 0 0 0.74144
165.8 0.05198 0.1011 0.5672 0 0 0.72028
167.8 0.05086 0.1008 0.5482 0 0 0.69986
169.9 0.04978 0.1006 0.5302 0 0 0.68058
171.9 0.04873 0.1003 0.5129 0 0 0.66193
173.9 0.04771 0.1 0.4964 0 0 0.64411
175.9 0.04673 0.09979 0.4805 0 0 0.62702
177.9 0.04578 0.09954 0.4654 0 0 0.61072
179.9 0.04485 0.09928 0.4509 0 0 0.59503
181.9 0.04395 0.09903 0.4371 0 0 0.58008
183.9 0.04308 0.09878 0.4238 0 0 0.56566
185.9 0.04224 0.09853 0.411 0 0 0.55177
187.9 0.04142 0.09828 0.3988 0 0 0.5385
189.9 0.04062 0.09803 0.387 0 0 0.52565
192 0.03985 0.09778 0.3758 0 0 0.51343
194 0.0391 0.09753 0.3649 0 0 0.50153
196 0.03837 0.09729 0.3545 0 0 0.49016
198 0.03766 0.09705 0.3445 0 0 0.47921
200 0.03696 0.0968 0.3349 0 0 0.46866
300 0.01734 0.0862 0.1091 0 0 0.21264
400 0.01001 0.07813 0.05077 0 0 0.13891
500 0.006505 0.0718 0.02881 0 0 0.107115
600 0.004564 0.06667 0.01853 0 0 0.089764
800 0.002598 0.05881 0.009642 0 0 0.07105
1000 0.001674 0.053 0.00603 0 0 0.060704
1022 0.001604 0.05244 0.00577 0 0 0.059814
1250 0.001077 0.04748 0.00389 0.0002267 0 0.0526737
1500 0.0007492 0.04321 0.002781 0.001048 0 0.0477882
2000 0.0004227 0.03689 0.00169 0.003439 0 0.0424417
2044 0.0004048 0.03644 0.00163 0.003667 0 0.0421418
3000 0.0001883 0.02905 0.0008928 0.008437 1.016e-05 0.0385783
4000 0.000106 0.02424 0.0005898 0.01277 4.142e-05 0.0377472
5000 6.787e-05 0.02094 0.0004351 0.01648 8.244e-05 0.0380054
6000 4.714e-05 0.01851 0.0003428 0.01968 0.0001264 0.0387063
7000 3.463e-05 0.01663 0.0002819 0.02251 0.0001702 0.0396267
8000 2.651e-05 0.01514 0.0002389 0.02505 0.0002126 0.040668
9000 2.095e-05 0.01392 0.0002071 0.02737 0.0002531 0.0417712
10000 1.697e-05 0.0129 0.0001826 0.02949 0.0002916 0.0428812
