   0.0000000e+00   0.0000000e+00
   1.6147184e-02   2.3287397e-01
   3.2294369e-02   8.5335465e-01
   4.8441553e-02   1.7381167e+00
   6.4588737e-02   2.7698423e+00
   8.0735922e-02   3.8508978e+00
   9.6883106e-02   4.9105926e+00
   1.1303029e-01   5.9060875e+00
   1.2917747e-01   6.8186080e+00
   1.4532466e-01   7.6472196e+00
   1.6147184e-01   8.4021783e+00
   1.7761903e-01   9.0991871e+00
   1.9376621e-01   9.7551615e+00
   2.0991340e-01   1.0385556e+01
   2.2606058e-01   1.1002991e+01
   2.4220777e-01   1.1616820e+01
   2.5835495e-01   1.2233275e+01
   2.7450213e-01   1.2855915e+01
   2.9064932e-01   1.3486199e+01
   3.0679650e-01   1.4124037e+01
   3.2294369e-01   1.4768289e+01
   3.3909087e-01   1.5417164e+01
   3.5523806e-01   1.6068531e+01
   3.7138524e-01   1.6720145e+01
   3.8753242e-01   1.7369802e+01
   4.0367961e-01   1.8015438e+01
   4.1982679e-01   1.8655194e+01
   4.3597398e-01   1.9287440e+01
   4.5212116e-01   1.9910787e+01
   4.6826835e-01   2.0524080e+01
   4.8441553e-01   2.1126386e+01
   5.0056272e-01   2.1716974e+01
   5.1670990e-01   2.2295293e+01
   5.3285708e-01   2.2860953e+01
   5.4900427e-01   2.3413700e+01
   5.6515145e-01   2.3953400e+01
   5.8129864e-01   2.4480018e+01
   5.9744582e-01   2.4993603e+01
   6.1359301e-01   2.5494272e+01
   6.2974019e-01   2.5982200e+01
   6.4588737e-01   2.6457605e+01
   6.6203456e-01   2.6920744e+01
   6.7818174e-01   2.7371899e+01
   6.9432893e-01   2.7811372e+01
   7.1047611e-01   2.8239482e+01
   7.2662330e-01   2.8656558e+01
   7.4277048e-01   2.9062933e+01
   7.5891767e-01   2.9458944e+01
   7.7506485e-01   2.9844928e+01
   7.9121203e-01   3.0221217e+01
   8.0735922e-01   3.0588142e+01
   8.2350640e-01   3.0946027e+01
   8.3965359e-01   3.1295189e+01
   8.5580077e-01   3.1635937e+01
   8.7194796e-01   3.1968573e+01
   8.8809514e-01   3.2293388e+01
   9.0424232e-01   3.2610665e+01
   9.2038951e-01   3.2920679e+01
   9.3653669e-01   3.3223695e+01
   9.5268388e-01   3.3519966e+01
   9.6883106e-01   3.3809738e+01
   9.8497825e-01   3.4093249e+01
   1.0011254e+00   3.4370725e+01
   1.0172726e+00   3.4642386e+01
   1.0334198e+00   3.4908440e+01
   1.0495670e+00   3.5169090e+01
   1.0657142e+00   3.5424528e+01
   1.0818614e+00   3.5674941e+01
   1.0980085e+00   3.5920507e+01
   1.1141557e+00   3.6161395e+01
   1.1303029e+00   3.6397769e+01
   1.1464501e+00   3.6629787e+01
   1.1625973e+00   3.6857597e+01
   1.1787445e+00   3.7081345e+01
   1.1948916e+00   3.7301168e+01
   1.2110388e+00   3.7517199e+01
   1.2271860e+00   3.7729563e+01
   1.2433332e+00   3.7938382e+01
   1.2594804e+00   3.8143773e+01
   1.2756276e+00   3.8345847e+01
   1.2917747e+00   3.8544710e+01
   1.3079219e+00   3.8740466e+01
   1.3240691e+00   3.8933212e+01
   1.3402163e+00   3.9123042e+01
   1.3563635e+00   3.9310047e+01
   1.3725107e+00   3.9494312e+01
   1.3886579e+00   3.9675922e+01
   1.4048050e+00   3.9854955e+01
   1.4209522e+00   4.0031488e+01
   1.4370994e+00   4.0205594e+01
   1.4532466e+00   4.0377343e+01
   1.4693938e+00   4.0546803e+01
   1.4855410e+00   4.0714038e+01
   1.5016881e+00   4.0879111e+01
   1.5178353e+00   4.1042081e+01
   1.5339825e+00   4.1203006e+01
   1.5501297e+00   4.1361941e+01
   1.5662769e+00   4.1518938e+01
   1.5824241e+00   4.1674049e+01
   1.5985713e+00   4.1827321e+01
   1.6147184e+00   4.1978803e+01
   1.6308656e+00   4.2128539e+01
   1.6470128e+00   4.2276572e+01
   1.6631600e+00   4.2422945e+01
   1.6793072e+00   4.2567698e+01
   1.6954544e+00   4.2710868e+01
   1.7116015e+00   4.2852494e+01
   1.7277487e+00   4.2992611e+01
   1.7438959e+00   4.3131253e+01
   1.7600431e+00   4.3268454e+01
   1.7761903e+00   4.3404245e+01
   1.7923375e+00   4.3538657e+01
   1.8084846e+00   4.3671720e+01
   1.8246318e+00   4.3803463e+01
   1.8407790e+00   4.3933912e+01
   1.8569262e+00   4.4063095e+01
   1.8730734e+00   4.4191036e+01
   1.8892206e+00   4.4317761e+01
   1.9053678e+00   4.4443293e+01
   1.9215149e+00   4.4567655e+01
   1.9376621e+00   4.4690870e+01
   1.9538093e+00   4.4812958e+01
   1.9699565e+00   4.4933940e+01
   1.9861037e+00   4.5053837e+01
   2.0022509e+00   4.5172667e+01
   2.0183980e+00   4.5290448e+01
   2.0345452e+00   4.5407199e+01
   2.0506924e+00   4.5522938e+01
   2.0668396e+00   4.5637680e+01
   2.0829868e+00   4.5751442e+01
   2.0991340e+00   4.5864240e+01
   2.1152812e+00   4.5976089e+01
   2.1314283e+00   4.6087003e+01
   2.1475755e+00   4.6196996e+01
   2.1637227e+00   4.6306083e+01
   2.1798699e+00   4.6414277e+01
   2.1960171e+00   4.6521589e+01
   2.2121643e+00   4.6628034e+01
   2.2283114e+00   4.6733623e+01
   2.2444586e+00   4.6838367e+01
   2.2606058e+00   4.6942279e+01
   2.2767530e+00   4.7045368e+01
   2.2929002e+00   4.7147646e+01
   2.3090474e+00   4.7249123e+01
   2.3251945e+00   4.7349810e+01
   2.3413417e+00   4.7449715e+01
   2.3574889e+00   4.7548848e+01
   2.3736361e+00   4.7647219e+01
   2.3897833e+00   4.7744837e+01
   2.4059305e+00   4.7841709e+01
   2.4220777e+00   4.7937845e+01
   2.4382248e+00   4.8033254e+01
   2.4543720e+00   4.8127942e+01
   2.4705192e+00   4.8221917e+01
   2.4866664e+00   4.8315188e+01
   2.5028136e+00   4.8407762e+01
   2.5189608e+00   4.8499646e+01
   2.5351079e+00   4.8590846e+01
   2.5512551e+00   4.8681370e+01
   2.5674023e+00   4.8771225e+01
   2.5835495e+00   4.8860417e+01
   2.5996967e+00   4.8948951e+01
   2.6158439e+00   4.9036836e+01
   2.6319911e+00   4.9124076e+01
   2.6481382e+00   4.9210677e+01
   2.6642854e+00   4.9296646e+01
   2.6804326e+00   4.9381988e+01
   2.6965798e+00   4.9466709e+01
   2.7127270e+00   4.9550813e+01
   2.7288742e+00   4.9634307e+01
   2.7450213e+00   4.9717196e+01
   2.7611685e+00   4.9799484e+01
   2.7773157e+00   4.9881176e+01
   2.7934629e+00   4.9962278e+01
   2.8096101e+00   5.0042795e+01
   2.8257573e+00   5.0122730e+01
   2.8419044e+00   5.0202090e+01
   2.8580516e+00   5.0280877e+01
   2.8741988e+00   5.0359098e+01
   2.8903460e+00   5.0436755e+01
   2.9064932e+00   5.0513854e+01
   2.9226404e+00   5.0590399e+01
   2.9387876e+00   5.0666393e+01
   2.9549347e+00   5.0741842e+01
   2.9710819e+00   5.0816749e+01
   2.9872291e+00   5.0891117e+01
   3.0033763e+00   5.0964952e+01
   3.0195235e+00   5.1038257e+01
   3.0356707e+00   5.1111035e+01
   3.0518178e+00   5.1183291e+01
   3.0679650e+00   5.1255027e+01
   3.0841122e+00   5.1326249e+01
   3.1002594e+00   5.1396959e+01
   3.1164066e+00   5.1467161e+01
   3.1325538e+00   5.1536859e+01
   3.1487010e+00   5.1606056e+01
   3.1648481e+00   5.1674755e+01
   3.1809953e+00   5.1742960e+01
   3.1971425e+00   5.1810675e+01
   3.2132897e+00   5.1877902e+01
   3.2294369e+00   5.1944645e+01
   3.2455841e+00   5.2010907e+01
   3.2617312e+00   5.2076691e+01
   3.2778784e+00   5.2142001e+01
   3.2940256e+00   5.2206840e+01
   3.3101728e+00   5.2271211e+01
   3.3263200e+00   5.2335117e+01
   3.3424672e+00   5.2398561e+01
   3.3586143e+00   5.2461545e+01
   3.3747615e+00   5.2524075e+01
   3.3909087e+00   5.2586151e+01
   3.4070559e+00   5.2647777e+01
   3.4232031e+00   5.2708957e+01
   3.4393503e+00   5.2769692e+01
   3.4554975e+00   5.2829987e+01
   3.4716446e+00   5.2889843e+01
   3.4877918e+00   5.2949264e+01
   3.5039390e+00   5.3008252e+01
   3.5200862e+00   5.3066811e+01
   3.5362334e+00   5.3124943e+01
   3.5523806e+00   5.3182650e+01
   3.5685277e+00   5.3239937e+01
   3.5846749e+00   5.3296805e+01
   3.6008221e+00   5.3353257e+01
   3.6169693e+00   5.3409296e+01
   3.6331165e+00   5.3464924e+01
   3.6492637e+00   5.3520145e+01
   3.6654109e+00   5.3574960e+01
   3.6815580e+00   5.3629373e+01
   3.6977052e+00   5.3683386e+01
   3.7138524e+00   5.3737002e+01
   3.7299996e+00   5.3790224e+01
   3.7461468e+00   5.3843053e+01
   3.7622940e+00   5.3895493e+01
   3.7784411e+00   5.3947546e+01
   3.7945883e+00   5.3999214e+01
   3.8107355e+00   5.4050501e+01
   3.8268827e+00   5.4101408e+01
   3.8430299e+00   5.4151939e+01
   3.8591771e+00   5.4202095e+01
   3.8753242e+00   5.4251879e+01
   3.8914714e+00   5.4301294e+01
   3.9076186e+00   5.4350342e+01
   3.9237658e+00   5.4399025e+01
   3.9399130e+00   5.4447346e+01
   3.9560602e+00   5.4495308e+01
   3.9722074e+00   5.4542912e+01
   3.9883545e+00   5.4590161e+01
   4.0045017e+00   5.4637058e+01
   4.0206489e+00   5.4683604e+01
   4.0367961e+00   5.4729803e+01
   4.0529433e+00   5.4775656e+01
   4.0690905e+00   5.4821166e+01
   4.0852376e+00   5.4866336e+01
   4.1013848e+00   5.4911166e+01
   4.1175320e+00   5.4955661e+01
   4.1336792e+00   5.4999821e+01
   4.1498264e+00   5.5043650e+01
   4.1659736e+00   5.5087149e+01
   4.1821208e+00   5.5130321e+01
   4.1982679e+00   5.5173169e+01
   4.2144151e+00   5.5215693e+01
   4.2305623e+00   5.5257897e+01
   4.2467095e+00   5.5299783e+01
   4.2628567e+00   5.5341352e+01
   4.2790039e+00   5.5382608e+01
   4.2951510e+00   5.5423552e+01
   4.3112982e+00   5.5464186e+01
   4.3274454e+00   5.5504513e+01
   4.3435926e+00   5.5544535e+01
   4.3597398e+00   5.5584253e+01
   4.3758870e+00   5.5623671e+01
   4.3920341e+00   5.5662789e+01
   4.4081813e+00   5.5701611e+01
   4.4243285e+00   5.5740138e+01
   4.4404757e+00   5.5778372e+01
   4.4566229e+00   5.5816316e+01
   4.4727701e+00   5.5853971e+01
   4.4889173e+00   5.5891340e+01
   4.5050644e+00   5.5928424e+01
   4.5212116e+00   5.5965225e+01
   4.5373588e+00   5.6001747e+01
   4.5535060e+00   5.6037990e+01
   4.5696532e+00   5.6073956e+01
   4.5858004e+00   5.6109648e+01
   4.6019475e+00   5.6145067e+01
   4.6180947e+00   5.6180216e+01
   4.6342419e+00   5.6215097e+01
   4.6503891e+00   5.6249710e+01
   4.6665363e+00   5.6284059e+01
   4.6826835e+00   5.6318145e+01
   4.6988307e+00   5.6351971e+01
   4.7149778e+00   5.6385537e+01
   4.7311250e+00   5.6418846e+01
   4.7472722e+00   5.6451900e+01
   4.7634194e+00   5.6484701e+01
   4.7795666e+00   5.6517250e+01
   4.7957138e+00   5.6549550e+01
   4.8118609e+00   5.6581601e+01
   4.8280081e+00   5.6613407e+01
   4.8441553e+00   5.6644969e+01
   4.8603025e+00   5.6676288e+01
   4.8764497e+00   5.6707366e+01
   4.8925969e+00   5.6738206e+01
   4.9087440e+00   5.6768809e+01
   4.9248912e+00   5.6799176e+01
   4.9410384e+00   5.6829310e+01
   4.9571856e+00   5.6859212e+01
   4.9733328e+00   5.6888884e+01
   4.9894800e+00   5.6918328e+01
   5.0056272e+00   5.6947545e+01
   5.0217743e+00   5.6976537e+01
   5.0379215e+00   5.7005306e+01
   5.0540687e+00   5.7033853e+01
   5.0702159e+00   5.7062181e+01
   5.0863631e+00   5.7090290e+01
   5.1025103e+00   5.7118183e+01
   5.1186574e+00   5.7145861e+01
   5.1348046e+00   5.7173325e+01
   5.1509518e+00   5.7200578e+01
   5.1670990e+00   5.7227621e+01
   5.1832462e+00   5.7254455e+01
   5.1993934e+00   5.7281082e+01
   5.2155406e+00   5.7307504e+01
   5.2316877e+00   5.7333722e+01
   5.2478349e+00   5.7359738e+01
   5.2639821e+00   5.7385554e+01
   5.2801293e+00   5.7411170e+01
   5.2962765e+00   5.7436589e+01
   5.3124237e+00   5.7461811e+01
   5.3285708e+00   5.7486839e+01
   5.3447180e+00   5.7511674e+01
   5.3608652e+00   5.7536317e+01
   5.3770124e+00   5.7560771e+01
   5.3931596e+00   5.7585035e+01
   5.4093068e+00   5.7609113e+01
   5.4254539e+00   5.7633005e+01
   5.4416011e+00   5.7656712e+01
   5.4577483e+00   5.7680237e+01
   5.4738955e+00   5.7703580e+01
   5.4900427e+00   5.7726743e+01
   5.5061899e+00   5.7749727e+01
   5.5223371e+00   5.7772535e+01
   5.5384842e+00   5.7795166e+01
   5.5546314e+00   5.7817623e+01
   5.5707786e+00   5.7839907e+01
   5.5869258e+00   5.7862019e+01
   5.6030730e+00   5.7883960e+01
   5.6192202e+00   5.7905733e+01
   5.6353673e+00   5.7927337e+01
   5.6515145e+00   5.7948776e+01
   5.6676617e+00   5.7970049e+01
   5.6838089e+00   5.7991158e+01
   5.6999561e+00   5.8012105e+01
   5.7161033e+00   5.8032890e+01
   5.7322505e+00   5.8053516e+01
   5.7483976e+00   5.8073982e+01
   5.7645448e+00   5.8094291e+01
   5.7806920e+00   5.8114444e+01
   5.7968392e+00   5.8134442e+01
   5.8129864e+00   5.8154286e+01
   5.8291336e+00   5.8173978e+01
   5.8452807e+00   5.8193518e+01
   5.8614279e+00   5.8212908e+01
   5.8775751e+00   5.8232149e+01
   5.8937223e+00   5.8251242e+01
   5.9098695e+00   5.8270188e+01
   5.9260167e+00   5.8288989e+01
   5.9421638e+00   5.8307646e+01
   5.9583110e+00   5.8326160e+01
   5.9744582e+00   5.8344531e+01
   5.9906054e+00   5.8362762e+01
   6.0067526e+00   5.8380853e+01
   6.0228998e+00   5.8398805e+01
   6.0390470e+00   5.8416620e+01
   6.0551941e+00   5.8434298e+01
   6.0713413e+00   5.8451841e+01
   6.0874885e+00   5.8469249e+01
   6.1036357e+00   5.8486524e+01
   6.1197829e+00   5.8503667e+01
   6.1359301e+00   5.8520679e+01
   6.1520772e+00   5.8537561e+01
   6.1682244e+00   5.8554314e+01
   6.1843716e+00   5.8570939e+01
   6.2005188e+00   5.8587437e+01
   6.2166660e+00   5.8603809e+01
   6.2328132e+00   5.8620056e+01
   6.2489603e+00   5.8636179e+01
   6.2651075e+00   5.8652180e+01
   6.2812547e+00   5.8668058e+01
   6.2974019e+00   5.8683815e+01
   6.3135491e+00   5.8699452e+01
   6.3296963e+00   5.8714971e+01
   6.3458435e+00   5.8730371e+01
   6.3619906e+00   5.8745654e+01
   6.3781378e+00   5.8760821e+01
   6.3942850e+00   5.8775872e+01
   6.4104322e+00   5.8790809e+01
   6.4265794e+00   5.8805633e+01
   6.4427266e+00   5.8820344e+01
   6.4588737e+00   5.8834944e+01
   6.4750209e+00   5.8849433e+01
   6.4911681e+00   5.8863812e+01
   6.5073153e+00   5.8878082e+01
   6.5234625e+00   5.8892244e+01
   6.5396097e+00   5.8906299e+01
   6.5557569e+00   5.8920248e+01
   6.5719040e+00   5.8934091e+01
   6.5880512e+00   5.8947830e+01
   6.6041984e+00   5.8961464e+01
   6.6203456e+00   5.8974996e+01
   6.6364928e+00   5.8988426e+01
   6.6526400e+00   5.9001754e+01
   6.6687871e+00   5.9014982e+01
   6.6849343e+00   5.9028111e+01
   6.7010815e+00   5.9041140e+01
   6.7172287e+00   5.9054071e+01
   6.7333759e+00   5.9066905e+01
   6.7495231e+00   5.9079643e+01
   6.7656702e+00   5.9092285e+01
   6.7818174e+00   5.9104832e+01
   6.7979646e+00   5.9117285e+01
   6.8141118e+00   5.9129644e+01
   6.8302590e+00   5.9141910e+01
   6.8464062e+00   5.9154085e+01
   6.8625534e+00   5.9166169e+01
   6.8787005e+00   5.9178162e+01
   6.8948477e+00   5.9190065e+01
   6.9109949e+00   5.9201880e+01
   6.9271421e+00   5.9213606e+01
   6.9432893e+00   5.9225244e+01
   6.9594365e+00   5.9236796e+01
   6.9755836e+00   5.9248262e+01
   6.9917308e+00   5.9259642e+01
   7.0078780e+00   5.9270937e+01
   7.0240252e+00   5.9282148e+01
   7.0401724e+00   5.9293276e+01
   7.0563196e+00   5.9304321e+01
   7.0724668e+00   5.9315284e+01
   7.0886139e+00   5.9326166e+01
   7.1047611e+00   5.9336967e+01
   7.1209083e+00   5.9347687e+01
   7.1370555e+00   5.9358328e+01
   7.1532027e+00   5.9368891e+01
   7.1693499e+00   5.9379375e+01
   7.1854970e+00   5.9389782e+01
   7.2016442e+00   5.9400111e+01
   7.2177914e+00   5.9410365e+01
   7.2339386e+00   5.9420542e+01
   7.2500858e+00   5.9430645e+01
   7.2662330e+00   5.9440673e+01
   7.2823801e+00   5.9450627e+01
   7.2985273e+00   5.9460508e+01
   7.3146745e+00   5.9470316e+01
   7.3308217e+00   5.9480052e+01
   7.3469689e+00   5.9489717e+01
   7.3631161e+00   5.9499310e+01
   7.3792633e+00   5.9508833e+01
   7.3954104e+00   5.9518286e+01
   7.4115576e+00   5.9527670e+01
   7.4277048e+00   5.9536985e+01
   7.4438520e+00   5.9546232e+01
   7.4599992e+00   5.9555412e+01
   7.4761464e+00   5.9564524e+01
   7.4922935e+00   5.9573570e+01
   7.5084407e+00   5.9582550e+01
   7.5245879e+00   5.9591464e+01
   7.5407351e+00   5.9600313e+01
   7.5568823e+00   5.9609098e+01
   7.5730295e+00   5.9617819e+01
   7.5891767e+00   5.9626476e+01
   7.6053238e+00   5.9635071e+01
   7.6214710e+00   5.9643603e+01
   7.6376182e+00   5.9652073e+01
   7.6537654e+00   5.9660482e+01
   7.6699126e+00   5.9668830e+01
   7.6860598e+00   5.9677117e+01
   7.7022069e+00   5.9685344e+01
   7.7183541e+00   5.9693512e+01
   7.7345013e+00   5.9701621e+01
   7.7506485e+00   5.9709672e+01
   7.7667957e+00   5.9717664e+01
   7.7829429e+00   5.9725599e+01
   7.7990900e+00   5.9733476e+01
   7.8152372e+00   5.9741297e+01
   7.8313844e+00   5.9749062e+01
   7.8475316e+00   5.9756771e+01
   7.8636788e+00   5.9764424e+01
   7.8798260e+00   5.9772023e+01
   7.8959732e+00   5.9779567e+01
   7.9121203e+00   5.9787057e+01
   7.9282675e+00   5.9794493e+01
   7.9444147e+00   5.9801876e+01
   7.9605619e+00   5.9809207e+01
   7.9767091e+00   5.9816485e+01
   7.9928563e+00   5.9823711e+01
   8.0090034e+00   5.9830885e+01
   8.0251506e+00   5.9838009e+01
   8.0412978e+00   5.9845082e+01
   8.0574450e+00   5.9852104e+01
   8.0735922e+00   5.9859077e+01
   8.0897394e+00   5.9865999e+01
   8.1058866e+00   5.9872873e+01
   8.1220337e+00   5.9879698e+01
   8.1381809e+00   5.9886475e+01
   8.1543281e+00   5.9893204e+01
   8.1704753e+00   5.9899885e+01
   8.1866225e+00   5.9906519e+01
   8.2027697e+00   5.9913106e+01
   8.2189168e+00   5.9919646e+01
   8.2350640e+00   5.9926141e+01
   8.2512112e+00   5.9932590e+01
   8.2673584e+00   5.9938993e+01
   8.2835056e+00   5.9945351e+01
   8.2996528e+00   5.9951665e+01
   8.3157999e+00   5.9957934e+01
   8.3319471e+00   5.9964159e+01
   8.3480943e+00   5.9970340e+01
   8.3642415e+00   5.9976479e+01
   8.3803887e+00   5.9982574e+01
   8.3965359e+00   5.9988626e+01
   8.4126831e+00   5.9994637e+01
   8.4288302e+00   6.0000605e+01
   8.4449774e+00   6.0006532e+01
   8.4611246e+00   6.0012417e+01
   8.4772718e+00   6.0018262e+01
   8.4934190e+00   6.0024065e+01
   8.5095662e+00   6.0029829e+01
   8.5257133e+00   6.0035552e+01
   8.5418605e+00   6.0041236e+01
   8.5580077e+00   6.0046880e+01
   8.5741549e+00   6.0052485e+01
   8.5903021e+00   6.0058051e+01
   8.6064493e+00   6.0063579e+01
   8.6225965e+00   6.0069068e+01
   8.6387436e+00   6.0074520e+01
   8.6548908e+00   6.0079934e+01
   8.6710380e+00   6.0085310e+01
   8.6871852e+00   6.0090650e+01
   8.7033324e+00   6.0095953e+01
   8.7194796e+00   6.0101219e+01
   8.7356267e+00   6.0106449e+01
   8.7517739e+00   6.0111644e+01
   8.7679211e+00   6.0116802e+01
   8.7840683e+00   6.0121925e+01
   8.8002155e+00   6.0127014e+01
   8.8163627e+00   6.0132067e+01
   8.8325098e+00   6.0137086e+01
   8.8486570e+00   6.0142070e+01
   8.8648042e+00   6.0147021e+01
   8.8809514e+00   6.0151937e+01
   8.8970986e+00   6.0156821e+01
   8.9132458e+00   6.0161671e+01
   8.9293930e+00   6.0166488e+01
   8.9455401e+00   6.0171272e+01
   8.9616873e+00   6.0176024e+01
   8.9778345e+00   6.0180743e+01
   8.9939817e+00   6.0185431e+01
   9.0101289e+00   6.0190087e+01
   9.0262761e+00   6.0194711e+01
   9.0424232e+00   6.0199304e+01
   9.0585704e+00   6.0203866e+01
   9.0747176e+00   6.0208398e+01
   9.0908648e+00   6.0212898e+01
   9.1070120e+00   6.0217369e+01
   9.1231592e+00   6.0221809e+01
   9.1393064e+00   6.0226220e+01
   9.1554535e+00   6.0230601e+01
   9.1716007e+00   6.0234952e+01
   9.1877479e+00   6.0239274e+01
   9.2038951e+00   6.0243568e+01
   9.2200423e+00   6.0247832e+01
   9.2361895e+00   6.0252068e+01
   9.2523366e+00   6.0256276e+01
   9.2684838e+00   6.0260455e+01
   9.2846310e+00   6.0264607e+01
   9.3007782e+00   6.0268731e+01
   9.3169254e+00   6.0272828e+01
   9.3330726e+00   6.0276897e+01
   9.3492197e+00   6.0280940e+01
   9.3653669e+00   6.0284955e+01
   9.3815141e+00   6.0288944e+01
   9.3976613e+00   6.0292906e+01
   9.4138085e+00   6.0296843e+01
   9.4299557e+00   6.0300753e+01
   9.4461029e+00   6.0304637e+01
   9.4622500e+00   6.0308495e+01
   9.4783972e+00   6.0312329e+01
   9.4945444e+00   6.0316136e+01
   9.5106916e+00   6.0319919e+01
   9.5268388e+00   6.0323677e+01
   9.5429860e+00   6.0327410e+01
   9.5591331e+00   6.0331119e+01
   9.5752803e+00   6.0334803e+01
   9.5914275e+00   6.0338463e+01
   9.6075747e+00   6.0342100e+01
   9.6237219e+00   6.0345712e+01
   9.6398691e+00   6.0349301e+01
   9.6560163e+00   6.0352866e+01
   9.6721634e+00   6.0356408e+01
   9.6883106e+00   6.0359927e+01
   9.7044578e+00   6.0363423e+01
   9.7206050e+00   6.0366896e+01
   9.7367522e+00   6.0370347e+01
   9.7528994e+00   6.0373775e+01
   9.7690465e+00   6.0377181e+01
   9.7851937e+00   6.0380565e+01
   9.8013409e+00   6.0383927e+01
   9.8174881e+00   6.0387267e+01
   9.8336353e+00   6.0390585e+01
   9.8497825e+00   6.0393882e+01
   9.8659296e+00   6.0397158e+01
   9.8820768e+00   6.0400413e+01
   9.8982240e+00   6.0403647e+01
   9.9143712e+00   6.0406859e+01
   9.9305184e+00   6.0410052e+01
   9.9466656e+00   6.0413223e+01
   9.9628128e+00   6.0416375e+01
   9.9789599e+00   6.0419506e+01
   9.9951071e+00   6.0422617e+01
   1.0011254e+01   6.0425708e+01
   1.0027401e+01   6.0428779e+01
   1.0043549e+01   6.0431831e+01
   1.0059696e+01   6.0434863e+01
   1.0075843e+01   6.0437876e+01
   1.0091990e+01   6.0440870e+01
   1.0108137e+01   6.0443844e+01
   1.0124285e+01   6.0446800e+01
   1.0140432e+01   6.0449737e+01
   1.0156579e+01   6.0452655e+01
   1.0172726e+01   6.0455555e+01
   1.0188873e+01   6.0458436e+01
   1.0205021e+01   6.0461299e+01
   1.0221168e+01   6.0464144e+01
   1.0237315e+01   6.0466971e+01
   1.0253462e+01   6.0469780e+01
   1.0269609e+01   6.0472571e+01
   1.0285756e+01   6.0475345e+01
   1.0301904e+01   6.0478101e+01
   1.0318051e+01   6.0480840e+01
   1.0334198e+01   6.0483562e+01
   1.0350345e+01   6.0486267e+01
   1.0366492e+01   6.0488954e+01
   1.0382640e+01   6.0491625e+01
   1.0398787e+01   6.0494279e+01
   1.0414934e+01   6.0496917e+01
   1.0431081e+01   6.0499538e+01
   1.0447228e+01   6.0502142e+01
   1.0463375e+01   6.0504731e+01
   1.0479523e+01   6.0507303e+01
   1.0495670e+01   6.0509859e+01
   1.0511817e+01   6.0512399e+01
   1.0527964e+01   6.0514924e+01
   1.0544111e+01   6.0517432e+01
   1.0560259e+01   6.0519926e+01
   1.0576406e+01   6.0522403e+01
   1.0592553e+01   6.0524866e+01
   1.0608700e+01   6.0527313e+01
   1.0624847e+01   6.0529745e+01
   1.0640994e+01   6.0532162e+01
   1.0657142e+01   6.0534564e+01
   1.0673289e+01   6.0536951e+01
   1.0689436e+01   6.0539324e+01
   1.0705583e+01   6.0541682e+01
   1.0721730e+01   6.0544025e+01
   1.0737878e+01   6.0546354e+01
   1.0754025e+01   6.0548669e+01
   1.0770172e+01   6.0550970e+01
   1.0786319e+01   6.0553256e+01
   1.0802466e+01   6.0555529e+01
   1.0818614e+01   6.0557787e+01
   1.0834761e+01   6.0560032e+01
   1.0850908e+01   6.0562263e+01
   1.0867055e+01   6.0564480e+01
   1.0883202e+01   6.0566684e+01
   1.0899349e+01   6.0568875e+01
   1.0915497e+01   6.0571052e+01
   1.0931644e+01   6.0573216e+01
   1.0947791e+01   6.0575367e+01
   1.0963938e+01   6.0577505e+01
   1.0980085e+01   6.0579630e+01
   1.0996233e+01   6.0581742e+01
   1.1012380e+01   6.0583841e+01
   1.1028527e+01   6.0585927e+01
   1.1044674e+01   6.0588001e+01
   1.1060821e+01   6.0590063e+01
   1.1076968e+01   6.0592112e+01
   1.1093116e+01   6.0594148e+01
   1.1109263e+01   6.0596173e+01
   1.1125410e+01   6.0598185e+01
   1.1141557e+01   6.0600185e+01
   1.1157704e+01   6.0602174e+01
   1.1173852e+01   6.0604150e+01
   1.1189999e+01   6.0606114e+01
   1.1206146e+01   6.0608067e+01
   1.1222293e+01   6.0610008e+01
   1.1238440e+01   6.0611937e+01
   1.1254588e+01   6.0613855e+01
   1.1270735e+01   6.0615762e+01
   1.1286882e+01   6.0617657e+01
   1.1303029e+01   6.0619541e+01
   1.1319176e+01   6.0621413e+01
   1.1335323e+01   6.0623275e+01
   1.1351471e+01   6.0625126e+01
   1.1367618e+01   6.0626965e+01
   1.1383765e+01   6.0628794e+01
   1.1399912e+01   6.0630612e+01
   1.1416059e+01   6.0632419e+01
   1.1432207e+01   6.0634215e+01
   1.1448354e+01   6.0636001e+01
   1.1464501e+01   6.0637776e+01
   1.1480648e+01   6.0639541e+01
   1.1496795e+01   6.0641296e+01
   1.1512942e+01   6.0643040e+01
   1.1529090e+01   6.0644774e+01
   1.1545237e+01   6.0646497e+01
   1.1561384e+01   6.0648211e+01
   1.1577531e+01   6.0649915e+01
   1.1593678e+01   6.0651608e+01
   1.1609826e+01   6.0653292e+01
   1.1625973e+01   6.0654966e+01
   1.1642120e+01   6.0656630e+01
   1.1658267e+01   6.0658285e+01
   1.1674414e+01   6.0659929e+01
   1.1690561e+01   6.0661565e+01
   1.1706709e+01   6.0663190e+01
   1.1722856e+01   6.0664807e+01
   1.1739003e+01   6.0666414e+01
   1.1755150e+01   6.0668011e+01
   1.1771297e+01   6.0669600e+01
   1.1787445e+01   6.0671179e+01
   1.1803592e+01   6.0672749e+01
   1.1819739e+01   6.0674310e+01
   1.1835886e+01   6.0675862e+01
   1.1852033e+01   6.0677405e+01
   1.1868181e+01   6.0678939e+01
   1.1884328e+01   6.0680464e+01
   1.1900475e+01   6.0681981e+01
   1.1916622e+01   6.0683489e+01
   1.1932769e+01   6.0684988e+01
   1.1948916e+01   6.0686479e+01
   1.1965064e+01   6.0687961e+01
   1.1981211e+01   6.0689434e+01
   1.1997358e+01   6.0690899e+01
   1.2013505e+01   6.0692356e+01
   1.2029652e+01   6.0693805e+01
   1.2045800e+01   6.0695245e+01
   1.2061947e+01   6.0696677e+01
   1.2078094e+01   6.0698101e+01
   1.2094241e+01   6.0699516e+01
   1.2110388e+01   6.0700924e+01
   1.2126535e+01   6.0702324e+01
   1.2142683e+01   6.0703716e+01
   1.2158830e+01   6.0705100e+01
   1.2174977e+01   6.0706476e+01
   1.2191124e+01   6.0707844e+01
   1.2207271e+01   6.0709205e+01
   1.2223419e+01   6.0710558e+01
   1.2239566e+01   6.0711903e+01
   1.2255713e+01   6.0713240e+01
   1.2271860e+01   6.0714571e+01
   1.2288007e+01   6.0715893e+01
   1.2304154e+01   6.0717209e+01
   1.2320302e+01   6.0718516e+01
   1.2336449e+01   6.0719817e+01
   1.2352596e+01   6.0721110e+01
   1.2368743e+01   6.0722396e+01
   1.2384890e+01   6.0723675e+01
   1.2401038e+01   6.0724947e+01
   1.2417185e+01   6.0726211e+01
   1.2433332e+01   6.0727469e+01
   1.2449479e+01   6.0728719e+01
   1.2465626e+01   6.0729963e+01
   1.2481774e+01   6.0731200e+01
   1.2497921e+01   6.0732429e+01
   1.2514068e+01   6.0733652e+01
   1.2530215e+01   6.0734868e+01
   1.2546362e+01   6.0736078e+01
   1.2562509e+01   6.0737281e+01
   1.2578657e+01   6.0738477e+01
   1.2594804e+01   6.0739666e+01
   1.2610951e+01   6.0740849e+01
   1.2627098e+01   6.0742025e+01
   1.2643245e+01   6.0743195e+01
   1.2659393e+01   6.0744359e+01
   1.2675540e+01   6.0745516e+01
   1.2691687e+01   6.0746666e+01
   1.2707834e+01   6.0747811e+01
   1.2723981e+01   6.0748949e+01
   1.2740128e+01   6.0750081e+01
   1.2756276e+01   6.0751206e+01
   1.2772423e+01   6.0752326e+01
   1.2788570e+01   6.0753439e+01
   1.2804717e+01   6.0754546e+01
   1.2820864e+01   6.0755648e+01
   1.2837012e+01   6.0756743e+01
   1.2853159e+01   6.0757832e+01
   1.2869306e+01   6.0758915e+01
   1.2885453e+01   6.0759993e+01
   1.2901600e+01   6.0761065e+01
   1.2917747e+01   6.0762130e+01
   1.2933895e+01   6.0763190e+01
   1.2950042e+01   6.0764245e+01
   1.2966189e+01   6.0765293e+01
   1.2982336e+01   6.0766336e+01
   1.2998483e+01   6.0767373e+01
   1.3014631e+01   6.0768405e+01
   1.3030778e+01   6.0769431e+01
   1.3046925e+01   6.0770452e+01
   1.3063072e+01   6.0771467e+01
   1.3079219e+01   6.0772476e+01
   1.3095367e+01   6.0773480e+01
   1.3111514e+01   6.0774479e+01
   1.3127661e+01   6.0775473e+01
   1.3143808e+01   6.0776461e+01
   1.3159955e+01   6.0777444e+01
   1.3176102e+01   6.0778421e+01
   1.3192250e+01   6.0779393e+01
   1.3208397e+01   6.0780361e+01
   1.3224544e+01   6.0781323e+01
   1.3240691e+01   6.0782279e+01
   1.3256838e+01   6.0783231e+01
   1.3272986e+01   6.0784178e+01
   1.3289133e+01   6.0785119e+01
   1.3305280e+01   6.0786056e+01
   1.3321427e+01   6.0786988e+01
   1.3337574e+01   6.0787915e+01
   1.3353721e+01   6.0788836e+01
   1.3369869e+01   6.0789753e+01
   1.3386016e+01   6.0790665e+01
   1.3402163e+01   6.0791573e+01
   1.3418310e+01   6.0792475e+01
   1.3434457e+01   6.0793373e+01
   1.3450605e+01   6.0794266e+01
   1.3466752e+01   6.0795154e+01
   1.3482899e+01   6.0796038e+01
   1.3499046e+01   6.0796917e+01
   1.3515193e+01   6.0797791e+01
   1.3531340e+01   6.0798661e+01
   1.3547488e+01   6.0799526e+01
   1.3563635e+01   6.0800387e+01
   1.3579782e+01   6.0801243e+01
   1.3595929e+01   6.0802095e+01
   1.3612076e+01   6.0802942e+01
   1.3628224e+01   6.0803785e+01
   1.3644371e+01   6.0804623e+01
   1.3660518e+01   6.0805458e+01
   1.3676665e+01   6.0806287e+01
   1.3692812e+01   6.0807113e+01
   1.3708960e+01   6.0807934e+01
   1.3725107e+01   6.0808751e+01
   1.3741254e+01   6.0809563e+01
   1.3757401e+01   6.0810372e+01
   1.3773548e+01   6.0811176e+01
   1.3789695e+01   6.0811976e+01
   1.3805843e+01   6.0812772e+01
   1.3821990e+01   6.0813564e+01
   1.3838137e+01   6.0814352e+01
   1.3854284e+01   6.0815135e+01
   1.3870431e+01   6.0815915e+01
   1.3886579e+01   6.0816691e+01
   1.3902726e+01   6.0817462e+01
   1.3918873e+01   6.0818230e+01
   1.3935020e+01   6.0818994e+01
   1.3951167e+01   6.0819754e+01
   1.3967314e+01   6.0820510e+01
   1.3983462e+01   6.0821262e+01
   1.3999609e+01   6.0822010e+01
   1.4015756e+01   6.0822754e+01
   1.4031903e+01   6.0823495e+01
   1.4048050e+01   6.0824232e+01
   1.4064198e+01   6.0824965e+01
   1.4080345e+01   6.0825694e+01
   1.4096492e+01   6.0826420e+01
   1.4112639e+01   6.0827142e+01
   1.4128786e+01   6.0827860e+01
   1.4144934e+01   6.0828575e+01
   1.4161081e+01   6.0829286e+01
   1.4177228e+01   6.0829993e+01
   1.4193375e+01   6.0830697e+01
   1.4209522e+01   6.0831397e+01
   1.4225669e+01   6.0832094e+01
   1.4241817e+01   6.0832787e+01
   1.4257964e+01   6.0833477e+01
   1.4274111e+01   6.0834163e+01
   1.4290258e+01   6.0834846e+01
   1.4306405e+01   6.0835526e+01
   1.4322553e+01   6.0836202e+01
   1.4338700e+01   6.0836874e+01
   1.4354847e+01   6.0837543e+01
   1.4370994e+01   6.0838209e+01
   1.4387141e+01   6.0838872e+01
   1.4403288e+01   6.0839531e+01
   1.4419436e+01   6.0840187e+01
   1.4435583e+01   6.0840839e+01
   1.4451730e+01   6.0841489e+01
   1.4467877e+01   6.0842135e+01
   1.4484024e+01   6.0842778e+01
   1.4500172e+01   6.0843417e+01
   1.4516319e+01   6.0844054e+01
   1.4532466e+01   6.0844687e+01
   1.4548613e+01   6.0845317e+01
   1.4564760e+01   6.0845945e+01
   1.4580907e+01   6.0846569e+01
   1.4597055e+01   6.0847189e+01
   1.4613202e+01   6.0847807e+01
   1.4629349e+01   6.0848422e+01
   1.4645496e+01   6.0849034e+01
   1.4661643e+01   6.0849642e+01
   1.4677791e+01   6.0850248e+01
   1.4693938e+01   6.0850851e+01
   1.4710085e+01   6.0851451e+01
   1.4726232e+01   6.0852047e+01
   1.4742379e+01   6.0852641e+01
   1.4758527e+01   6.0853232e+01
   1.4774674e+01   6.0853820e+01
   1.4790821e+01   6.0854405e+01
   1.4806968e+01   6.0854988e+01
   1.4823115e+01   6.0855567e+01
   1.4839262e+01   6.0856144e+01
   1.4855410e+01   6.0856718e+01
   1.4871557e+01   6.0857289e+01
   1.4887704e+01   6.0857857e+01
   1.4903851e+01   6.0858422e+01
   1.4919998e+01   6.0858985e+01
   1.4936146e+01   6.0859545e+01
   1.4952293e+01   6.0860102e+01
   1.4968440e+01   6.0860657e+01
   1.4984587e+01   6.0861209e+01
   1.5000734e+01   6.0861758e+01
   1.5016881e+01   6.0862304e+01
   1.5033029e+01   6.0862848e+01
   1.5049176e+01   6.0863390e+01
   1.5065323e+01   6.0863928e+01
   1.5081470e+01   6.0864464e+01
   1.5097617e+01   6.0864998e+01
   1.5113765e+01   6.0865528e+01
   1.5129912e+01   6.0866057e+01
   1.5146059e+01   6.0866583e+01
   1.5162206e+01   6.0867106e+01
   1.5178353e+01   6.0867627e+01
   1.5194500e+01   6.0868145e+01
   1.5210648e+01   6.0868661e+01
   1.5226795e+01   6.0869174e+01
   1.5242942e+01   6.0869685e+01
   1.5259089e+01   6.0870193e+01
   1.5275236e+01   6.0870699e+01
   1.5291384e+01   6.0871203e+01
   1.5307531e+01   6.0871704e+01
   1.5323678e+01   6.0872202e+01
   1.5339825e+01   6.0872699e+01
   1.5355972e+01   6.0873193e+01
   1.5372120e+01   6.0873684e+01
   1.5388267e+01   6.0874174e+01
   1.5404414e+01   6.0874661e+01
   1.5420561e+01   6.0875145e+01
   1.5436708e+01   6.0875628e+01
   1.5452855e+01   6.0876108e+01
   1.5469003e+01   6.0876586e+01
   1.5485150e+01   6.0877061e+01
   1.5501297e+01   6.0877535e+01
   1.5517444e+01   6.0878006e+01
   1.5533591e+01   6.0878475e+01
   1.5549739e+01   6.0878941e+01
   1.5565886e+01   6.0879406e+01
   1.5582033e+01   6.0879868e+01
   1.5598180e+01   6.0880328e+01
   1.5614327e+01   6.0880786e+01
   1.5630474e+01   6.0881242e+01
   1.5646622e+01   6.0881696e+01
   1.5662769e+01   6.0882147e+01
   1.5678916e+01   6.0882597e+01
   1.5695063e+01   6.0883044e+01
   1.5711210e+01   6.0883489e+01
   1.5727358e+01   6.0883932e+01
   1.5743505e+01   6.0884374e+01
   1.5759652e+01   6.0884813e+01
   1.5775799e+01   6.0885250e+01
   1.5791946e+01   6.0885685e+01
   1.5808093e+01   6.0886118e+01
   1.5824241e+01   6.0886548e+01
   1.5840388e+01   6.0886977e+01
   1.5856535e+01   6.0887404e+01
   1.5872682e+01   6.0887829e+01
   1.5888829e+01   6.0888252e+01
   1.5904977e+01   6.0888673e+01
   1.5921124e+01   6.0889092e+01
   1.5937271e+01   6.0889510e+01
   1.5953418e+01   6.0889925e+01
   1.5969565e+01   6.0890338e+01
   1.5985713e+01   6.0890750e+01
   1.6001860e+01   6.0891159e+01
   1.6018007e+01   6.0891567e+01
   1.6034154e+01   6.0891973e+01
   1.6050301e+01   6.0892376e+01
   1.6066448e+01   6.0892778e+01
   1.6082596e+01   6.0893179e+01
   1.6098743e+01   6.0893577e+01
   1.6114890e+01   6.0893974e+01
   1.6131037e+01   6.0894368e+01
