# Z 65 rho 8.22928 A(Z) 158.925
1 10.11 0.005513 2386 0 0 2396.12
1.241 9.879 0.007294 1582 0 0 1591.89
1.241 9.879 0.007294 2276 0 0 2285.89
1.258 9.868 0.007398 3360 0 0 3369.88
1.275 9.856 0.007503 4960 0 0 4969.86
1.275 9.856 0.007503 5870 0 0 5879.86
1.5 9.629 0.009117 5305 0 0 5314.64
1.611 9.515 0.009905 4456 0 0 4465.52
1.611 9.515 0.009905 5153 0 0 5162.52
1.688 9.443 0.01043 4629 0 0 4638.45
1.768 9.367 0.01098 4157 0 0 4166.38
1.768 9.367 0.01098 4415 0 0 4424.38
1.865 9.269 0.01165 3915 0 0 3924.28
1.968 9.162 0.01236 3473 0 0 3482.17
1.968 9.162 0.01236 3628 0 0 3637.17
2 9.128 0.01258 3498 0 0 3507.14
3 8.128 0.01934 1346 0 0 1354.15
3.01 8.118 0.0194 1335 0 0 1343.14
4 7.184 0.02565 662.4 0 0 669.61
5 6.347 0.03146 377.4 0 0 383.778
5.02 6.331 0.03157 373.5 0 0 379.863
6 5.631 0.03672 236.7 0 0 242.368
7.03 5.005 0.04153 156.9 0 0 161.947
7.514 4.74 0.04365 132.1 0 0 136.884
7.514 4.74 0.04365 361 0 0 365.784
8 4.494 0.0457 308.8 0 0 313.34
8.252 4.377 0.04668 283.7 0 0 288.124
8.252 4.377 0.04668 388 0 0 392.424
8.477 4.274 0.04756 363.2 0 0 367.522
8.708 4.172 0.04846 339.9 0 0 344.12
8.708 4.172 0.04846 392.9 0 0 397.12
9.04 4.031 0.04973 357.7 0 0 361.781
10 3.659 0.05316 277.8 0 0 281.512
11.05 3.307 0.05667 213.6 0 0 216.964
13.06 2.765 0.06277 137.6 0 0 140.428
15 2.368 0.06798 95.57 0 0 98.006
15.07 2.355 0.06816 94.36 0 0 96.7832
17.08 2.038 0.07294 67.4 0 0 69.5109
19.09 1.787 0.07716 49.98 0 0 51.8442
20 1.689 0.07889 44.11 0 0 45.8779
21.1 1.582 0.08085 38.09 0 0 39.7529
23.11 1.411 0.08407 29.69 0 0 31.1851
25.12 1.267 0.08688 23.63 0 0 24.9839
27.13 1.143 0.08935 19.14 0 0 20.3724
29.14 1.036 0.0915 15.74 0 0 16.8675
30 0.9947 0.09234 14.54 0 0 15.627
31.15 0.9425 0.0934 13.09 0 0 14.1259
33.16 0.8603 0.09507 11.01 0 0 11.9654
35.17 0.7881 0.09654 9.348 0 0 10.2326
37.18 0.7247 0.09784 8.011 0 0 8.83354
39.19 0.6689 0.099 6.922 0 0 7.6899
40 0.6483 0.09943 6.54 0 0 7.28773
41.2 0.6196 0.1 6.02 0 0 6.7396
43.21 0.5759 0.101 5.268 0 0 5.9449
45.22 0.5369 0.1018 4.638 0 0 5.2767
47.23 0.5019 0.1025 4.107 0 0 4.7114
49.24 0.4703 0.1031 3.654 0 0 4.2274
50 0.4593 0.1033 3.501 0 0 4.0636
51.25 0.4418 0.1036 3.266 0 0 3.8114
52 0.432 0.1038 3.137 0 0 3.6728
52 0.432 0.1038 17.23 0 0 17.7658
53.26 0.416 0.1041 16.16 0 0 16.6801
55.27 0.3926 0.1045 14.65 0 0 15.1471
57.28 0.3712 0.1049 13.32 0 0 13.7961
59.29 0.3516 0.1052 12.16 0 0 12.6168
60 0.3451 0.1053 11.78 0 0 12.2304
61.3 0.3335 0.1055 11.13 0 0 11.569
63.31 0.3168 0.1057 10.22 0 0 10.6425
65.32 0.3013 0.1059 9.414 0 0 9.8212
67.33 0.2869 0.1061 8.691 0 0 9.084
69.34 0.2735 0.1062 8.042 0 0 8.4217
71.35 0.261 0.1063 7.457 0 0 7.8243
73.36 0.2493 0.1064 6.929 0 0 7.2847
75.37 0.2384 0.1064 6.45 0 0 6.7948
77.38 0.2282 0.1064 6.013 0 0 6.3476
79.39 0.2186 0.1064 5.615 0 0 5.94
80 0.2158 0.1064 5.502 0 0 5.8242
81.4 0.2096 0.1064 5.251 0 0 5.567
83.41 0.2011 0.1063 4.917 0 0 5.2244
85.42 0.1931 0.1063 4.611 0 0 4.9104
87.43 0.1856 0.1062 4.329 0 0 4.6208
89.44 0.1785 0.1061 4.07 0 0 4.3546
91.45 0.1718 0.106 3.831 0 0 4.1088
93.46 0.1654 0.1059 3.61 0 0 3.8813
95.47 0.1594 0.1058 3.406 0 0 3.6712
97.49 0.1538 0.1056 3.217 0 0 3.4764
99.5 0.1484 0.1055 3.042 0 0 3.2959
100 0.1471 0.1055 3 0 0 3.2526
101.5 0.1433 0.1053 2.879 0 0 3.1276
103.5 0.1385 0.1052 2.728 0 0 2.9717
105.5 0.1339 0.105 2.588 0 0 2.8269
107.5 0.1295 0.1048 2.457 0 0 2.6913
109.5 0.1254 0.1046 2.335 0 0 2.565
111.6 0.1214 0.1044 2.221 0 0 2.4468
113.6 0.1177 0.1042 2.114 0 0 2.3359
115.6 0.1141 0.104 2.014 0 0 2.2321
117.6 0.1106 0.1038 1.921 0 0 2.1354
119.6 0.1074 0.1036 1.833 0 0 2.044
121.6 0.1042 0.1034 1.75 0 0 1.9576
123.6 0.1012 0.1032 1.673 0 0 1.8774
125.6 0.09839 0.1029 1.6 0 0 1.80129
127.6 0.09565 0.1027 1.531 0 0 1.72935
129.6 0.09303 0.1025 1.466 0 0 1.66153
131.7 0.09051 0.1022 1.405 0 0 1.59771
133.7 0.0881 0.102 1.347 0 0 1.5371
135.7 0.08578 0.1018 1.293 0 0 1.48058
137.7 0.08356 0.1015 1.241 0 0 1.42606
139.7 0.08143 0.1013 1.192 0 0 1.37473
141.7 0.07937 0.101 1.146 0 0 1.32637
143.7 0.0774 0.1008 1.102 0 0 1.2802
145.7 0.0755 0.1006 1.06 0 0 1.2361
147.7 0.07367 0.1003 1.021 0 0 1.19497
149.7 0.07191 0.1001 0.9833 0 0 1.15531
150 0.07169 0.1 0.9788 0 0 1.15049
151.8 0.07021 0.09982 0.9476 0 0 1.11763
153.8 0.06857 0.09958 0.9136 0 0 1.08175
155.8 0.067 0.09933 0.8812 0 0 1.04753
157.8 0.06547 0.09909 0.8504 0 0 1.01496
159.8 0.064 0.09884 0.821 0 0 0.98384
161.8 0.06258 0.0986 0.793 0 0 0.95418
163.8 0.06121 0.09835 0.7663 0 0 0.92586
165.8 0.05988 0.09811 0.7408 0 0 0.89879
167.8 0.0586 0.09786 0.7164 0 0 0.87286
169.9 0.05736 0.09762 0.6931 0 0 0.84808
171.9 0.05615 0.09738 0.6709 0 0 0.82443
173.9 0.05499 0.09713 0.6496 0 0 0.80172
175.9 0.05386 0.09689 0.6292 0 0 0.77995
177.9 0.05277 0.09665 0.6096 0 0 0.75902
179.9 0.05171 0.09641 0.5909 0 0 0.73902
181.9 0.05068 0.09617 0.573 0 0 0.71985
183.9 0.04968 0.09593 0.5558 0 0 0.70141
185.9 0.04871 0.09569 0.5393 0 0 0.6837
187.9 0.04777 0.09545 0.5235 0 0 0.66672
189.9 0.04686 0.09522 0.5083 0 0 0.65038
192 0.04597 0.09498 0.4937 0 0 0.63465
194 0.04511 0.09475 0.4796 0 0 0.61946
196 0.04427 0.09451 0.4662 0 0 0.60498
198 0.04346 0.09428 0.4532 0 0 0.59094
200 0.04267 0.09405 0.4407 0 0 0.57742
300 0.02012 0.08389 0.1458 0 0 0.24981
400 0.01164 0.07609 0.06851 0 0 0.15624
500 0.007579 0.06999 0.03914 0 0 0.116709
600 0.005324 0.06502 0.02527 0 0 0.095614
800 0.003035 0.05741 0.01321 0 0 0.073655
1000 0.001957 0.05172 0.008276 0 0 0.061953
1022 0.001875 0.05119 0.00792 0 0 0.060985
1250 0.00126 0.04634 0.005339 0.000262 0 0.053201
1500 0.0008776 0.04217 0.003812 0.001212 0 0.0480716
2000 0.0004953 0.03602 0.002313 0.003884 0 0.0427123
2044 0.0004744 0.03558 0.00223 0.004134 0 0.0424184
3000 0.0002207 0.02837 0.001218 0.009257 9.917e-06 0.0390756
4000 0.0001243 0.02368 0.0008026 0.01383 4.043e-05 0.0384773
5000 7.958e-05 0.02045 0.0005911 0.01773 8.045e-05 0.0389311
6000 5.525e-05 0.01808 0.0004649 0.02108 0.0001234 0.0398036
7000 4.062e-05 0.01625 0.000382 0.02405 0.0001661 0.0408887
8000 3.109e-05 0.01479 0.0003233 0.02671 0.0002074 0.0420618
9000 2.457e-05 0.0136 0.00028 0.02912 0.0002469 0.0432715
10000 1.99e-05 0.0126 0.0002467 0.03134 0.0002843 0.0444909
