   0.0000000e+00   0.0000000e+00
   1.6147184e-02   1.8665499e-01
   3.2294369e-02   6.9870197e-01
   4.8441553e-02   1.4592867e+00
   6.4588737e-02   2.3909133e+00
   8.0735922e-02   3.4220524e+00
   9.6883106e-02   4.4920051e+00
   1.1303029e-01   5.5536397e+00
   1.2917747e-01   6.5740607e+00
   1.4532466e-01   7.5336101e+00
   1.6147184e-01   8.4237658e+00
   1.7761903e-01   9.2445143e+00
   1.9376621e-01   1.0001676e+01
   2.0991340e-01   1.0704513e+01
   2.2606058e-01   1.1363796e+01
   2.4220777e-01   1.1990380e+01
   2.5835495e-01   1.2594265e+01
   2.7450213e-01   1.3184052e+01
   2.9064932e-01   1.3766716e+01
   3.0679650e-01   1.4347579e+01
   3.2294369e-01   1.4930439e+01
   3.3909087e-01   1.5517757e+01
   3.5523806e-01   1.6110885e+01
   3.7138524e-01   1.6710291e+01
   3.8753242e-01   1.7315773e+01
   4.0367961e-01   1.7926641e+01
   4.1982679e-01   1.8541870e+01
   4.3597398e-01   1.9160232e+01
   4.5212116e-01   1.9780388e+01
   4.6826835e-01   2.0400970e+01
   4.8441553e-01   2.1020631e+01
   5.0056272e-01   2.1638086e+01
   5.1670990e-01   2.2252139e+01
   5.3285708e-01   2.2861698e+01
   5.4900427e-01   2.3465784e+01
   5.6515145e-01   2.4063531e+01
   5.8129864e-01   2.4654188e+01
   5.9744582e-01   2.5237112e+01
   6.1359301e-01   2.5811762e+01
   6.2974019e-01   2.6377693e+01
   6.4588737e-01   2.6934546e+01
   6.6203456e-01   2.7482040e+01
   6.7818174e-01   2.8019967e+01
   6.9432893e-01   2.8548181e+01
   7.1047611e-01   2.9066589e+01
   7.2662330e-01   2.9575151e+01
   7.4277048e-01   3.0073867e+01
   7.5891767e-01   3.0562773e+01
   7.7506485e-01   3.1041937e+01
   7.9121203e-01   3.1511455e+01
   8.0735922e-01   3.1971444e+01
   8.2350640e-01   3.2422041e+01
   8.3965359e-01   3.2863398e+01
   8.5580077e-01   3.3295679e+01
   8.7194796e-01   3.3719059e+01
   8.8809514e-01   3.4133720e+01
   9.0424232e-01   3.4539852e+01
   9.2038951e-01   3.4937648e+01
   9.3653669e-01   3.5327301e+01
   9.5268388e-01   3.5709011e+01
   9.6883106e-01   3.6082974e+01
   9.8497825e-01   3.6449388e+01
   1.0011254e+00   3.6808447e+01
   1.0172726e+00   3.7160348e+01
   1.0334198e+00   3.7505280e+01
   1.0495670e+00   3.7843433e+01
   1.0657142e+00   3.8174991e+01
   1.0818614e+00   3.8500138e+01
   1.0980085e+00   3.8819051e+01
   1.1141557e+00   3.9131903e+01
   1.1303029e+00   3.9438865e+01
   1.1464501e+00   3.9740103e+01
   1.1625973e+00   4.0035778e+01
   1.1787445e+00   4.0326047e+01
   1.1948916e+00   4.0611062e+01
   1.2110388e+00   4.0890973e+01
   1.2271860e+00   4.1165923e+01
   1.2433332e+00   4.1436053e+01
   1.2594804e+00   4.1701497e+01
   1.2756276e+00   4.1962388e+01
   1.2917747e+00   4.2218853e+01
   1.3079219e+00   4.2471016e+01
   1.3240691e+00   4.2718996e+01
   1.3402163e+00   4.2962910e+01
   1.3563635e+00   4.3202868e+01
   1.3725107e+00   4.3438981e+01
   1.3886579e+00   4.3671353e+01
   1.4048050e+00   4.3900086e+01
   1.4209522e+00   4.4125279e+01
   1.4370994e+00   4.4347025e+01
   1.4532466e+00   4.4565419e+01
   1.4693938e+00   4.4780547e+01
   1.4855410e+00   4.4992498e+01
   1.5016881e+00   4.5201354e+01
   1.5178353e+00   4.5407196e+01
   1.5339825e+00   4.5610101e+01
   1.5501297e+00   4.5810146e+01
   1.5662769e+00   4.6007402e+01
   1.5824241e+00   4.6201941e+01
   1.5985713e+00   4.6393832e+01
   1.6147184e+00   4.6583139e+01
   1.6308656e+00   4.6769927e+01
   1.6470128e+00   4.6954258e+01
   1.6631600e+00   4.7136191e+01
   1.6793072e+00   4.7315784e+01
   1.6954544e+00   4.7493094e+01
   1.7116015e+00   4.7668175e+01
   1.7277487e+00   4.7841078e+01
   1.7438959e+00   4.8011855e+01
   1.7600431e+00   4.8180556e+01
   1.7761903e+00   4.8347226e+01
   1.7923375e+00   4.8511914e+01
   1.8084846e+00   4.8674662e+01
   1.8246318e+00   4.8835515e+01
   1.8407790e+00   4.8994515e+01
   1.8569262e+00   4.9151701e+01
   1.8730734e+00   4.9307114e+01
   1.8892206e+00   4.9460791e+01
   1.9053678e+00   4.9612769e+01
   1.9215149e+00   4.9763084e+01
   1.9376621e+00   4.9911770e+01
   1.9538093e+00   5.0058862e+01
   1.9699565e+00   5.0204392e+01
   1.9861037e+00   5.0348391e+01
   2.0022509e+00   5.0490890e+01
   2.0183980e+00   5.0631918e+01
   2.0345452e+00   5.0771505e+01
   2.0506924e+00   5.0909679e+01
   2.0668396e+00   5.1046467e+01
   2.0829868e+00   5.1181894e+01
   2.0991340e+00   5.1315987e+01
   2.1152812e+00   5.1448770e+01
   2.1314283e+00   5.1580268e+01
   2.1475755e+00   5.1710503e+01
   2.1637227e+00   5.1839499e+01
   2.1798699e+00   5.1967278e+01
   2.1960171e+00   5.2093861e+01
   2.2121643e+00   5.2219268e+01
   2.2283114e+00   5.2343521e+01
   2.2444586e+00   5.2466639e+01
   2.2606058e+00   5.2588640e+01
   2.2767530e+00   5.2709544e+01
   2.2929002e+00   5.2829368e+01
   2.3090474e+00   5.2948131e+01
   2.3251945e+00   5.3065848e+01
   2.3413417e+00   5.3182537e+01
   2.3574889e+00   5.3298215e+01
   2.3736361e+00   5.3412896e+01
   2.3897833e+00   5.3526596e+01
   2.4059305e+00   5.3639330e+01
   2.4220777e+00   5.3751112e+01
   2.4382248e+00   5.3861957e+01
   2.4543720e+00   5.3971878e+01
   2.4705192e+00   5.4080889e+01
   2.4866664e+00   5.4189002e+01
   2.5028136e+00   5.4296231e+01
   2.5189608e+00   5.4402588e+01
   2.5351079e+00   5.4508085e+01
   2.5512551e+00   5.4612733e+01
   2.5674023e+00   5.4716544e+01
   2.5835495e+00   5.4819530e+01
   2.5996967e+00   5.4921701e+01
   2.6158439e+00   5.5023068e+01
   2.6319911e+00   5.5123641e+01
   2.6481382e+00   5.5223431e+01
   2.6642854e+00   5.5322447e+01
   2.6804326e+00   5.5420699e+01
   2.6965798e+00   5.5518196e+01
   2.7127270e+00   5.5614948e+01
   2.7288742e+00   5.5710963e+01
   2.7450213e+00   5.5806251e+01
   2.7611685e+00   5.5900820e+01
   2.7773157e+00   5.5994677e+01
   2.7934629e+00   5.6087833e+01
   2.8096101e+00   5.6180294e+01
   2.8257573e+00   5.6272068e+01
   2.8419044e+00   5.6363163e+01
   2.8580516e+00   5.6453587e+01
   2.8741988e+00   5.6543347e+01
   2.8903460e+00   5.6632449e+01
   2.9064932e+00   5.6720902e+01
   2.9226404e+00   5.6808711e+01
   2.9387876e+00   5.6895884e+01
   2.9549347e+00   5.6982427e+01
   2.9710819e+00   5.7068347e+01
   2.9872291e+00   5.7153650e+01
   3.0033763e+00   5.7238342e+01
   3.0195235e+00   5.7322429e+01
   3.0356707e+00   5.7405917e+01
   3.0518178e+00   5.7488813e+01
   3.0679650e+00   5.7571121e+01
   3.0841122e+00   5.7652847e+01
   3.1002594e+00   5.7733997e+01
   3.1164066e+00   5.7814577e+01
   3.1325538e+00   5.7894591e+01
   3.1487010e+00   5.7974045e+01
   3.1648481e+00   5.8052944e+01
   3.1809953e+00   5.8131292e+01
   3.1971425e+00   5.8209096e+01
   3.2132897e+00   5.8286359e+01
   3.2294369e+00   5.8363086e+01
   3.2455841e+00   5.8439283e+01
   3.2617312e+00   5.8514953e+01
   3.2778784e+00   5.8590101e+01
   3.2940256e+00   5.8664732e+01
   3.3101728e+00   5.8738851e+01
   3.3263200e+00   5.8812460e+01
   3.3424672e+00   5.8885565e+01
   3.3586143e+00   5.8958170e+01
   3.3747615e+00   5.9030279e+01
   3.3909087e+00   5.9101895e+01
   3.4070559e+00   5.9173023e+01
   3.4232031e+00   5.9243667e+01
   3.4393503e+00   5.9313831e+01
   3.4554975e+00   5.9383518e+01
   3.4716446e+00   5.9452733e+01
   3.4877918e+00   5.9521478e+01
   3.5039390e+00   5.9589758e+01
   3.5200862e+00   5.9657575e+01
   3.5362334e+00   5.9724935e+01
   3.5523806e+00   5.9791840e+01
   3.5685277e+00   5.9858293e+01
   3.5846749e+00   5.9924298e+01
   3.6008221e+00   5.9989858e+01
   3.6169693e+00   6.0054978e+01
   3.6331165e+00   6.0119659e+01
   3.6492637e+00   6.0183905e+01
   3.6654109e+00   6.0247720e+01
   3.6815580e+00   6.0311106e+01
   3.6977052e+00   6.0374066e+01
   3.7138524e+00   6.0436605e+01
   3.7299996e+00   6.0498724e+01
   3.7461468e+00   6.0560427e+01
   3.7622940e+00   6.0621717e+01
   3.7784411e+00   6.0682596e+01
   3.7945883e+00   6.0743068e+01
   3.8107355e+00   6.0803135e+01
   3.8268827e+00   6.0862801e+01
   3.8430299e+00   6.0922067e+01
   3.8591771e+00   6.0980938e+01
   3.8753242e+00   6.1039415e+01
   3.8914714e+00   6.1097501e+01
   3.9076186e+00   6.1155200e+01
   3.9237658e+00   6.1212513e+01
   3.9399130e+00   6.1269444e+01
   3.9560602e+00   6.1325994e+01
   3.9722074e+00   6.1382168e+01
   3.9883545e+00   6.1437966e+01
   4.0045017e+00   6.1493392e+01
   4.0206489e+00   6.1548448e+01
   4.0367961e+00   6.1603137e+01
   4.0529433e+00   6.1657461e+01
   4.0690905e+00   6.1711423e+01
   4.0852376e+00   6.1765025e+01
   4.1013848e+00   6.1818269e+01
   4.1175320e+00   6.1871158e+01
   4.1336792e+00   6.1923694e+01
   4.1498264e+00   6.1975880e+01
   4.1659736e+00   6.2027718e+01
   4.1821208e+00   6.2079210e+01
   4.1982679e+00   6.2130359e+01
   4.2144151e+00   6.2181166e+01
   4.2305623e+00   6.2231635e+01
   4.2467095e+00   6.2281766e+01
   4.2628567e+00   6.2331563e+01
   4.2790039e+00   6.2381028e+01
   4.2951510e+00   6.2430163e+01
   4.3112982e+00   6.2478969e+01
   4.3274454e+00   6.2527450e+01
   4.3435926e+00   6.2575608e+01
   4.3597398e+00   6.2623443e+01
   4.3758870e+00   6.2670959e+01
   4.3920341e+00   6.2718158e+01
   4.4081813e+00   6.2765042e+01
   4.4243285e+00   6.2811612e+01
   4.4404757e+00   6.2857871e+01
   4.4566229e+00   6.2903821e+01
   4.4727701e+00   6.2949464e+01
   4.4889173e+00   6.2994801e+01
   4.5050644e+00   6.3039836e+01
   4.5212116e+00   6.3084569e+01
   4.5373588e+00   6.3129003e+01
   4.5535060e+00   6.3173140e+01
   4.5696532e+00   6.3216981e+01
   4.5858004e+00   6.3260529e+01
   4.6019475e+00   6.3303786e+01
   4.6180947e+00   6.3346753e+01
   4.6342419e+00   6.3389432e+01
   4.6503891e+00   6.3431825e+01
   4.6665363e+00   6.3473934e+01
   4.6826835e+00   6.3515761e+01
   4.6988307e+00   6.3557308e+01
   4.7149778e+00   6.3598576e+01
   4.7311250e+00   6.3639567e+01
   4.7472722e+00   6.3680284e+01
   4.7634194e+00   6.3720727e+01
   4.7795666e+00   6.3760900e+01
   4.7957138e+00   6.3800802e+01
   4.8118609e+00   6.3840437e+01
   4.8280081e+00   6.3879805e+01
   4.8441553e+00   6.3918910e+01
   4.8603025e+00   6.3957751e+01
   4.8764497e+00   6.3996332e+01
   4.8925969e+00   6.4034654e+01
   4.9087440e+00   6.4072718e+01
   4.9248912e+00   6.4110526e+01
   4.9410384e+00   6.4148080e+01
   4.9571856e+00   6.4185382e+01
   4.9733328e+00   6.4222433e+01
   4.9894800e+00   6.4259234e+01
   5.0056272e+00   6.4295788e+01
   5.0217743e+00   6.4332096e+01
   5.0379215e+00   6.4368160e+01
   5.0540687e+00   6.4403981e+01
   5.0702159e+00   6.4439560e+01
   5.0863631e+00   6.4474900e+01
   5.1025103e+00   6.4510003e+01
   5.1186574e+00   6.4544868e+01
   5.1348046e+00   6.4579499e+01
   5.1509518e+00   6.4613897e+01
   5.1670990e+00   6.4648063e+01
   5.1832462e+00   6.4681998e+01
   5.1993934e+00   6.4715705e+01
   5.2155406e+00   6.4749184e+01
   5.2316877e+00   6.4782438e+01
   5.2478349e+00   6.4815467e+01
   5.2639821e+00   6.4848274e+01
   5.2801293e+00   6.4880859e+01
   5.2962765e+00   6.4913225e+01
   5.3124237e+00   6.4945372e+01
   5.3285708e+00   6.4977302e+01
   5.3447180e+00   6.5009017e+01
   5.3608652e+00   6.5040518e+01
   5.3770124e+00   6.5071806e+01
   5.3931596e+00   6.5102883e+01
   5.4093068e+00   6.5133750e+01
   5.4254539e+00   6.5164408e+01
   5.4416011e+00   6.5194860e+01
   5.4577483e+00   6.5225106e+01
   5.4738955e+00   6.5255147e+01
   5.4900427e+00   6.5284986e+01
   5.5061899e+00   6.5314623e+01
   5.5223371e+00   6.5344060e+01
   5.5384842e+00   6.5373298e+01
   5.5546314e+00   6.5402338e+01
   5.5707786e+00   6.5431183e+01
   5.5869258e+00   6.5459832e+01
   5.6030730e+00   6.5488288e+01
   5.6192202e+00   6.5516551e+01
   5.6353673e+00   6.5544623e+01
   5.6515145e+00   6.5572506e+01
   5.6676617e+00   6.5600200e+01
   5.6838089e+00   6.5627707e+01
   5.6999561e+00   6.5655028e+01
   5.7161033e+00   6.5682165e+01
   5.7322505e+00   6.5709118e+01
   5.7483976e+00   6.5735889e+01
   5.7645448e+00   6.5762479e+01
   5.7806920e+00   6.5788889e+01
   5.7968392e+00   6.5815120e+01
   5.8129864e+00   6.5841175e+01
   5.8291336e+00   6.5867053e+01
   5.8452807e+00   6.5892756e+01
   5.8614279e+00   6.5918286e+01
   5.8775751e+00   6.5943643e+01
   5.8937223e+00   6.5968829e+01
   5.9098695e+00   6.5993844e+01
   5.9260167e+00   6.6018691e+01
   5.9421638e+00   6.6043369e+01
   5.9583110e+00   6.6067881e+01
   5.9744582e+00   6.6092227e+01
   5.9906054e+00   6.6116409e+01
   6.0067526e+00   6.6140427e+01
   6.0228998e+00   6.6164283e+01
   6.0390470e+00   6.6187978e+01
   6.0551941e+00   6.6211513e+01
   6.0713413e+00   6.6234889e+01
   6.0874885e+00   6.6258107e+01
   6.1036357e+00   6.6281168e+01
   6.1197829e+00   6.6304074e+01
   6.1359301e+00   6.6326825e+01
   6.1520772e+00   6.6349422e+01
   6.1682244e+00   6.6371867e+01
   6.1843716e+00   6.6394161e+01
   6.2005188e+00   6.6416304e+01
   6.2166660e+00   6.6438297e+01
   6.2328132e+00   6.6460142e+01
   6.2489603e+00   6.6481840e+01
   6.2651075e+00   6.6503392e+01
   6.2812547e+00   6.6524798e+01
   6.2974019e+00   6.6546060e+01
   6.3135491e+00   6.6567179e+01
   6.3296963e+00   6.6588155e+01
   6.3458435e+00   6.6608990e+01
   6.3619906e+00   6.6629684e+01
   6.3781378e+00   6.6650239e+01
   6.3942850e+00   6.6670656e+01
   6.4104322e+00   6.6690935e+01
   6.4265794e+00   6.6711078e+01
   6.4427266e+00   6.6731085e+01
   6.4588737e+00   6.6750958e+01
   6.4750209e+00   6.6770696e+01
   6.4911681e+00   6.6790302e+01
   6.5073153e+00   6.6809776e+01
   6.5234625e+00   6.6829119e+01
   6.5396097e+00   6.6848332e+01
   6.5557569e+00   6.6867416e+01
   6.5719040e+00   6.6886372e+01
   6.5880512e+00   6.6905200e+01
   6.6041984e+00   6.6923902e+01
   6.6203456e+00   6.6942479e+01
   6.6364928e+00   6.6960930e+01
   6.6526400e+00   6.6979258e+01
   6.6687871e+00   6.6997463e+01
   6.6849343e+00   6.7015545e+01
   6.7010815e+00   6.7033507e+01
   6.7172287e+00   6.7051348e+01
   6.7333759e+00   6.7069069e+01
   6.7495231e+00   6.7086672e+01
   6.7656702e+00   6.7104156e+01
   6.7818174e+00   6.7121524e+01
   6.7979646e+00   6.7138775e+01
   6.8141118e+00   6.7155911e+01
   6.8302590e+00   6.7172932e+01
   6.8464062e+00   6.7189840e+01
   6.8625534e+00   6.7206634e+01
   6.8787005e+00   6.7223316e+01
   6.8948477e+00   6.7239887e+01
   6.9109949e+00   6.7256346e+01
   6.9271421e+00   6.7272696e+01
   6.9432893e+00   6.7288937e+01
   6.9594365e+00   6.7305069e+01
   6.9755836e+00   6.7321094e+01
   6.9917308e+00   6.7337012e+01
   7.0078780e+00   6.7352823e+01
   7.0240252e+00   6.7368530e+01
   7.0401724e+00   6.7384131e+01
   7.0563196e+00   6.7399629e+01
   7.0724668e+00   6.7415023e+01
   7.0886139e+00   6.7430315e+01
   7.1047611e+00   6.7445506e+01
   7.1209083e+00   6.7460595e+01
   7.1370555e+00   6.7475584e+01
   7.1532027e+00   6.7490473e+01
   7.1693499e+00   6.7505263e+01
   7.1854970e+00   6.7519956e+01
   7.2016442e+00   6.7534550e+01
   7.2177914e+00   6.7549048e+01
   7.2339386e+00   6.7563450e+01
   7.2500858e+00   6.7577756e+01
   7.2662330e+00   6.7591967e+01
   7.2823801e+00   6.7606084e+01
   7.2985273e+00   6.7620108e+01
   7.3146745e+00   6.7634038e+01
   7.3308217e+00   6.7647877e+01
   7.3469689e+00   6.7661624e+01
   7.3631161e+00   6.7675280e+01
   7.3792633e+00   6.7688846e+01
   7.3954104e+00   6.7702322e+01
   7.4115576e+00   6.7715710e+01
   7.4277048e+00   6.7729008e+01
   7.4438520e+00   6.7742220e+01
   7.4599992e+00   6.7755344e+01
   7.4761464e+00   6.7768381e+01
   7.4922935e+00   6.7781333e+01
   7.5084407e+00   6.7794199e+01
   7.5245879e+00   6.7806981e+01
   7.5407351e+00   6.7819678e+01
   7.5568823e+00   6.7832292e+01
   7.5730295e+00   6.7844823e+01
   7.5891767e+00   6.7857272e+01
   7.6053238e+00   6.7869639e+01
   7.6214710e+00   6.7881925e+01
   7.6376182e+00   6.7894130e+01
   7.6537654e+00   6.7906255e+01
   7.6699126e+00   6.7918301e+01
   7.6860598e+00   6.7930267e+01
   7.7022069e+00   6.7942156e+01
   7.7183541e+00   6.7953966e+01
   7.7345013e+00   6.7965699e+01
   7.7506485e+00   6.7977356e+01
   7.7667957e+00   6.7988936e+01
   7.7829429e+00   6.8000441e+01
   7.7990900e+00   6.8011870e+01
   7.8152372e+00   6.8023225e+01
   7.8313844e+00   6.8034506e+01
   7.8475316e+00   6.8045713e+01
   7.8636788e+00   6.8056848e+01
   7.8798260e+00   6.8067909e+01
   7.8959732e+00   6.8078899e+01
   7.9121203e+00   6.8089817e+01
   7.9282675e+00   6.8100665e+01
   7.9444147e+00   6.8111441e+01
   7.9605619e+00   6.8122148e+01
   7.9767091e+00   6.8132785e+01
   7.9928563e+00   6.8143353e+01
   8.0090034e+00   6.8153853e+01
   8.0251506e+00   6.8164285e+01
   8.0412978e+00   6.8174649e+01
   8.0574450e+00   6.8184946e+01
   8.0735922e+00   6.8195176e+01
   8.0897394e+00   6.8205340e+01
   8.1058866e+00   6.8215438e+01
   8.1220337e+00   6.8225471e+01
   8.1381809e+00   6.8235440e+01
   8.1543281e+00   6.8245344e+01
   8.1704753e+00   6.8255184e+01
   8.1866225e+00   6.8264961e+01
   8.2027697e+00   6.8274674e+01
   8.2189168e+00   6.8284325e+01
   8.2350640e+00   6.8293914e+01
   8.2512112e+00   6.8303442e+01
   8.2673584e+00   6.8312908e+01
   8.2835056e+00   6.8322313e+01
   8.2996528e+00   6.8331658e+01
   8.3157999e+00   6.8340943e+01
   8.3319471e+00   6.8350168e+01
   8.3480943e+00   6.8359335e+01
   8.3642415e+00   6.8368442e+01
   8.3803887e+00   6.8377492e+01
   8.3965359e+00   6.8386483e+01
   8.4126831e+00   6.8395417e+01
   8.4288302e+00   6.8404294e+01
   8.4449774e+00   6.8413114e+01
   8.4611246e+00   6.8421877e+01
   8.4772718e+00   6.8430585e+01
   8.4934190e+00   6.8439238e+01
   8.5095662e+00   6.8447835e+01
   8.5257133e+00   6.8456377e+01
   8.5418605e+00   6.8464866e+01
   8.5580077e+00   6.8473300e+01
   8.5741549e+00   6.8481680e+01
   8.5903021e+00   6.8490008e+01
   8.6064493e+00   6.8498282e+01
   8.6225965e+00   6.8506504e+01
   8.6387436e+00   6.8514674e+01
   8.6548908e+00   6.8522792e+01
   8.6710380e+00   6.8530859e+01
   8.6871852e+00   6.8538874e+01
   8.7033324e+00   6.8546839e+01
   8.7194796e+00   6.8554754e+01
   8.7356267e+00   6.8562619e+01
   8.7517739e+00   6.8570434e+01
   8.7679211e+00   6.8578199e+01
   8.7840683e+00   6.8585916e+01
   8.8002155e+00   6.8593584e+01
   8.8163627e+00   6.8601204e+01
   8.8325098e+00   6.8608776e+01
   8.8486570e+00   6.8616300e+01
   8.8648042e+00   6.8623777e+01
   8.8809514e+00   6.8631207e+01
   8.8970986e+00   6.8638591e+01
   8.9132458e+00   6.8645928e+01
   8.9293930e+00   6.8653219e+01
   8.9455401e+00   6.8660465e+01
   8.9616873e+00   6.8667665e+01
   8.9778345e+00   6.8674820e+01
   8.9939817e+00   6.8681930e+01
   9.0101289e+00   6.8688996e+01
   9.0262761e+00   6.8696018e+01
   9.0424232e+00   6.8702996e+01
   9.0585704e+00   6.8709931e+01
   9.0747176e+00   6.8716822e+01
   9.0908648e+00   6.8723671e+01
   9.1070120e+00   6.8730476e+01
   9.1231592e+00   6.8737240e+01
   9.1393064e+00   6.8743961e+01
   9.1554535e+00   6.8750641e+01
   9.1716007e+00   6.8757280e+01
   9.1877479e+00   6.8763877e+01
   9.2038951e+00   6.8770433e+01
   9.2200423e+00   6.8776949e+01
   9.2361895e+00   6.8783424e+01
   9.2523366e+00   6.8789860e+01
   9.2684838e+00   6.8796255e+01
   9.2846310e+00   6.8802611e+01
   9.3007782e+00   6.8808928e+01
   9.3169254e+00   6.8815206e+01
   9.3330726e+00   6.8821445e+01
   9.3492197e+00   6.8827646e+01
   9.3653669e+00   6.8833809e+01
   9.3815141e+00   6.8839934e+01
   9.3976613e+00   6.8846021e+01
   9.4138085e+00   6.8852071e+01
   9.4299557e+00   6.8858083e+01
   9.4461029e+00   6.8864059e+01
   9.4622500e+00   6.8869998e+01
   9.4783972e+00   6.8875901e+01
   9.4945444e+00   6.8881768e+01
   9.5106916e+00   6.8887598e+01
   9.5268388e+00   6.8893394e+01
   9.5429860e+00   6.8899153e+01
   9.5591331e+00   6.8904878e+01
   9.5752803e+00   6.8910568e+01
   9.5914275e+00   6.8916223e+01
   9.6075747e+00   6.8921843e+01
   9.6237219e+00   6.8927430e+01
   9.6398691e+00   6.8932982e+01
   9.6560163e+00   6.8938501e+01
   9.6721634e+00   6.8943986e+01
   9.6883106e+00   6.8949438e+01
   9.7044578e+00   6.8954857e+01
   9.7206050e+00   6.8960243e+01
   9.7367522e+00   6.8965597e+01
   9.7528994e+00   6.8970918e+01
   9.7690465e+00   6.8976207e+01
   9.7851937e+00   6.8981464e+01
   9.8013409e+00   6.8986689e+01
   9.8174881e+00   6.8991883e+01
   9.8336353e+00   6.8997045e+01
   9.8497825e+00   6.9002176e+01
   9.8659296e+00   6.9007277e+01
   9.8820768e+00   6.9012347e+01
   9.8982240e+00   6.9017386e+01
   9.9143712e+00   6.9022395e+01
   9.9305184e+00   6.9027374e+01
   9.9466656e+00   6.9032323e+01
   9.9628128e+00   6.9037243e+01
   9.9789599e+00   6.9042133e+01
   9.9951071e+00   6.9046993e+01
   1.0011254e+01   6.9051825e+01
   1.0027401e+01   6.9056628e+01
   1.0043549e+01   6.9061402e+01
   1.0059696e+01   6.9066148e+01
   1.0075843e+01   6.9070865e+01
   1.0091990e+01   6.9075554e+01
   1.0108137e+01   6.9080216e+01
   1.0124285e+01   6.9084849e+01
   1.0140432e+01   6.9089455e+01
   1.0156579e+01   6.9094034e+01
   1.0172726e+01   6.9098586e+01
   1.0188873e+01   6.9103110e+01
   1.0205021e+01   6.9107608e+01
   1.0221168e+01   6.9112079e+01
   1.0237315e+01   6.9116524e+01
   1.0253462e+01   6.9120942e+01
   1.0269609e+01   6.9125335e+01
   1.0285756e+01   6.9129701e+01
   1.0301904e+01   6.9134042e+01
   1.0318051e+01   6.9138357e+01
   1.0334198e+01   6.9142646e+01
   1.0350345e+01   6.9146911e+01
   1.0366492e+01   6.9151150e+01
   1.0382640e+01   6.9155364e+01
   1.0398787e+01   6.9159554e+01
   1.0414934e+01   6.9163719e+01
   1.0431081e+01   6.9167860e+01
   1.0447228e+01   6.9171976e+01
   1.0463375e+01   6.9176068e+01
   1.0479523e+01   6.9180137e+01
   1.0495670e+01   6.9184181e+01
   1.0511817e+01   6.9188202e+01
   1.0527964e+01   6.9192200e+01
   1.0544111e+01   6.9196174e+01
   1.0560259e+01   6.9200125e+01
   1.0576406e+01   6.9204053e+01
   1.0592553e+01   6.9207958e+01
   1.0608700e+01   6.9211840e+01
   1.0624847e+01   6.9215700e+01
   1.0640994e+01   6.9219537e+01
   1.0657142e+01   6.9223353e+01
   1.0673289e+01   6.9227146e+01
   1.0689436e+01   6.9230917e+01
   1.0705583e+01   6.9234666e+01
   1.0721730e+01   6.9238394e+01
   1.0737878e+01   6.9242100e+01
   1.0754025e+01   6.9245784e+01
   1.0770172e+01   6.9249448e+01
   1.0786319e+01   6.9253090e+01
   1.0802466e+01   6.9256711e+01
   1.0818614e+01   6.9260312e+01
   1.0834761e+01   6.9263892e+01
   1.0850908e+01   6.9267451e+01
   1.0867055e+01   6.9270990e+01
   1.0883202e+01   6.9274508e+01
   1.0899349e+01   6.9278006e+01
   1.0915497e+01   6.9281484e+01
   1.0931644e+01   6.9284943e+01
   1.0947791e+01   6.9288381e+01
   1.0963938e+01   6.9291800e+01
   1.0980085e+01   6.9295199e+01
   1.0996233e+01   6.9298579e+01
   1.1012380e+01   6.9301940e+01
   1.1028527e+01   6.9305282e+01
   1.1044674e+01   6.9308604e+01
   1.1060821e+01   6.9311908e+01
   1.1076968e+01   6.9315192e+01
   1.1093116e+01   6.9318459e+01
   1.1109263e+01   6.9321706e+01
   1.1125410e+01   6.9324935e+01
   1.1141557e+01   6.9328146e+01
   1.1157704e+01   6.9331339e+01
   1.1173852e+01   6.9334514e+01
   1.1189999e+01   6.9337670e+01
   1.1206146e+01   6.9340809e+01
   1.1222293e+01   6.9343930e+01
   1.1238440e+01   6.9347034e+01
   1.1254588e+01   6.9350120e+01
   1.1270735e+01   6.9353188e+01
   1.1286882e+01   6.9356240e+01
   1.1303029e+01   6.9359274e+01
   1.1319176e+01   6.9362291e+01
   1.1335323e+01   6.9365291e+01
   1.1351471e+01   6.9368275e+01
   1.1367618e+01   6.9371242e+01
   1.1383765e+01   6.9374192e+01
   1.1399912e+01   6.9377125e+01
   1.1416059e+01   6.9380042e+01
   1.1432207e+01   6.9382943e+01
   1.1448354e+01   6.9385828e+01
   1.1464501e+01   6.9388696e+01
   1.1480648e+01   6.9391549e+01
   1.1496795e+01   6.9394386e+01
   1.1512942e+01   6.9397207e+01
   1.1529090e+01   6.9400012e+01
   1.1545237e+01   6.9402802e+01
   1.1561384e+01   6.9405576e+01
   1.1577531e+01   6.9408334e+01
   1.1593678e+01   6.9411078e+01
   1.1609826e+01   6.9413806e+01
   1.1625973e+01   6.9416519e+01
   1.1642120e+01   6.9419217e+01
   1.1658267e+01   6.9421901e+01
   1.1674414e+01   6.9424569e+01
   1.1690561e+01   6.9427223e+01
   1.1706709e+01   6.9429862e+01
   1.1722856e+01   6.9432486e+01
   1.1739003e+01   6.9435097e+01
   1.1755150e+01   6.9437692e+01
   1.1771297e+01   6.9440274e+01
   1.1787445e+01   6.9442841e+01
   1.1803592e+01   6.9445394e+01
   1.1819739e+01   6.9447934e+01
   1.1835886e+01   6.9450459e+01
   1.1852033e+01   6.9452970e+01
   1.1868181e+01   6.9455468e+01
   1.1884328e+01   6.9457952e+01
   1.1900475e+01   6.9460423e+01
   1.1916622e+01   6.9462880e+01
   1.1932769e+01   6.9465323e+01
   1.1948916e+01   6.9467754e+01
   1.1965064e+01   6.9470171e+01
   1.1981211e+01   6.9472575e+01
   1.1997358e+01   6.9474966e+01
   1.2013505e+01   6.9477344e+01
   1.2029652e+01   6.9479709e+01
   1.2045800e+01   6.9482061e+01
   1.2061947e+01   6.9484400e+01
   1.2078094e+01   6.9486727e+01
   1.2094241e+01   6.9489042e+01
   1.2110388e+01   6.9491343e+01
   1.2126535e+01   6.9493633e+01
   1.2142683e+01   6.9495909e+01
   1.2158830e+01   6.9498174e+01
   1.2174977e+01   6.9500427e+01
   1.2191124e+01   6.9502667e+01
   1.2207271e+01   6.9504895e+01
   1.2223419e+01   6.9507111e+01
   1.2239566e+01   6.9509316e+01
   1.2255713e+01   6.9511508e+01
   1.2271860e+01   6.9513689e+01
   1.2288007e+01   6.9515858e+01
   1.2304154e+01   6.9518016e+01
   1.2320302e+01   6.9520162e+01
   1.2336449e+01   6.9522296e+01
   1.2352596e+01   6.9524420e+01
   1.2368743e+01   6.9526531e+01
   1.2384890e+01   6.9528632e+01
   1.2401038e+01   6.9530721e+01
   1.2417185e+01   6.9532800e+01
   1.2433332e+01   6.9534867e+01
   1.2449479e+01   6.9536923e+01
   1.2465626e+01   6.9538968e+01
   1.2481774e+01   6.9541003e+01
   1.2497921e+01   6.9543026e+01
   1.2514068e+01   6.9545039e+01
   1.2530215e+01   6.9547041e+01
   1.2546362e+01   6.9549033e+01
   1.2562509e+01   6.9551014e+01
   1.2578657e+01   6.9552985e+01
   1.2594804e+01   6.9554945e+01
   1.2610951e+01   6.9556895e+01
   1.2627098e+01   6.9558835e+01
   1.2643245e+01   6.9560764e+01
   1.2659393e+01   6.9562684e+01
   1.2675540e+01   6.9564593e+01
   1.2691687e+01   6.9566492e+01
   1.2707834e+01   6.9568381e+01
   1.2723981e+01   6.9570261e+01
   1.2740128e+01   6.9572130e+01
   1.2756276e+01   6.9573990e+01
   1.2772423e+01   6.9575840e+01
   1.2788570e+01   6.9577680e+01
   1.2804717e+01   6.9579511e+01
   1.2820864e+01   6.9581332e+01
   1.2837012e+01   6.9583144e+01
   1.2853159e+01   6.9584946e+01
   1.2869306e+01   6.9586739e+01
   1.2885453e+01   6.9588522e+01
   1.2901600e+01   6.9590297e+01
   1.2917747e+01   6.9592062e+01
   1.2933895e+01   6.9593818e+01
   1.2950042e+01   6.9595564e+01
   1.2966189e+01   6.9597302e+01
   1.2982336e+01   6.9599031e+01
   1.2998483e+01   6.9600751e+01
   1.3014631e+01   6.9602461e+01
   1.3030778e+01   6.9604164e+01
   1.3046925e+01   6.9605857e+01
   1.3063072e+01   6.9607541e+01
   1.3079219e+01   6.9609217e+01
   1.3095367e+01   6.9610885e+01
   1.3111514e+01   6.9612543e+01
   1.3127661e+01   6.9614193e+01
   1.3143808e+01   6.9615835e+01
   1.3159955e+01   6.9617468e+01
   1.3176102e+01   6.9619093e+01
   1.3192250e+01   6.9620710e+01
   1.3208397e+01   6.9622318e+01
   1.3224544e+01   6.9623918e+01
   1.3240691e+01   6.9625510e+01
   1.3256838e+01   6.9627094e+01
   1.3272986e+01   6.9628670e+01
   1.3289133e+01   6.9630237e+01
   1.3305280e+01   6.9631797e+01
   1.3321427e+01   6.9633349e+01
   1.3337574e+01   6.9634893e+01
   1.3353721e+01   6.9636429e+01
   1.3369869e+01   6.9637957e+01
   1.3386016e+01   6.9639477e+01
   1.3402163e+01   6.9640990e+01
   1.3418310e+01   6.9642495e+01
   1.3434457e+01   6.9643992e+01
   1.3450605e+01   6.9645482e+01
   1.3466752e+01   6.9646965e+01
   1.3482899e+01   6.9648440e+01
   1.3499046e+01   6.9649907e+01
   1.3515193e+01   6.9651367e+01
   1.3531340e+01   6.9652820e+01
   1.3547488e+01   6.9654265e+01
   1.3563635e+01   6.9655703e+01
   1.3579782e+01   6.9657134e+01
   1.3595929e+01   6.9658558e+01
   1.3612076e+01   6.9659974e+01
   1.3628224e+01   6.9661384e+01
   1.3644371e+01   6.9662786e+01
   1.3660518e+01   6.9664181e+01
   1.3676665e+01   6.9665570e+01
   1.3692812e+01   6.9666951e+01
   1.3708960e+01   6.9668326e+01
   1.3725107e+01   6.9669693e+01
   1.3741254e+01   6.9671054e+01
   1.3757401e+01   6.9672408e+01
   1.3773548e+01   6.9673756e+01
   1.3789695e+01   6.9675096e+01
   1.3805843e+01   6.9676430e+01
   1.3821990e+01   6.9677758e+01
   1.3838137e+01   6.9679078e+01
   1.3854284e+01   6.9680393e+01
   1.3870431e+01   6.9681700e+01
   1.3886579e+01   6.9683002e+01
   1.3902726e+01   6.9684296e+01
   1.3918873e+01   6.9685585e+01
   1.3935020e+01   6.9686867e+01
   1.3951167e+01   6.9688143e+01
   1.3967314e+01   6.9689412e+01
   1.3983462e+01   6.9690675e+01
   1.3999609e+01   6.9691932e+01
   1.4015756e+01   6.9693183e+01
   1.4031903e+01   6.9694427e+01
   1.4048050e+01   6.9695666e+01
   1.4064198e+01   6.9696898e+01
   1.4080345e+01   6.9698125e+01
   1.4096492e+01   6.9699345e+01
   1.4112639e+01   6.9700560e+01
   1.4128786e+01   6.9701768e+01
   1.4144934e+01   6.9702971e+01
   1.4161081e+01   6.9704167e+01
   1.4177228e+01   6.9705358e+01
   1.4193375e+01   6.9706543e+01
   1.4209522e+01   6.9707722e+01
   1.4225669e+01   6.9708896e+01
   1.4241817e+01   6.9710064e+01
   1.4257964e+01   6.9711226e+01
   1.4274111e+01   6.9712382e+01
   1.4290258e+01   6.9713533e+01
   1.4306405e+01   6.9714679e+01
   1.4322553e+01   6.9715818e+01
   1.4338700e+01   6.9716953e+01
   1.4354847e+01   6.9718081e+01
   1.4370994e+01   6.9719205e+01
   1.4387141e+01   6.9720322e+01
   1.4403288e+01   6.9721435e+01
   1.4419436e+01   6.9722542e+01
   1.4435583e+01   6.9723644e+01
   1.4451730e+01   6.9724740e+01
   1.4467877e+01   6.9725831e+01
   1.4484024e+01   6.9726917e+01
   1.4500172e+01   6.9727998e+01
   1.4516319e+01   6.9729074e+01
   1.4532466e+01   6.9730144e+01
   1.4548613e+01   6.9731209e+01
   1.4564760e+01   6.9732269e+01
   1.4580907e+01   6.9733324e+01
   1.4597055e+01   6.9734374e+01
   1.4613202e+01   6.9735419e+01
   1.4629349e+01   6.9736459e+01
   1.4645496e+01   6.9737494e+01
   1.4661643e+01   6.9738525e+01
   1.4677791e+01   6.9739550e+01
   1.4693938e+01   6.9740570e+01
   1.4710085e+01   6.9741586e+01
   1.4726232e+01   6.9742596e+01
   1.4742379e+01   6.9743602e+01
   1.4758527e+01   6.9744603e+01
   1.4774674e+01   6.9745600e+01
   1.4790821e+01   6.9746591e+01
   1.4806968e+01   6.9747578e+01
   1.4823115e+01   6.9748560e+01
   1.4839262e+01   6.9749538e+01
   1.4855410e+01   6.9750511e+01
   1.4871557e+01   6.9751479e+01
   1.4887704e+01   6.9752443e+01
   1.4903851e+01   6.9753403e+01
   1.4919998e+01   6.9754357e+01
   1.4936146e+01   6.9755308e+01
   1.4952293e+01   6.9756254e+01
   1.4968440e+01   6.9757195e+01
   1.4984587e+01   6.9758132e+01
   1.5000734e+01   6.9759065e+01
   1.5016881e+01   6.9759993e+01
   1.5033029e+01   6.9760917e+01
   1.5049176e+01   6.9761836e+01
   1.5065323e+01   6.9762751e+01
   1.5081470e+01   6.9763662e+01
   1.5097617e+01   6.9764569e+01
   1.5113765e+01   6.9765472e+01
   1.5129912e+01   6.9766370e+01
   1.5146059e+01   6.9767264e+01
   1.5162206e+01   6.9768154e+01
   1.5178353e+01   6.9769040e+01
   1.5194500e+01   6.9769921e+01
   1.5210648e+01   6.9770799e+01
   1.5226795e+01   6.9771673e+01
   1.5242942e+01   6.9772542e+01
   1.5259089e+01   6.9773408e+01
   1.5275236e+01   6.9774269e+01
   1.5291384e+01   6.9775126e+01
   1.5307531e+01   6.9775980e+01
   1.5323678e+01   6.9776830e+01
   1.5339825e+01   6.9777675e+01
   1.5355972e+01   6.9778517e+01
   1.5372120e+01   6.9779355e+01
   1.5388267e+01   6.9780189e+01
   1.5404414e+01   6.9781019e+01
   1.5420561e+01   6.9781845e+01
   1.5436708e+01   6.9782668e+01
   1.5452855e+01   6.9783487e+01
   1.5469003e+01   6.9784302e+01
   1.5485150e+01   6.9785113e+01
   1.5501297e+01   6.9785921e+01
   1.5517444e+01   6.9786725e+01
   1.5533591e+01   6.9787525e+01
   1.5549739e+01   6.9788321e+01
   1.5565886e+01   6.9789114e+01
   1.5582033e+01   6.9789904e+01
   1.5598180e+01   6.9790689e+01
   1.5614327e+01   6.9791471e+01
   1.5630474e+01   6.9792250e+01
   1.5646622e+01   6.9793025e+01
   1.5662769e+01   6.9793797e+01
   1.5678916e+01   6.9794565e+01
   1.5695063e+01   6.9795329e+01
   1.5711210e+01   6.9796090e+01
   1.5727358e+01   6.9796848e+01
   1.5743505e+01   6.9797602e+01
   1.5759652e+01   6.9798353e+01
   1.5775799e+01   6.9799100e+01
   1.5791946e+01   6.9799844e+01
   1.5808093e+01   6.9800585e+01
   1.5824241e+01   6.9801322e+01
   1.5840388e+01   6.9802056e+01
   1.5856535e+01   6.9802787e+01
   1.5872682e+01   6.9803514e+01
   1.5888829e+01   6.9804238e+01
   1.5904977e+01   6.9804959e+01
   1.5921124e+01   6.9805677e+01
   1.5937271e+01   6.9806391e+01
   1.5953418e+01   6.9807103e+01
   1.5969565e+01   6.9807811e+01
   1.5985713e+01   6.9808515e+01
   1.6001860e+01   6.9809217e+01
   1.6018007e+01   6.9809916e+01
   1.6034154e+01   6.9810611e+01
   1.6050301e+01   6.9811304e+01
   1.6066448e+01   6.9811993e+01
   1.6082596e+01   6.9812679e+01
   1.6098743e+01   6.9813362e+01
   1.6114890e+01   6.9814042e+01
   1.6131037e+01   6.9814720e+01
