# Z 72 rho 13.3101 A(Z) 178.492
1 11.13 0.004616 3324 0 0 3335.13
1.5 10.66 0.007838 1478 0 0 1488.67
1.662 10.49 0.008853 1192 0 0 1202.5
1.662 10.49 0.008853 1476 0 0 1486.5
1.689 10.46 0.009023 2183 0 0 2193.47
1.716 10.43 0.009194 3222 0 0 3232.44
1.716 10.43 0.009194 3634 0 0 3644.44
2 10.15 0.01091 3586 0 0 3596.16
2.108 10.03 0.01157 3143 0 0 3153.04
2.108 10.03 0.01157 3647 0 0 3657.04
2.233 9.895 0.01233 3173 0 0 3182.91
2.365 9.757 0.01313 2760 0 0 2769.77
2.365 9.757 0.01313 2933 0 0 2942.77
2.48 9.649 0.01382 2628 0 0 2637.66
2.601 9.535 0.01454 2354 0 0 2363.55
2.601 9.535 0.01454 2456 0 0 2465.55
3 9.123 0.0169 1759 0 0 1768.14
3.01 9.113 0.01696 1745 0 0 1754.13
4 8.158 0.02257 877.6 0 0 885.781
5 7.281 0.02788 504.1 0 0 511.409
5.02 7.264 0.02798 499 0 0 506.292
6 6.508 0.03278 317.9 0 0 324.441
7.03 5.813 0.0374 211.6 0 0 217.45
8 5.243 0.04136 151.8 0 0 157.084
9.04 4.713 0.04525 110.4 0 0 115.158
9.561 4.477 0.04707 95.45 0 0 99.9741
9.561 4.477 0.04707 251.2 0 0 255.724
10 4.292 0.04855 225.8 0 0 230.141
10.74 3.998 0.05095 185.4 0 0 189.449
10.74 3.998 0.05095 254.9 0 0 258.949
11.05 3.885 0.05192 237.8 0 0 241.737
11.27 3.809 0.0526 226.7 0 0 230.562
11.27 3.809 0.0526 262.1 0 0 265.962
13.06 3.252 0.05776 179.7 0 0 183.01
15 2.772 0.06276 126.1 0 0 128.935
15.07 2.756 0.06293 124.5 0 0 127.319
17.08 2.374 0.06755 89.38 0 0 91.8216
19.09 2.073 0.07169 66.56 0 0 68.7047
20 1.958 0.07342 58.84 0 0 60.8714
21.1 1.832 0.07539 50.93 0 0 52.8374
23.11 1.634 0.0787 39.86 0 0 41.5727
25.12 1.468 0.08164 31.84 0 0 33.3896
27.13 1.327 0.08426 25.88 0 0 27.2913
29.14 1.204 0.08658 21.34 0 0 22.6306
30 1.157 0.08749 19.74 0 0 20.9845
31.15 1.098 0.08863 17.8 0 0 18.9866
33.16 1.004 0.09045 15 0 0 16.0944
35.17 0.922 0.09206 12.76 0 0 13.7741
37.18 0.8491 0.09348 10.96 0 0 11.9026
39.19 0.7844 0.09474 9.487 0 0 10.3661
40 0.7605 0.09521 8.971 0 0 9.82671
41.2 0.7268 0.09587 8.266 0 0 9.08867
43.21 0.6753 0.09686 7.247 0 0 8.01916
45.22 0.6292 0.09775 6.391 0 0 7.11795
47.23 0.5878 0.09853 5.667 0 0 6.35333
49.24 0.5505 0.09922 5.05 0 0 5.69972
50 0.5375 0.09946 4.842 0 0 5.47896
51.25 0.5169 0.09984 4.519 0 0 5.13574
53.26 0.4865 0.1004 4.061 0 0 4.6479
55.27 0.4588 0.1008 3.663 0 0 4.2226
57.28 0.4336 0.1013 3.317 0 0 3.8519
59.29 0.4105 0.1016 3.013 0 0 3.5251
60 0.4028 0.1018 2.915 0 0 3.4196
61.3 0.3893 0.102 2.746 0 0 3.2373
63.31 0.3698 0.1023 2.509 0 0 2.9811
65.32 0.3518 0.1025 2.3 0 0 2.7543
65.35 0.3516 0.1025 2.297 0 0 2.7511
65.35 0.3516 0.1025 11.91 0 0 12.3641
67.33 0.3351 0.1027 11.01 0 0 11.4478
69.34 0.3196 0.1029 10.19 0 0 10.6125
71.35 0.3052 0.103 9.451 0 0 9.8592
73.36 0.2917 0.1031 8.785 0 0 9.1798
75.37 0.2791 0.1032 8.182 0 0 8.5643
77.38 0.2673 0.1032 7.634 0 0 8.0045
79.39 0.2562 0.1033 7.136 0 0 7.4955
80 0.253 0.1033 6.994 0 0 7.3503
81.4 0.2458 0.1033 6.681 0 0 7.0301
83.41 0.2361 0.1033 6.265 0 0 6.6044
85.42 0.2268 0.1032 5.884 0 0 6.214
87.43 0.2181 0.1032 5.534 0 0 5.8553
89.44 0.2099 0.1031 5.212 0 0 5.525
91.45 0.2022 0.1031 4.914 0 0 5.2193
93.46 0.1948 0.103 4.639 0 0 4.9368
95.47 0.1879 0.1029 4.385 0 0 4.6758
97.49 0.1813 0.1028 4.149 0 0 4.4331
99.5 0.175 0.1027 3.929 0 0 4.2067
100 0.1735 0.1026 3.877 0 0 4.1531
101.5 0.1691 0.1025 3.725 0 0 3.9966
103.5 0.1634 0.1024 3.535 0 0 3.8008
105.5 0.158 0.1023 3.357 0 0 3.6173
107.5 0.1529 0.1021 3.192 0 0 3.447
109.5 0.1481 0.1019 3.037 0 0 3.287
111.6 0.1434 0.1018 2.892 0 0 3.1372
113.6 0.139 0.1016 2.756 0 0 2.9966
115.6 0.1348 0.1014 2.628 0 0 2.8642
117.6 0.1307 0.1012 2.509 0 0 2.7409
119.6 0.1269 0.1011 2.396 0 0 2.624
121.6 0.1232 0.1009 2.291 0 0 2.5151
123.6 0.1197 0.1007 2.191 0 0 2.4114
125.6 0.1163 0.1005 2.097 0 0 2.3138
127.6 0.1131 0.1003 2.009 0 0 2.2224
129.6 0.11 0.1001 1.926 0 0 2.1361
131.7 0.107 0.09984 1.847 0 0 2.05384
133.7 0.1042 0.09963 1.772 0 0 1.97583
135.7 0.1014 0.09942 1.702 0 0 1.90282
137.7 0.09879 0.0992 1.635 0 0 1.83299
139.7 0.09626 0.09898 1.572 0 0 1.76724
141.7 0.09383 0.09876 1.512 0 0 1.70459
143.7 0.0915 0.09854 1.455 0 0 1.64504
145.7 0.08925 0.09832 1.401 0 0 1.58857
147.7 0.08709 0.0981 1.349 0 0 1.53419
149.7 0.08501 0.09787 1.3 0 0 1.48288
150 0.08475 0.09784 1.295 0 0 1.47759
151.8 0.083 0.09765 1.254 0 0 1.43465
153.8 0.08106 0.09742 1.21 0 0 1.38848
155.8 0.0792 0.09719 1.168 0 0 1.34439
157.8 0.0774 0.09697 1.128 0 0 1.30237
159.8 0.07566 0.09674 1.089 0 0 1.2614
161.8 0.07398 0.09651 1.053 0 0 1.22349
163.8 0.07236 0.09628 1.018 0 0 1.18664
165.8 0.07079 0.09605 0.9846 0 0 1.15144
167.8 0.06927 0.09582 0.9528 0 0 1.11789
169.9 0.0678 0.0956 0.9224 0 0 1.0858
171.9 0.06638 0.09537 0.8932 0 0 1.05495
173.9 0.06501 0.09514 0.8654 0 0 1.02555
175.9 0.06367 0.09491 0.8387 0 0 0.99728
177.9 0.06238 0.09468 0.8131 0 0 0.97016
179.9 0.06113 0.09445 0.7886 0 0 0.94418
181.9 0.05992 0.09423 0.7651 0 0 0.91925
183.9 0.05874 0.094 0.7425 0 0 0.89524
185.9 0.0576 0.09378 0.7208 0 0 0.87218
187.9 0.05649 0.09355 0.7001 0 0 0.85014
189.9 0.05541 0.09332 0.6801 0 0 0.82883
192 0.05437 0.0931 0.6609 0 0 0.80837
194 0.05335 0.09288 0.6424 0 0 0.78863
196 0.05237 0.09265 0.6247 0 0 0.76972
198 0.05141 0.09243 0.6076 0 0 0.75144
200 0.05047 0.09221 0.5911 0 0 0.73378
300 0.02394 0.08239 0.1991 0 0 0.30543
400 0.01391 0.07483 0.09464 0 0 0.18338
500 0.009073 0.06886 0.05449 0 0 0.132423
600 0.00638 0.06404 0.03539 0 0 0.10581
800 0.003644 0.05655 0.0186 0 0 0.078794
1000 0.002353 0.05098 0.01168 0 0 0.065013
1022 0.002255 0.05044 0.01118 0 0 0.063875
1250 0.001516 0.04568 0.007537 0.0003085 0 0.0550415
1500 0.001057 0.04157 0.005375 0.001439 0 0.049441
2000 0.0005972 0.03553 0.003257 0.004494 0 0.0438782
2044 0.0005719 0.03509 0.00314 0.004771 0 0.0435729
3000 0.0002663 0.02797 0.00171 0.01034 9.778e-06 0.0402961
4000 0.00015 0.02335 0.001123 0.01523 3.985e-05 0.0398929
5000 9.606e-05 0.02017 0.0008256 0.01935 7.929e-05 0.040521
6000 6.67e-05 0.01783 0.0006481 0.02289 0.0001216 0.0415564
7000 4.902e-05 0.01603 0.0005317 0.02601 0.0001636 0.0427843
8000 3.755e-05 0.01459 0.0004497 0.02881 0.0002043 0.0440916
9000 2.966e-05 0.01341 0.0003894 0.03136 0.0002431 0.0454322
10000 2.403e-05 0.01242 0.0003428 0.03371 0.00028 0.0467768
