# Z 86 rho 0.00973 A(Z) 222
1 12.82 0.00319 5813 0 0 5825.82
1.097 12.72 0.003727 4901 0 0 4913.72
1.097 12.72 0.003727 5004 0 0 5016.72
1.5 12.28 0.006114 2706 0 0 2718.29
2 11.66 0.009193 1478 0 0 1489.67
2.892 10.55 0.0146 652.9 0 0 663.465
2.892 10.55 0.0146 2309 0 0 2319.56
3 10.42 0.01523 1543 0 0 1553.44
3.01 10.4 0.01528 1529 0 0 1539.42
3.021 10.39 0.01535 1514 0 0 1524.41
3.021 10.39 0.01535 2459 0 0 2469.41
3.27 10.11 0.01676 1901 0 0 1911.13
3.538 9.803 0.01824 1469 0 0 1478.82
3.538 9.803 0.01824 1700 0 0 1709.82
4 9.309 0.02066 1257 0 0 1266.33
4.159 9.146 0.02146 1139 0 0 1148.17
4.159 9.146 0.02146 1208 0 0 1217.17
4.317 8.99 0.02223 1104 0 0 1113.01
4.482 8.832 0.02301 1008 0 0 1016.86
4.482 8.832 0.02301 1052 0 0 1060.86
5 8.352 0.02541 808 0 0 816.377
5.02 8.334 0.0255 800.1 0 0 808.46
6 7.522 0.0297 516.5 0 0 524.052
7.03 6.776 0.03382 347.4 0 0 354.21
8 6.165 0.03749 251.4 0 0 257.602
9.04 5.595 0.04118 184.2 0 0 189.836
10 5.135 0.04438 142.5 0 0 147.679
11.05 4.691 0.04762 110 0 0 114.739
13.06 3.987 0.05316 71.44 0 0 75.4802
14.62 3.542 0.05688 53.38 0 0 56.9789
14.62 3.542 0.05688 130.8 0 0 134.399
15 3.445 0.05772 122.4 0 0 125.903
15.07 3.427 0.05788 120.8 0 0 124.285
17.08 2.965 0.06193 86 0 0 89.0269
17.34 2.913 0.06241 82.59 0 0 85.5654
17.34 2.913 0.06241 115.5 0 0 118.475
17.69 2.845 0.06306 110 0 0 112.908
18.05 2.778 0.06372 104.8 0 0 107.642
18.05 2.778 0.06372 121.2 0 0 124.042
19.09 2.596 0.06553 104.9 0 0 107.562
20 2.452 0.06702 93.12 0 0 95.639
21.1 2.293 0.06874 81.04 0 0 83.4017
23.11 2.04 0.07164 64.01 0 0 66.1216
25.12 1.829 0.07425 51.57 0 0 53.4733
27.13 1.651 0.07662 42.24 0 0 43.9676
29.14 1.5 0.07876 35.1 0 0 36.6788
30 1.442 0.07961 32.55 0 0 34.0716
31.15 1.37 0.0807 29.46 0 0 30.9107
33.16 1.259 0.08246 24.96 0 0 26.3015
35.17 1.161 0.08406 21.35 0 0 22.5951
37.18 1.074 0.0855 18.43 0 0 19.5895
39.19 0.9964 0.0868 16.03 0 0 17.1132
40 0.9675 0.08729 15.18 0 0 16.2348
41.2 0.9268 0.08797 14.02 0 0 15.0348
43.21 0.8639 0.08903 12.34 0 0 13.2929
45.22 0.807 0.08997 10.92 0 0 11.817
47.23 0.7554 0.09082 9.719 0 0 10.5652
49.24 0.7085 0.09158 8.69 0 0 9.49008
50 0.6919 0.09184 8.341 0 0 9.12474
51.25 0.6658 0.09226 7.801 0 0 8.55906
53.26 0.6268 0.09286 7.03 0 0 7.74966
55.27 0.5911 0.09339 6.36 0 0 7.04449
57.28 0.5585 0.09386 5.774 0 0 6.42636
59.29 0.5286 0.09428 5.26 0 0 5.88288
60 0.5186 0.09442 5.094 0 0 5.70702
61.3 0.5011 0.09466 4.804 0 0 5.39976
63.31 0.4758 0.09499 4.4 0 0 4.97079
65.32 0.4524 0.09527 4.041 0 0 4.58867
67.33 0.4308 0.09553 3.721 0 0 4.24733
69.34 0.4108 0.09574 3.434 0 0 3.94054
71.35 0.3923 0.09593 3.177 0 0 3.66523
73.36 0.375 0.09608 2.945 0 0 3.41608
75.37 0.3589 0.09621 2.736 0 0 3.19111
77.38 0.3439 0.09631 2.547 0 0 2.98721
79.39 0.3298 0.09638 2.375 0 0 2.80118
80 0.3258 0.0964 2.326 0 0 2.7482
81.4 0.3167 0.09644 2.218 0 0 2.63114
83.41 0.3043 0.09647 2.075 0 0 2.47577
85.42 0.2927 0.09648 1.944 0 0 2.33318
87.43 0.2818 0.09648 1.825 0 0 2.20328
89.44 0.2715 0.09647 1.715 0 0 2.08297
91.45 0.2617 0.09644 1.614 0 0 1.97214
93.46 0.2525 0.0964 1.52 0 0 1.8689
95.47 0.2437 0.09635 1.434 0 0 1.77405
97.49 0.2354 0.09629 1.355 0 0 1.68669
98.4 0.2318 0.09627 1.321 0 0 1.64907
98.4 0.2318 0.09627 5.935 0 0 6.26307
99.5 0.2275 0.09623 5.818 0 0 6.14173
100 0.2256 0.09621 5.764 0 0 6.08581
101.5 0.22 0.09615 5.602 0 0 5.91815
103.5 0.2128 0.09607 5.386 0 0 5.69487
105.5 0.206 0.09597 5.172 0 0 5.47397
107.5 0.1995 0.09586 4.96 0 0 5.25536
109.5 0.1934 0.09575 4.752 0 0 5.04115
111.6 0.1874 0.09563 4.549 0 0 4.83203
113.6 0.1818 0.0955 4.353 0 0 4.6303
115.6 0.1764 0.09536 4.163 0 0 4.43476
117.6 0.1713 0.09522 3.981 0 0 4.24752
119.6 0.1663 0.09507 3.805 0 0 4.06637
121.6 0.1616 0.09492 3.638 0 0 3.89452
123.6 0.1571 0.09476 3.478 0 0 3.72986
125.6 0.1527 0.09459 3.326 0 0 3.57329
127.6 0.1486 0.09443 3.181 0 0 3.42403
129.6 0.1446 0.09426 3.044 0 0 3.28286
131.7 0.1407 0.09408 2.913 0 0 3.14778
133.7 0.137 0.09391 2.79 0 0 3.02091
135.7 0.1335 0.09373 2.673 0 0 2.90023
137.7 0.1301 0.09354 2.563 0 0 2.78664
139.7 0.1268 0.09336 2.459 0 0 2.67916
141.7 0.1237 0.09317 2.36 0 0 2.57687
143.7 0.1206 0.09298 2.268 0 0 2.48158
145.7 0.1177 0.09279 2.18 0 0 2.39049
147.7 0.1149 0.0926 2.098 0 0 2.3055
149.7 0.1122 0.09241 2.02 0 0 2.22461
150 0.1118 0.09239 2.01 0 0 2.21419
151.8 0.1095 0.09222 1.947 0 0 2.14872
153.8 0.107 0.09202 1.877 0 0 2.07602
155.8 0.1046 0.09183 1.812 0 0 2.00843
157.8 0.1022 0.09163 1.751 0 0 1.94483
159.8 0.09993 0.09143 1.692 0 0 1.88336
161.8 0.09773 0.09124 1.637 0 0 1.82597
163.8 0.0956 0.09104 1.584 0 0 1.77064
165.8 0.09354 0.09084 1.534 0 0 1.71838
167.8 0.09155 0.09064 1.486 0 0 1.66819
169.9 0.08962 0.09044 1.441 0 0 1.62106
171.9 0.08775 0.09024 1.397 0 0 1.57499
173.9 0.08594 0.09004 1.356 0 0 1.53198
175.9 0.08419 0.08984 1.316 0 0 1.49003
177.9 0.08249 0.08964 1.278 0 0 1.45013
179.9 0.08084 0.08944 1.242 0 0 1.41228
181.9 0.07924 0.08924 1.207 0 0 1.37548
183.9 0.07769 0.08904 1.173 0 0 1.33973
185.9 0.07619 0.08884 1.141 0 0 1.30603
187.9 0.07473 0.08864 1.11 0 0 1.27337
189.9 0.07331 0.08844 1.08 0 0 1.24175
192 0.07194 0.08824 1.052 0 0 1.21218
194 0.0706 0.08804 1.024 0 0 1.18264
196 0.0693 0.08785 0.9975 0 0 1.15465
198 0.06804 0.08765 0.9718 0 0 1.12749
200 0.06681 0.08745 0.9469 0 0 1.10116
300 0.03195 0.07847 0.3315 0 0 0.44192
400 0.01873 0.07142 0.1616 0 0 0.25175
500 0.01229 0.0658 0.09469 0 0 0.17278
600 0.008674 0.06125 0.06222 0 0 0.132144
800 0.00498 0.05414 0.03317 0 0 0.09229
1000 0.003228 0.04885 0.02095 0 0 0.073028
1022 0.003092 0.04836 0.02006 0 0 0.071512
1250 0.002085 0.04381 0.01354 0.0004006 0 0.0598356
1500 0.001457 0.03987 0.009637 0.001936 0 0.0529
2000 0.0008249 0.03407 0.005826 0.005769 0 0.0464899
2044 0.0007901 0.03366 0.005615 0.0061 0 0.0461651
3000 0.0003686 0.02685 0.003041 0.01237 9.38e-06 0.042639
4000 0.0002079 0.02241 0.001988 0.01759 3.822e-05 0.0422341
5000 0.0001332 0.01936 0.001456 0.02195 7.6e-05 0.0429752
6000 9.252e-05 0.01712 0.00114 0.02571 0.0001165 0.044179
7000 6.8e-05 0.01539 0.0009328 0.02902 0.0001567 0.0455675
8000 5.208e-05 0.014 0.0007874 0.03201 0.0001956 0.0470451
9000 4.115e-05 0.01287 0.0006803 0.03472 0.0002327 0.0485442
10000 3.334e-05 0.01193 0.0005981 0.03724 0.0002679 0.0500693
