   0.0000000e+00   0.0000000e+00
   1.6147184e-02   2.1037417e-01
   3.2294369e-02   7.8889729e-01
   4.8441553e-02   1.6510376e+00
   6.4588737e-02   2.7112703e+00
   8.0735922e-02   3.8902896e+00
   9.6883106e-02   5.1203627e+00
   1.1303029e-01   6.3483984e+00
   1.2917747e-01   7.5367828e+00
   1.4532466e-01   8.6623957e+00
   1.6147184e-01   9.7144084e+00
   1.7761903e-01   1.0691480e+01
   1.9376621e-01   1.1598875e+01
   2.0991340e-01   1.2445855e+01
   2.2606058e-01   1.3243558e+01
   2.4220777e-01   1.4003413e+01
   2.5835495e-01   1.4736083e+01
   2.7450213e-01   1.5450832e+01
   2.9064932e-01   1.6155244e+01
   3.0679650e-01   1.6855170e+01
   3.2294369e-01   1.7554836e+01
   3.3909087e-01   1.8257040e+01
   3.5523806e-01   1.8963382e+01
   3.7138524e-01   1.9674500e+01
   3.8753242e-01   2.0390301e+01
   4.0367961e-01   2.1110150e+01
   4.1982679e-01   2.1833045e+01
   4.3597398e-01   2.2557748e+01
   4.5212116e-01   2.3282896e+01
   4.6826835e-01   2.4007084e+01
   4.8441553e-01   2.4728923e+01
   5.0056272e-01   2.5447085e+01
   5.1670990e-01   2.6160334e+01
   5.3285708e-01   2.6867542e+01
   5.4900427e-01   2.7567698e+01
   5.6515145e-01   2.8259911e+01
   5.8129864e-01   2.8943414e+01
   5.9744582e-01   2.9617552e+01
   6.1359301e-01   3.0281780e+01
   6.2974019e-01   3.0935655e+01
   6.4588737e-01   3.1578825e+01
   6.6203456e-01   3.2211023e+01
   6.7818174e-01   3.2832057e+01
   6.9432893e-01   3.3441802e+01
   7.1047611e-01   3.4040193e+01
   7.2662330e-01   3.4627215e+01
   7.4277048e-01   3.5202898e+01
   7.5891767e-01   3.5767312e+01
   7.7506485e-01   3.6320558e+01
   7.9121203e-01   3.6862768e+01
   8.0735922e-01   3.7394094e+01
   8.2350640e-01   3.7914710e+01
   8.3965359e-01   3.8424805e+01
   8.5580077e-01   3.8924581e+01
   8.7194796e-01   3.9414249e+01
   8.8809514e-01   3.9894029e+01
   9.0424232e-01   4.0364147e+01
   9.2038951e-01   4.0824831e+01
   9.3653669e-01   4.1276313e+01
   9.5268388e-01   4.1718824e+01
   9.6883106e-01   4.2152596e+01
   9.8497825e-01   4.2577859e+01
   1.0011254e+00   4.2994843e+01
   1.0172726e+00   4.3403773e+01
   1.0334198e+00   4.3804871e+01
   1.0495670e+00   4.4198355e+01
   1.0657142e+00   4.4584441e+01
   1.0818614e+00   4.4963339e+01
   1.0980085e+00   4.5335253e+01
   1.1141557e+00   4.5700385e+01
   1.1303029e+00   4.6058929e+01
   1.1464501e+00   4.6411076e+01
   1.1625973e+00   4.6757012e+01
   1.1787445e+00   4.7096916e+01
   1.1948916e+00   4.7430964e+01
   1.2110388e+00   4.7759324e+01
   1.2271860e+00   4.8082163e+01
   1.2433332e+00   4.8399640e+01
   1.2594804e+00   4.8711909e+01
   1.2756276e+00   4.9019121e+01
   1.2917747e+00   4.9321421e+01
   1.3079219e+00   4.9618949e+01
   1.3240691e+00   4.9911843e+01
   1.3402163e+00   5.0200232e+01
   1.3563635e+00   5.0484245e+01
   1.3725107e+00   5.0764006e+01
   1.3886579e+00   5.1039632e+01
   1.4048050e+00   5.1311240e+01
   1.4209522e+00   5.1578941e+01
   1.4370994e+00   5.1842842e+01
   1.4532466e+00   5.2103047e+01
   1.4693938e+00   5.2359658e+01
   1.4855410e+00   5.2612771e+01
   1.5016881e+00   5.2862481e+01
   1.5178353e+00   5.3108877e+01
   1.5339825e+00   5.3352048e+01
   1.5501297e+00   5.3592080e+01
   1.5662769e+00   5.3829052e+01
   1.5824241e+00   5.4063046e+01
   1.5985713e+00   5.4294137e+01
   1.6147184e+00   5.4522400e+01
   1.6308656e+00   5.4747906e+01
   1.6470128e+00   5.4970724e+01
   1.6631600e+00   5.5190921e+01
   1.6793072e+00   5.5408562e+01
   1.6954544e+00   5.5623709e+01
   1.7116015e+00   5.5836422e+01
   1.7277487e+00   5.6046761e+01
   1.7438959e+00   5.6254781e+01
   1.7600431e+00   5.6460538e+01
   1.7761903e+00   5.6664083e+01
   1.7923375e+00   5.6865469e+01
   1.8084846e+00   5.7064744e+01
   1.8246318e+00   5.7261957e+01
   1.8407790e+00   5.7457153e+01
   1.8569262e+00   5.7650378e+01
   1.8730734e+00   5.7841675e+01
   1.8892206e+00   5.8031085e+01
   1.9053678e+00   5.8218650e+01
   1.9215149e+00   5.8404409e+01
   1.9376621e+00   5.8588399e+01
   1.9538093e+00   5.8770658e+01
   1.9699565e+00   5.8951221e+01
   1.9861037e+00   5.9130123e+01
   2.0022509e+00   5.9307397e+01
   2.0183980e+00   5.9483075e+01
   2.0345452e+00   5.9657190e+01
   2.0506924e+00   5.9829771e+01
   2.0668396e+00   6.0000848e+01
   2.0829868e+00   6.0170450e+01
   2.0991340e+00   6.0338603e+01
   2.1152812e+00   6.0505336e+01
   2.1314283e+00   6.0670673e+01
   2.1475755e+00   6.0834640e+01
   2.1637227e+00   6.0997263e+01
   2.1798699e+00   6.1158563e+01
   2.1960171e+00   6.1318565e+01
   2.2121643e+00   6.1477290e+01
   2.2283114e+00   6.1634760e+01
   2.2444586e+00   6.1790997e+01
   2.2606058e+00   6.1946020e+01
   2.2767530e+00   6.2099850e+01
   2.2929002e+00   6.2252505e+01
   2.3090474e+00   6.2404004e+01
   2.3251945e+00   6.2554365e+01
   2.3413417e+00   6.2703606e+01
   2.3574889e+00   6.2851744e+01
   2.3736361e+00   6.2998795e+01
   2.3897833e+00   6.3144775e+01
   2.4059305e+00   6.3289701e+01
   2.4220777e+00   6.3433586e+01
   2.4382248e+00   6.3576447e+01
   2.4543720e+00   6.3718296e+01
   2.4705192e+00   6.3859149e+01
   2.4866664e+00   6.3999019e+01
   2.5028136e+00   6.4137918e+01
   2.5189608e+00   6.4275860e+01
   2.5351079e+00   6.4412858e+01
   2.5512551e+00   6.4548922e+01
   2.5674023e+00   6.4684066e+01
   2.5835495e+00   6.4818300e+01
   2.5996967e+00   6.4951636e+01
   2.6158439e+00   6.5084084e+01
   2.6319911e+00   6.5215656e+01
   2.6481382e+00   6.5346360e+01
   2.6642854e+00   6.5476209e+01
   2.6804326e+00   6.5605210e+01
   2.6965798e+00   6.5733374e+01
   2.7127270e+00   6.5860711e+01
   2.7288742e+00   6.5987228e+01
   2.7450213e+00   6.6112935e+01
   2.7611685e+00   6.6237841e+01
   2.7773157e+00   6.6361954e+01
   2.7934629e+00   6.6485281e+01
   2.8096101e+00   6.6607832e+01
   2.8257573e+00   6.6729613e+01
   2.8419044e+00   6.6850633e+01
   2.8580516e+00   6.6970899e+01
   2.8741988e+00   6.7090418e+01
   2.8903460e+00   6.7209196e+01
   2.9064932e+00   6.7327242e+01
   2.9226404e+00   6.7444562e+01
   2.9387876e+00   6.7561162e+01
   2.9549347e+00   6.7677049e+01
   2.9710819e+00   6.7792229e+01
   2.9872291e+00   6.7906708e+01
   3.0033763e+00   6.8020492e+01
   3.0195235e+00   6.8133588e+01
   3.0356707e+00   6.8246001e+01
   3.0518178e+00   6.8357736e+01
   3.0679650e+00   6.8468800e+01
   3.0841122e+00   6.8579197e+01
   3.1002594e+00   6.8688933e+01
   3.1164066e+00   6.8798013e+01
   3.1325538e+00   6.8906443e+01
   3.1487010e+00   6.9014226e+01
   3.1648481e+00   6.9121369e+01
   3.1809953e+00   6.9227875e+01
   3.1971425e+00   6.9333750e+01
   3.2132897e+00   6.9438999e+01
   3.2294369e+00   6.9543625e+01
   3.2455841e+00   6.9647633e+01
   3.2617312e+00   6.9751028e+01
   3.2778784e+00   6.9853814e+01
   3.2940256e+00   6.9955995e+01
   3.3101728e+00   7.0057576e+01
   3.3263200e+00   7.0158560e+01
   3.3424672e+00   7.0258951e+01
   3.3586143e+00   7.0358753e+01
   3.3747615e+00   7.0457971e+01
   3.3909087e+00   7.0556608e+01
   3.4070559e+00   7.0654668e+01
   3.4232031e+00   7.0752154e+01
   3.4393503e+00   7.0849071e+01
   3.4554975e+00   7.0945421e+01
   3.4716446e+00   7.1041209e+01
   3.4877918e+00   7.1136437e+01
   3.5039390e+00   7.1231110e+01
   3.5200862e+00   7.1325231e+01
   3.5362334e+00   7.1418802e+01
   3.5523806e+00   7.1511828e+01
   3.5685277e+00   7.1604312e+01
   3.5846749e+00   7.1696256e+01
   3.6008221e+00   7.1787665e+01
   3.6169693e+00   7.1878541e+01
   3.6331165e+00   7.1968887e+01
   3.6492637e+00   7.2058706e+01
   3.6654109e+00   7.2148002e+01
   3.6815580e+00   7.2236777e+01
   3.6977052e+00   7.2325034e+01
   3.7138524e+00   7.2412777e+01
   3.7299996e+00   7.2500008e+01
   3.7461468e+00   7.2586731e+01
   3.7622940e+00   7.2672947e+01
   3.7784411e+00   7.2758660e+01
   3.7945883e+00   7.2843872e+01
   3.8107355e+00   7.2928587e+01
   3.8268827e+00   7.3012806e+01
   3.8430299e+00   7.3096534e+01
   3.8591771e+00   7.3179772e+01
   3.8753242e+00   7.3262522e+01
   3.8914714e+00   7.3344789e+01
   3.9076186e+00   7.3426574e+01
   3.9237658e+00   7.3507880e+01
   3.9399130e+00   7.3588709e+01
   3.9560602e+00   7.3669065e+01
   3.9722074e+00   7.3748949e+01
   3.9883545e+00   7.3828364e+01
   4.0045017e+00   7.3907313e+01
   4.0206489e+00   7.3985798e+01
   4.0367961e+00   7.4063821e+01
   4.0529433e+00   7.4141385e+01
   4.0690905e+00   7.4218493e+01
   4.0852376e+00   7.4295146e+01
   4.1013848e+00   7.4371348e+01
   4.1175320e+00   7.4447100e+01
   4.1336792e+00   7.4522405e+01
   4.1498264e+00   7.4597266e+01
   4.1659736e+00   7.4671684e+01
   4.1821208e+00   7.4745662e+01
   4.1982679e+00   7.4819202e+01
   4.2144151e+00   7.4892306e+01
   4.2305623e+00   7.4964978e+01
   4.2467095e+00   7.5037218e+01
   4.2628567e+00   7.5109030e+01
   4.2790039e+00   7.5180415e+01
   4.2951510e+00   7.5251376e+01
   4.3112982e+00   7.5321915e+01
   4.3274454e+00   7.5392035e+01
   4.3435926e+00   7.5461736e+01
   4.3597398e+00   7.5531022e+01
   4.3758870e+00   7.5599895e+01
   4.3920341e+00   7.5668357e+01
   4.4081813e+00   7.5736410e+01
   4.4243285e+00   7.5804056e+01
   4.4404757e+00   7.5871297e+01
   4.4566229e+00   7.5938136e+01
   4.4727701e+00   7.6004574e+01
   4.4889173e+00   7.6070614e+01
   4.5050644e+00   7.6136258e+01
   4.5212116e+00   7.6201507e+01
   4.5373588e+00   7.6266364e+01
   4.5535060e+00   7.6330832e+01
   4.5696532e+00   7.6394911e+01
   4.5858004e+00   7.6458604e+01
   4.6019475e+00   7.6521914e+01
   4.6180947e+00   7.6584841e+01
   4.6342419e+00   7.6647389e+01
   4.6503891e+00   7.6709559e+01
   4.6665363e+00   7.6771353e+01
   4.6826835e+00   7.6832774e+01
   4.6988307e+00   7.6893822e+01
   4.7149778e+00   7.6954501e+01
   4.7311250e+00   7.7014811e+01
   4.7472722e+00   7.7074756e+01
   4.7634194e+00   7.7134337e+01
   4.7795666e+00   7.7193556e+01
   4.7957138e+00   7.7252415e+01
   4.8118609e+00   7.7310915e+01
   4.8280081e+00   7.7369060e+01
   4.8441553e+00   7.7426850e+01
   4.8603025e+00   7.7484288e+01
   4.8764497e+00   7.7541375e+01
   4.8925969e+00   7.7598114e+01
   4.9087440e+00   7.7654506e+01
   4.9248912e+00   7.7710554e+01
   4.9410384e+00   7.7766258e+01
   4.9571856e+00   7.7821622e+01
   4.9733328e+00   7.7876646e+01
   4.9894800e+00   7.7931333e+01
   5.0056272e+00   7.7985685e+01
   5.0217743e+00   7.8039703e+01
   5.0379215e+00   7.8093389e+01
   5.0540687e+00   7.8146745e+01
   5.0702159e+00   7.8199774e+01
   5.0863631e+00   7.8252476e+01
   5.1025103e+00   7.8304853e+01
   5.1186574e+00   7.8356908e+01
   5.1348046e+00   7.8408642e+01
   5.1509518e+00   7.8460057e+01
   5.1670990e+00   7.8511154e+01
   5.1832462e+00   7.8561936e+01
   5.1993934e+00   7.8612404e+01
   5.2155406e+00   7.8662560e+01
   5.2316877e+00   7.8712406e+01
   5.2478349e+00   7.8761944e+01
   5.2639821e+00   7.8811174e+01
   5.2801293e+00   7.8860100e+01
   5.2962765e+00   7.8908722e+01
   5.3124237e+00   7.8957043e+01
   5.3285708e+00   7.9005064e+01
   5.3447180e+00   7.9052786e+01
   5.3608652e+00   7.9100213e+01
   5.3770124e+00   7.9147344e+01
   5.3931596e+00   7.9194183e+01
   5.4093068e+00   7.9240730e+01
   5.4254539e+00   7.9286987e+01
   5.4416011e+00   7.9332956e+01
   5.4577483e+00   7.9378639e+01
   5.4738955e+00   7.9424037e+01
   5.4900427e+00   7.9469152e+01
   5.5061899e+00   7.9513986e+01
   5.5223371e+00   7.9558539e+01
   5.5384842e+00   7.9602815e+01
   5.5546314e+00   7.9646814e+01
   5.5707786e+00   7.9690538e+01
   5.5869258e+00   7.9733989e+01
   5.6030730e+00   7.9777168e+01
   5.6192202e+00   7.9820076e+01
   5.6353673e+00   7.9862717e+01
   5.6515145e+00   7.9905090e+01
   5.6676617e+00   7.9947197e+01
   5.6838089e+00   7.9989041e+01
   5.6999561e+00   8.0030623e+01
   5.7161033e+00   8.0071944e+01
   5.7322505e+00   8.0113006e+01
   5.7483976e+00   8.0153810e+01
   5.7645448e+00   8.0194357e+01
   5.7806920e+00   8.0234651e+01
   5.7968392e+00   8.0274691e+01
   5.8129864e+00   8.0314479e+01
   5.8291336e+00   8.0354018e+01
   5.8452807e+00   8.0393308e+01
   5.8614279e+00   8.0432351e+01
   5.8775751e+00   8.0471148e+01
   5.8937223e+00   8.0509701e+01
   5.9098695e+00   8.0548012e+01
   5.9260167e+00   8.0586081e+01
   5.9421638e+00   8.0623911e+01
   5.9583110e+00   8.0661502e+01
   5.9744582e+00   8.0698857e+01
   5.9906054e+00   8.0735976e+01
   6.0067526e+00   8.0772861e+01
   6.0228998e+00   8.0809513e+01
   6.0390470e+00   8.0845935e+01
   6.0551941e+00   8.0882127e+01
   6.0713413e+00   8.0918090e+01
   6.0874885e+00   8.0953827e+01
   6.1036357e+00   8.0989338e+01
   6.1197829e+00   8.1024624e+01
   6.1359301e+00   8.1059689e+01
   6.1520772e+00   8.1094531e+01
   6.1682244e+00   8.1129154e+01
   6.1843716e+00   8.1163558e+01
   6.2005188e+00   8.1197744e+01
   6.2166660e+00   8.1231715e+01
   6.2328132e+00   8.1265471e+01
   6.2489603e+00   8.1299014e+01
   6.2651075e+00   8.1332344e+01
   6.2812547e+00   8.1365464e+01
   6.2974019e+00   8.1398375e+01
   6.3135491e+00   8.1431078e+01
   6.3296963e+00   8.1463573e+01
   6.3458435e+00   8.1495864e+01
   6.3619906e+00   8.1527950e+01
   6.3781378e+00   8.1559833e+01
   6.3942850e+00   8.1591514e+01
   6.4104322e+00   8.1622995e+01
   6.4265794e+00   8.1654277e+01
   6.4427266e+00   8.1685361e+01
   6.4588737e+00   8.1716248e+01
   6.4750209e+00   8.1746940e+01
   6.4911681e+00   8.1777438e+01
   6.5073153e+00   8.1807743e+01
   6.5234625e+00   8.1837856e+01
   6.5396097e+00   8.1867778e+01
   6.5557569e+00   8.1897512e+01
   6.5719040e+00   8.1927057e+01
   6.5880512e+00   8.1956415e+01
   6.6041984e+00   8.1985587e+01
   6.6203456e+00   8.2014575e+01
   6.6364928e+00   8.2043379e+01
   6.6526400e+00   8.2072001e+01
   6.6687871e+00   8.2100442e+01
   6.6849343e+00   8.2128703e+01
   6.7010815e+00   8.2156785e+01
   6.7172287e+00   8.2184690e+01
   6.7333759e+00   8.2212418e+01
   6.7495231e+00   8.2239971e+01
   6.7656702e+00   8.2267349e+01
   6.7818174e+00   8.2294555e+01
   6.7979646e+00   8.2321588e+01
   6.8141118e+00   8.2348450e+01
   6.8302590e+00   8.2375142e+01
   6.8464062e+00   8.2401666e+01
   6.8625534e+00   8.2428022e+01
   6.8787005e+00   8.2454211e+01
   6.8948477e+00   8.2480235e+01
   6.9109949e+00   8.2506095e+01
   6.9271421e+00   8.2531790e+01
   6.9432893e+00   8.2557324e+01
   6.9594365e+00   8.2582696e+01
   6.9755836e+00   8.2607908e+01
   6.9917308e+00   8.2632961e+01
   7.0078780e+00   8.2657856e+01
   7.0240252e+00   8.2682593e+01
   7.0401724e+00   8.2707174e+01
   7.0563196e+00   8.2731600e+01
   7.0724668e+00   8.2755872e+01
   7.0886139e+00   8.2779991e+01
   7.1047611e+00   8.2803957e+01
   7.1209083e+00   8.2827773e+01
   7.1370555e+00   8.2851438e+01
   7.1532027e+00   8.2874954e+01
   7.1693499e+00   8.2898322e+01
   7.1854970e+00   8.2921542e+01
   7.2016442e+00   8.2944616e+01
   7.2177914e+00   8.2967545e+01
   7.2339386e+00   8.2990329e+01
   7.2500858e+00   8.3012970e+01
   7.2662330e+00   8.3035468e+01
   7.2823801e+00   8.3057825e+01
   7.2985273e+00   8.3080041e+01
   7.3146745e+00   8.3102117e+01
   7.3308217e+00   8.3124054e+01
   7.3469689e+00   8.3145853e+01
   7.3631161e+00   8.3167516e+01
   7.3792633e+00   8.3189042e+01
   7.3954104e+00   8.3210432e+01
   7.4115576e+00   8.3231689e+01
   7.4277048e+00   8.3252811e+01
   7.4438520e+00   8.3273802e+01
   7.4599992e+00   8.3294660e+01
   7.4761464e+00   8.3315388e+01
   7.4922935e+00   8.3335985e+01
   7.5084407e+00   8.3356453e+01
   7.5245879e+00   8.3376793e+01
   7.5407351e+00   8.3397006e+01
   7.5568823e+00   8.3417091e+01
   7.5730295e+00   8.3437051e+01
   7.5891767e+00   8.3456886e+01
   7.6053238e+00   8.3476597e+01
   7.6214710e+00   8.3496184e+01
   7.6376182e+00   8.3515649e+01
   7.6537654e+00   8.3534992e+01
   7.6699126e+00   8.3554214e+01
   7.6860598e+00   8.3573316e+01
   7.7022069e+00   8.3592298e+01
   7.7183541e+00   8.3611162e+01
   7.7345013e+00   8.3629908e+01
   7.7506485e+00   8.3648537e+01
   7.7667957e+00   8.3667050e+01
   7.7829429e+00   8.3685447e+01
   7.7990900e+00   8.3703730e+01
   7.8152372e+00   8.3721898e+01
   7.8313844e+00   8.3739953e+01
   7.8475316e+00   8.3757896e+01
   7.8636788e+00   8.3775727e+01
   7.8798260e+00   8.3793448e+01
   7.8959732e+00   8.3811057e+01
   7.9121203e+00   8.3828558e+01
   7.9282675e+00   8.3845949e+01
   7.9444147e+00   8.3863233e+01
   7.9605619e+00   8.3880409e+01
   7.9767091e+00   8.3897478e+01
   7.9928563e+00   8.3914441e+01
   8.0090034e+00   8.3931299e+01
   8.0251506e+00   8.3948053e+01
   8.0412978e+00   8.3964703e+01
   8.0574450e+00   8.3981249e+01
   8.0735922e+00   8.3997693e+01
   8.0897394e+00   8.4014035e+01
   8.1058866e+00   8.4030276e+01
   8.1220337e+00   8.4046416e+01
   8.1381809e+00   8.4062457e+01
   8.1543281e+00   8.4078398e+01
   8.1704753e+00   8.4094241e+01
   8.1866225e+00   8.4109986e+01
   8.2027697e+00   8.4125634e+01
   8.2189168e+00   8.4141185e+01
   8.2350640e+00   8.4156640e+01
   8.2512112e+00   8.4172000e+01
   8.2673584e+00   8.4187265e+01
   8.2835056e+00   8.4202437e+01
   8.2996528e+00   8.4217514e+01
   8.3157999e+00   8.4232499e+01
   8.3319471e+00   8.4247392e+01
   8.3480943e+00   8.4262193e+01
   8.3642415e+00   8.4276904e+01
   8.3803887e+00   8.4291523e+01
   8.3965359e+00   8.4306053e+01
   8.4126831e+00   8.4320494e+01
   8.4288302e+00   8.4334847e+01
   8.4449774e+00   8.4349111e+01
   8.4611246e+00   8.4363288e+01
   8.4772718e+00   8.4377378e+01
   8.4934190e+00   8.4391381e+01
   8.5095662e+00   8.4405299e+01
   8.5257133e+00   8.4419132e+01
   8.5418605e+00   8.4432880e+01
   8.5580077e+00   8.4446545e+01
   8.5741549e+00   8.4460125e+01
   8.5903021e+00   8.4473623e+01
   8.6064493e+00   8.4487039e+01
   8.6225965e+00   8.4500372e+01
   8.6387436e+00   8.4513625e+01
   8.6548908e+00   8.4526796e+01
   8.6710380e+00   8.4539888e+01
   8.6871852e+00   8.4552900e+01
   8.7033324e+00   8.4565832e+01
   8.7194796e+00   8.4578686e+01
   8.7356267e+00   8.4591462e+01
   8.7517739e+00   8.4604160e+01
   8.7679211e+00   8.4616781e+01
   8.7840683e+00   8.4629326e+01
   8.8002155e+00   8.4641795e+01
   8.8163627e+00   8.4654187e+01
   8.8325098e+00   8.4666505e+01
   8.8486570e+00   8.4678749e+01
   8.8648042e+00   8.4690918e+01
   8.8809514e+00   8.4703013e+01
   8.8970986e+00   8.4715036e+01
   8.9132458e+00   8.4726986e+01
   8.9293930e+00   8.4738864e+01
   8.9455401e+00   8.4750670e+01
   8.9616873e+00   8.4762405e+01
   8.9778345e+00   8.4774069e+01
   8.9939817e+00   8.4785662e+01
   9.0101289e+00   8.4797187e+01
   9.0262761e+00   8.4808641e+01
   9.0424232e+00   8.4820027e+01
   9.0585704e+00   8.4831344e+01
   9.0747176e+00   8.4842594e+01
   9.0908648e+00   8.4853776e+01
   9.1070120e+00   8.4864890e+01
   9.1231592e+00   8.4875938e+01
   9.1393064e+00   8.4886920e+01
   9.1554535e+00   8.4897836e+01
   9.1716007e+00   8.4908687e+01
   9.1877479e+00   8.4919473e+01
   9.2038951e+00   8.4930194e+01
   9.2200423e+00   8.4940852e+01
   9.2361895e+00   8.4951445e+01
   9.2523366e+00   8.4961976e+01
   9.2684838e+00   8.4972443e+01
   9.2846310e+00   8.4982848e+01
   9.3007782e+00   8.4993191e+01
   9.3169254e+00   8.5003473e+01
   9.3330726e+00   8.5013693e+01
   9.3492197e+00   8.5023853e+01
   9.3653669e+00   8.5033952e+01
   9.3815141e+00   8.5043991e+01
   9.3976613e+00   8.5053971e+01
   9.4138085e+00   8.5063891e+01
   9.4299557e+00   8.5073753e+01
   9.4461029e+00   8.5083556e+01
   9.4622500e+00   8.5093301e+01
   9.4783972e+00   8.5102989e+01
   9.4945444e+00   8.5112619e+01
   9.5106916e+00   8.5122192e+01
   9.5268388e+00   8.5131709e+01
   9.5429860e+00   8.5141169e+01
   9.5591331e+00   8.5150574e+01
   9.5752803e+00   8.5159923e+01
   9.5914275e+00   8.5169217e+01
   9.6075747e+00   8.5178456e+01
   9.6237219e+00   8.5187641e+01
   9.6398691e+00   8.5196772e+01
   9.6560163e+00   8.5205849e+01
   9.6721634e+00   8.5214873e+01
   9.6883106e+00   8.5223844e+01
   9.7044578e+00   8.5232763e+01
   9.7206050e+00   8.5241629e+01
   9.7367522e+00   8.5250443e+01
   9.7528994e+00   8.5259205e+01
   9.7690465e+00   8.5267916e+01
   9.7851937e+00   8.5276577e+01
   9.8013409e+00   8.5285186e+01
   9.8174881e+00   8.5293746e+01
   9.8336353e+00   8.5302255e+01
   9.8497825e+00   8.5310715e+01
   9.8659296e+00   8.5319125e+01
   9.8820768e+00   8.5327487e+01
   9.8982240e+00   8.5335800e+01
   9.9143712e+00   8.5344064e+01
   9.9305184e+00   8.5352280e+01
   9.9466656e+00   8.5360449e+01
   9.9628128e+00   8.5368570e+01
   9.9789599e+00   8.5376644e+01
   9.9951071e+00   8.5384672e+01
   1.0011254e+01   8.5392652e+01
   1.0027401e+01   8.5400587e+01
   1.0043549e+01   8.5408475e+01
   1.0059696e+01   8.5416318e+01
   1.0075843e+01   8.5424116e+01
   1.0091990e+01   8.5431869e+01
   1.0108137e+01   8.5439577e+01
   1.0124285e+01   8.5447240e+01
   1.0140432e+01   8.5454859e+01
   1.0156579e+01   8.5462435e+01
   1.0172726e+01   8.5469966e+01
   1.0188873e+01   8.5477455e+01
   1.0205021e+01   8.5484900e+01
   1.0221168e+01   8.5492303e+01
   1.0237315e+01   8.5499663e+01
   1.0253462e+01   8.5506981e+01
   1.0269609e+01   8.5514257e+01
   1.0285756e+01   8.5521491e+01
   1.0301904e+01   8.5528684e+01
   1.0318051e+01   8.5535836e+01
   1.0334198e+01   8.5542947e+01
   1.0350345e+01   8.5550017e+01
   1.0366492e+01   8.5557047e+01
   1.0382640e+01   8.5564036e+01
   1.0398787e+01   8.5570986e+01
   1.0414934e+01   8.5577897e+01
   1.0431081e+01   8.5584767e+01
   1.0447228e+01   8.5591599e+01
   1.0463375e+01   8.5598392e+01
   1.0479523e+01   8.5605147e+01
   1.0495670e+01   8.5611863e+01
   1.0511817e+01   8.5618541e+01
   1.0527964e+01   8.5625181e+01
   1.0544111e+01   8.5631783e+01
   1.0560259e+01   8.5638348e+01
   1.0576406e+01   8.5644876e+01
   1.0592553e+01   8.5651367e+01
   1.0608700e+01   8.5657822e+01
   1.0624847e+01   8.5664240e+01
   1.0640994e+01   8.5670621e+01
   1.0657142e+01   8.5676967e+01
   1.0673289e+01   8.5683277e+01
   1.0689436e+01   8.5689551e+01
   1.0705583e+01   8.5695790e+01
   1.0721730e+01   8.5701995e+01
   1.0737878e+01   8.5708164e+01
   1.0754025e+01   8.5714298e+01
   1.0770172e+01   8.5720398e+01
   1.0786319e+01   8.5726464e+01
   1.0802466e+01   8.5732496e+01
   1.0818614e+01   8.5738495e+01
   1.0834761e+01   8.5744459e+01
   1.0850908e+01   8.5750390e+01
   1.0867055e+01   8.5756289e+01
   1.0883202e+01   8.5762154e+01
   1.0899349e+01   8.5767986e+01
   1.0915497e+01   8.5773786e+01
   1.0931644e+01   8.5779554e+01
   1.0947791e+01   8.5785290e+01
   1.0963938e+01   8.5790993e+01
   1.0980085e+01   8.5796665e+01
   1.0996233e+01   8.5802306e+01
   1.1012380e+01   8.5807915e+01
   1.1028527e+01   8.5813493e+01
   1.1044674e+01   8.5819040e+01
   1.1060821e+01   8.5824557e+01
   1.1076968e+01   8.5830042e+01
   1.1093116e+01   8.5835498e+01
   1.1109263e+01   8.5840923e+01
   1.1125410e+01   8.5846319e+01
   1.1141557e+01   8.5851684e+01
   1.1157704e+01   8.5857021e+01
   1.1173852e+01   8.5862327e+01
   1.1189999e+01   8.5867605e+01
   1.1206146e+01   8.5872853e+01
   1.1222293e+01   8.5878073e+01
   1.1238440e+01   8.5883263e+01
   1.1254588e+01   8.5888426e+01
   1.1270735e+01   8.5893560e+01
   1.1286882e+01   8.5898666e+01
   1.1303029e+01   8.5903744e+01
   1.1319176e+01   8.5908794e+01
   1.1335323e+01   8.5913816e+01
   1.1351471e+01   8.5918811e+01
   1.1367618e+01   8.5923779e+01
   1.1383765e+01   8.5928720e+01
   1.1399912e+01   8.5933633e+01
   1.1416059e+01   8.5938520e+01
   1.1432207e+01   8.5943381e+01
   1.1448354e+01   8.5948214e+01
   1.1464501e+01   8.5953022e+01
   1.1480648e+01   8.5957803e+01
   1.1496795e+01   8.5962559e+01
   1.1512942e+01   8.5967289e+01
   1.1529090e+01   8.5971993e+01
   1.1545237e+01   8.5976671e+01
   1.1561384e+01   8.5981324e+01
   1.1577531e+01   8.5985952e+01
   1.1593678e+01   8.5990555e+01
   1.1609826e+01   8.5995133e+01
   1.1625973e+01   8.5999687e+01
   1.1642120e+01   8.6004216e+01
   1.1658267e+01   8.6008720e+01
   1.1674414e+01   8.6013200e+01
   1.1690561e+01   8.6017656e+01
   1.1706709e+01   8.6022088e+01
   1.1722856e+01   8.6026497e+01
   1.1739003e+01   8.6030881e+01
   1.1755150e+01   8.6035242e+01
   1.1771297e+01   8.6039580e+01
   1.1787445e+01   8.6043894e+01
   1.1803592e+01   8.6048186e+01
   1.1819739e+01   8.6052454e+01
   1.1835886e+01   8.6056700e+01
   1.1852033e+01   8.6060923e+01
   1.1868181e+01   8.6065123e+01
   1.1884328e+01   8.6069301e+01
   1.1900475e+01   8.6073456e+01
   1.1916622e+01   8.6077590e+01
   1.1932769e+01   8.6081702e+01
   1.1948916e+01   8.6085791e+01
   1.1965064e+01   8.6089859e+01
   1.1981211e+01   8.6093905e+01
   1.1997358e+01   8.6097930e+01
   1.2013505e+01   8.6101934e+01
   1.2029652e+01   8.6105916e+01
   1.2045800e+01   8.6109877e+01
   1.2061947e+01   8.6113817e+01
   1.2078094e+01   8.6117737e+01
   1.2094241e+01   8.6121636e+01
   1.2110388e+01   8.6125514e+01
   1.2126535e+01   8.6129371e+01
   1.2142683e+01   8.6133209e+01
   1.2158830e+01   8.6137026e+01
   1.2174977e+01   8.6140823e+01
   1.2191124e+01   8.6144600e+01
   1.2207271e+01   8.6148357e+01
   1.2223419e+01   8.6152095e+01
   1.2239566e+01   8.6155812e+01
   1.2255713e+01   8.6159511e+01
   1.2271860e+01   8.6163190e+01
   1.2288007e+01   8.6166850e+01
   1.2304154e+01   8.6170490e+01
   1.2320302e+01   8.6174112e+01
   1.2336449e+01   8.6177714e+01
   1.2352596e+01   8.6181298e+01
   1.2368743e+01   8.6184863e+01
   1.2384890e+01   8.6188410e+01
   1.2401038e+01   8.6191938e+01
   1.2417185e+01   8.6195448e+01
   1.2433332e+01   8.6198939e+01
   1.2449479e+01   8.6202413e+01
   1.2465626e+01   8.6205868e+01
   1.2481774e+01   8.6209305e+01
   1.2497921e+01   8.6212725e+01
   1.2514068e+01   8.6216127e+01
   1.2530215e+01   8.6219511e+01
   1.2546362e+01   8.6222878e+01
   1.2562509e+01   8.6226227e+01
   1.2578657e+01   8.6229559e+01
   1.2594804e+01   8.6232874e+01
   1.2610951e+01   8.6236172e+01
   1.2627098e+01   8.6239452e+01
   1.2643245e+01   8.6242716e+01
   1.2659393e+01   8.6245963e+01
   1.2675540e+01   8.6249194e+01
   1.2691687e+01   8.6252407e+01
   1.2707834e+01   8.6255605e+01
   1.2723981e+01   8.6258786e+01
   1.2740128e+01   8.6261950e+01
   1.2756276e+01   8.6265099e+01
   1.2772423e+01   8.6268231e+01
   1.2788570e+01   8.6271347e+01
   1.2804717e+01   8.6274447e+01
   1.2820864e+01   8.6277532e+01
   1.2837012e+01   8.6280601e+01
   1.2853159e+01   8.6283654e+01
   1.2869306e+01   8.6286691e+01
   1.2885453e+01   8.6289713e+01
   1.2901600e+01   8.6292720e+01
   1.2917747e+01   8.6295711e+01
   1.2933895e+01   8.6298688e+01
   1.2950042e+01   8.6301649e+01
   1.2966189e+01   8.6304595e+01
   1.2982336e+01   8.6307526e+01
   1.2998483e+01   8.6310442e+01
   1.3014631e+01   8.6313344e+01
   1.3030778e+01   8.6316231e+01
   1.3046925e+01   8.6319103e+01
   1.3063072e+01   8.6321961e+01
   1.3079219e+01   8.6324804e+01
   1.3095367e+01   8.6327634e+01
   1.3111514e+01   8.6330448e+01
   1.3127661e+01   8.6333249e+01
   1.3143808e+01   8.6336036e+01
   1.3159955e+01   8.6338808e+01
   1.3176102e+01   8.6341567e+01
   1.3192250e+01   8.6344312e+01
   1.3208397e+01   8.6347043e+01
   1.3224544e+01   8.6349760e+01
   1.3240691e+01   8.6352464e+01
   1.3256838e+01   8.6355154e+01
   1.3272986e+01   8.6357831e+01
   1.3289133e+01   8.6360494e+01
   1.3305280e+01   8.6363144e+01
   1.3321427e+01   8.6365781e+01
   1.3337574e+01   8.6368405e+01
   1.3353721e+01   8.6371016e+01
   1.3369869e+01   8.6373613e+01
   1.3386016e+01   8.6376198e+01
   1.3402163e+01   8.6378770e+01
   1.3418310e+01   8.6381329e+01
   1.3434457e+01   8.6383876e+01
   1.3450605e+01   8.6386410e+01
   1.3466752e+01   8.6388931e+01
   1.3482899e+01   8.6391440e+01
   1.3499046e+01   8.6393936e+01
   1.3515193e+01   8.6396420e+01
   1.3531340e+01   8.6398892e+01
   1.3547488e+01   8.6401352e+01
   1.3563635e+01   8.6403799e+01
   1.3579782e+01   8.6406235e+01
   1.3595929e+01   8.6408658e+01
   1.3612076e+01   8.6411070e+01
   1.3628224e+01   8.6413469e+01
   1.3644371e+01   8.6415857e+01
   1.3660518e+01   8.6418233e+01
   1.3676665e+01   8.6420598e+01
   1.3692812e+01   8.6422951e+01
   1.3708960e+01   8.6425292e+01
   1.3725107e+01   8.6427622e+01
   1.3741254e+01   8.6429941e+01
   1.3757401e+01   8.6432248e+01
   1.3773548e+01   8.6434544e+01
   1.3789695e+01   8.6436828e+01
   1.3805843e+01   8.6439102e+01
   1.3821990e+01   8.6441365e+01
   1.3838137e+01   8.6443616e+01
   1.3854284e+01   8.6445857e+01
   1.3870431e+01   8.6448086e+01
   1.3886579e+01   8.6450305e+01
   1.3902726e+01   8.6452513e+01
   1.3918873e+01   8.6454711e+01
   1.3935020e+01   8.6456897e+01
   1.3951167e+01   8.6459074e+01
   1.3967314e+01   8.6461239e+01
   1.3983462e+01   8.6463394e+01
   1.3999609e+01   8.6465539e+01
   1.4015756e+01   8.6467673e+01
   1.4031903e+01   8.6469798e+01
   1.4048050e+01   8.6471911e+01
   1.4064198e+01   8.6474015e+01
   1.4080345e+01   8.6476109e+01
   1.4096492e+01   8.6478192e+01
   1.4112639e+01   8.6480266e+01
   1.4128786e+01   8.6482329e+01
   1.4144934e+01   8.6484383e+01
   1.4161081e+01   8.6486426e+01
   1.4177228e+01   8.6488460e+01
   1.4193375e+01   8.6490485e+01
   1.4209522e+01   8.6492499e+01
   1.4225669e+01   8.6494504e+01
   1.4241817e+01   8.6496500e+01
   1.4257964e+01   8.6498485e+01
   1.4274111e+01   8.6500462e+01
   1.4290258e+01   8.6502429e+01
   1.4306405e+01   8.6504386e+01
   1.4322553e+01   8.6506335e+01
   1.4338700e+01   8.6508274e+01
   1.4354847e+01   8.6510203e+01
   1.4370994e+01   8.6512124e+01
   1.4387141e+01   8.6514036e+01
   1.4403288e+01   8.6515938e+01
   1.4419436e+01   8.6517831e+01
   1.4435583e+01   8.6519716e+01
   1.4451730e+01   8.6521592e+01
   1.4467877e+01   8.6523458e+01
   1.4484024e+01   8.6525316e+01
   1.4500172e+01   8.6527165e+01
   1.4516319e+01   8.6529006e+01
   1.4532466e+01   8.6530837e+01
   1.4548613e+01   8.6532661e+01
   1.4564760e+01   8.6534475e+01
   1.4580907e+01   8.6536281e+01
   1.4597055e+01   8.6538079e+01
   1.4613202e+01   8.6539868e+01
   1.4629349e+01   8.6541648e+01
   1.4645496e+01   8.6543421e+01
   1.4661643e+01   8.6545185e+01
   1.4677791e+01   8.6546941e+01
   1.4693938e+01   8.6548688e+01
   1.4710085e+01   8.6550428e+01
   1.4726232e+01   8.6552159e+01
   1.4742379e+01   8.6553882e+01
   1.4758527e+01   8.6555597e+01
   1.4774674e+01   8.6557305e+01
   1.4790821e+01   8.6559004e+01
   1.4806968e+01   8.6560695e+01
   1.4823115e+01   8.6562379e+01
   1.4839262e+01   8.6564054e+01
   1.4855410e+01   8.6565722e+01
   1.4871557e+01   8.6567383e+01
   1.4887704e+01   8.6569035e+01
   1.4903851e+01   8.6570680e+01
   1.4919998e+01   8.6572317e+01
   1.4936146e+01   8.6573947e+01
   1.4952293e+01   8.6575569e+01
   1.4968440e+01   8.6577183e+01
   1.4984587e+01   8.6578791e+01
   1.5000734e+01   8.6580390e+01
   1.5016881e+01   8.6581983e+01
   1.5033029e+01   8.6583568e+01
   1.5049176e+01   8.6585146e+01
   1.5065323e+01   8.6586716e+01
   1.5081470e+01   8.6588279e+01
   1.5097617e+01   8.6589836e+01
   1.5113765e+01   8.6591385e+01
   1.5129912e+01   8.6592927e+01
   1.5146059e+01   8.6594461e+01
   1.5162206e+01   8.6595989e+01
   1.5178353e+01   8.6597510e+01
   1.5194500e+01   8.6599024e+01
   1.5210648e+01   8.6600531e+01
   1.5226795e+01   8.6602031e+01
   1.5242942e+01   8.6603524e+01
   1.5259089e+01   8.6605011e+01
   1.5275236e+01   8.6606491e+01
   1.5291384e+01   8.6607963e+01
   1.5307531e+01   8.6609430e+01
   1.5323678e+01   8.6610889e+01
   1.5339825e+01   8.6612342e+01
   1.5355972e+01   8.6613789e+01
   1.5372120e+01   8.6615229e+01
   1.5388267e+01   8.6616662e+01
   1.5404414e+01   8.6618089e+01
   1.5420561e+01   8.6619509e+01
   1.5436708e+01   8.6620923e+01
   1.5452855e+01   8.6622331e+01
   1.5469003e+01   8.6623732e+01
   1.5485150e+01   8.6625127e+01
   1.5501297e+01   8.6626516e+01
   1.5517444e+01   8.6627898e+01
   1.5533591e+01   8.6629274e+01
   1.5549739e+01   8.6630644e+01
   1.5565886e+01   8.6632008e+01
   1.5582033e+01   8.6633366e+01
   1.5598180e+01   8.6634718e+01
   1.5614327e+01   8.6636063e+01
   1.5630474e+01   8.6637403e+01
   1.5646622e+01   8.6638736e+01
   1.5662769e+01   8.6640064e+01
   1.5678916e+01   8.6641386e+01
   1.5695063e+01   8.6642701e+01
   1.5711210e+01   8.6644011e+01
   1.5727358e+01   8.6645315e+01
   1.5743505e+01   8.6646614e+01
   1.5759652e+01   8.6647906e+01
   1.5775799e+01   8.6649193e+01
   1.5791946e+01   8.6650474e+01
   1.5808093e+01   8.6651749e+01
   1.5824241e+01   8.6653019e+01
   1.5840388e+01   8.6654283e+01
   1.5856535e+01   8.6655541e+01
   1.5872682e+01   8.6656794e+01
   1.5888829e+01   8.6658041e+01
   1.5904977e+01   8.6659283e+01
   1.5921124e+01   8.6660520e+01
   1.5937271e+01   8.6661750e+01
   1.5953418e+01   8.6662976e+01
   1.5969565e+01   8.6664196e+01
   1.5985713e+01   8.6665411e+01
   1.6001860e+01   8.6666620e+01
   1.6018007e+01   8.6667824e+01
   1.6034154e+01   8.6669023e+01
   1.6050301e+01   8.6670216e+01
   1.6066448e+01   8.6671404e+01
   1.6082596e+01   8.6672587e+01
   1.6098743e+01   8.6673765e+01
   1.6114890e+01   8.6674938e+01
   1.6131037e+01   8.6676105e+01
