   0.0000000e+00   0.0000000e+00
   1.6147184e-02   2.6766357e-01
   3.2294369e-02   9.8632964e-01
   4.8441553e-02   2.0225841e+00
   6.4588737e-02   3.2472139e+00
   8.0735922e-02   4.5488300e+00
   9.6883106e-02   5.8421234e+00
   1.1303029e-01   7.0704068e+00
   1.2917747e-01   8.2034611e+00
   1.4532466e-01   9.2324203e+00
   1.6147184e-01   1.0163481e+01
   1.7761903e-01   1.1011830e+01
   1.9376621e-01   1.1796635e+01
   2.0991340e-01   1.2537408e+01
   2.2606058e-01   1.3251721e+01
   2.4220777e-01   1.3954019e+01
   2.5835495e-01   1.4655244e+01
   2.7450213e-01   1.5362974e+01
   2.9064932e-01   1.6081847e+01
   3.0679650e-01   1.6814107e+01
   3.2294369e-01   1.7560162e+01
   3.3909087e-01   1.8319100e+01
   3.5523806e-01   1.9089118e+01
   3.7138524e-01   1.9867874e+01
   3.8753242e-01   2.0652758e+01
   4.0367961e-01   2.1441084e+01
   4.1982679e-01   2.2230232e+01
   4.3597398e-01   2.3017742e+01
   4.5212116e-01   2.3801365e+01
   4.6826835e-01   2.4579097e+01
   4.8441553e-01   2.5349186e+01
   5.0056272e-01   2.6110132e+01
   5.1670990e-01   2.6860674e+01
   5.3285708e-01   2.7599775e+01
   5.4900427e-01   2.8326601e+01
   5.6515145e-01   2.9040500e+01
   5.8129864e-01   2.9740981e+01
   5.9744582e-01   3.0427698e+01
   6.1359301e-01   3.1100425e+01
   6.2974019e-01   3.1759044e+01
   6.4588737e-01   3.2403527e+01
   6.6203456e-01   3.3033921e+01
   6.7818174e-01   3.3650337e+01
   6.9432893e-01   3.4252940e+01
   7.1047611e-01   3.4841937e+01
   7.2662330e-01   3.5417571e+01
   7.4277048e-01   3.5980112e+01
   7.5891767e-01   3.6529850e+01
   7.7506485e-01   3.7067095e+01
   7.9121203e-01   3.7592165e+01
   8.0735922e-01   3.8105387e+01
   8.2350640e-01   3.8607095e+01
   8.3965359e-01   3.9097620e+01
   8.5580077e-01   3.9577299e+01
   8.7194796e-01   4.0046461e+01
   8.8809514e-01   4.0505434e+01
   9.0424232e-01   4.0954543e+01
   9.2038951e-01   4.1394102e+01
   9.3653669e-01   4.1824424e+01
   9.5268388e-01   4.2245811e+01
   9.6883106e-01   4.2658558e+01
   9.8497825e-01   4.3062952e+01
   1.0011254e+00   4.3459272e+01
   1.0172726e+00   4.3847789e+01
   1.0334198e+00   4.4228765e+01
   1.0495670e+00   4.4602452e+01
   1.0657142e+00   4.4969096e+01
   1.0818614e+00   4.5328933e+01
   1.0980085e+00   4.5682191e+01
   1.1141557e+00   4.6029090e+01
   1.1303029e+00   4.6369843e+01
   1.1464501e+00   4.6704655e+01
   1.1625973e+00   4.7033721e+01
   1.1787445e+00   4.7357232e+01
   1.1948916e+00   4.7675370e+01
   1.2110388e+00   4.7988312e+01
   1.2271860e+00   4.8296225e+01
   1.2433332e+00   4.8599272e+01
   1.2594804e+00   4.8897610e+01
   1.2756276e+00   4.9191390e+01
   1.2917747e+00   4.9480755e+01
   1.3079219e+00   4.9765846e+01
   1.3240691e+00   5.0046794e+01
   1.3402163e+00   5.0323730e+01
   1.3563635e+00   5.0596777e+01
   1.3725107e+00   5.0866054e+01
   1.3886579e+00   5.1131674e+01
   1.4048050e+00   5.1393748e+01
   1.4209522e+00   5.1652382e+01
   1.4370994e+00   5.1907676e+01
   1.4532466e+00   5.2159730e+01
   1.4693938e+00   5.2408636e+01
   1.4855410e+00   5.2654485e+01
   1.5016881e+00   5.2897364e+01
   1.5178353e+00   5.3137357e+01
   1.5339825e+00   5.3374544e+01
   1.5501297e+00   5.3609003e+01
   1.5662769e+00   5.3840807e+01
   1.5824241e+00   5.4070029e+01
   1.5985713e+00   5.4296738e+01
   1.6147184e+00   5.4520999e+01
   1.6308656e+00   5.4742877e+01
   1.6470128e+00   5.4962434e+01
   1.6631600e+00   5.5179728e+01
   1.6793072e+00   5.5394816e+01
   1.6954544e+00   5.5607754e+01
   1.7116015e+00   5.5818595e+01
   1.7277487e+00   5.6027388e+01
   1.7438959e+00   5.6234184e+01
   1.7600431e+00   5.6439029e+01
   1.7761903e+00   5.6641969e+01
   1.7923375e+00   5.6843047e+01
   1.8084846e+00   5.7042307e+01
   1.8246318e+00   5.7239789e+01
   1.8407790e+00   5.7435532e+01
   1.8569262e+00   5.7629574e+01
   1.8730734e+00   5.7821952e+01
   1.8892206e+00   5.8012700e+01
   1.9053678e+00   5.8201852e+01
   1.9215149e+00   5.8389442e+01
   1.9376621e+00   5.8575501e+01
   1.9538093e+00   5.8760060e+01
   1.9699565e+00   5.8943147e+01
   1.9861037e+00   5.9124791e+01
   2.0022509e+00   5.9305019e+01
   2.0183980e+00   5.9483858e+01
   2.0345452e+00   5.9661334e+01
   2.0506924e+00   5.9837471e+01
   2.0668396e+00   6.0012292e+01
   2.0829868e+00   6.0185821e+01
   2.0991340e+00   6.0358079e+01
   2.1152812e+00   6.0529089e+01
   2.1314283e+00   6.0698871e+01
   2.1475755e+00   6.0867444e+01
   2.1637227e+00   6.1034828e+01
   2.1798699e+00   6.1201043e+01
   2.1960171e+00   6.1366105e+01
   2.2121643e+00   6.1530032e+01
   2.2283114e+00   6.1692841e+01
   2.2444586e+00   6.1854548e+01
   2.2606058e+00   6.2015169e+01
   2.2767530e+00   6.2174720e+01
   2.2929002e+00   6.2333214e+01
   2.3090474e+00   6.2490667e+01
   2.3251945e+00   6.2647092e+01
   2.3413417e+00   6.2802502e+01
   2.3574889e+00   6.2956910e+01
   2.3736361e+00   6.3110330e+01
   2.3897833e+00   6.3262772e+01
   2.4059305e+00   6.3414249e+01
   2.4220777e+00   6.3564772e+01
   2.4382248e+00   6.3714352e+01
   2.4543720e+00   6.3862999e+01
   2.4705192e+00   6.4010725e+01
   2.4866664e+00   6.4157539e+01
   2.5028136e+00   6.4303451e+01
   2.5189608e+00   6.4448470e+01
   2.5351079e+00   6.4592606e+01
   2.5512551e+00   6.4735867e+01
   2.5674023e+00   6.4878262e+01
   2.5835495e+00   6.5019800e+01
   2.5996967e+00   6.5160488e+01
   2.6158439e+00   6.5300334e+01
   2.6319911e+00   6.5439347e+01
   2.6481382e+00   6.5577533e+01
   2.6642854e+00   6.5714901e+01
   2.6804326e+00   6.5851456e+01
   2.6965798e+00   6.5987206e+01
   2.7127270e+00   6.6122157e+01
   2.7288742e+00   6.6256317e+01
   2.7450213e+00   6.6389691e+01
   2.7611685e+00   6.6522285e+01
   2.7773157e+00   6.6654107e+01
   2.7934629e+00   6.6785160e+01
   2.8096101e+00   6.6915452e+01
   2.8257573e+00   6.7044988e+01
   2.8419044e+00   6.7173772e+01
   2.8580516e+00   6.7301812e+01
   2.8741988e+00   6.7429111e+01
   2.8903460e+00   6.7555675e+01
   2.9064932e+00   6.7681509e+01
   2.9226404e+00   6.7806618e+01
   2.9387876e+00   6.7931006e+01
   2.9549347e+00   6.8054678e+01
   2.9710819e+00   6.8177639e+01
   2.9872291e+00   6.8299892e+01
   3.0033763e+00   6.8421444e+01
   3.0195235e+00   6.8542297e+01
   3.0356707e+00   6.8662456e+01
   3.0518178e+00   6.8781924e+01
   3.0679650e+00   6.8900708e+01
   3.0841122e+00   6.9018809e+01
   3.1002594e+00   6.9136232e+01
   3.1164066e+00   6.9252981e+01
   3.1325538e+00   6.9369059e+01
   3.1487010e+00   6.9484471e+01
   3.1648481e+00   6.9599219e+01
   3.1809953e+00   6.9713308e+01
   3.1971425e+00   6.9826741e+01
   3.2132897e+00   6.9939522e+01
   3.2294369e+00   7.0051653e+01
   3.2455841e+00   7.0163139e+01
   3.2617312e+00   7.0273982e+01
   3.2778784e+00   7.0384186e+01
   3.2940256e+00   7.0493755e+01
   3.3101728e+00   7.0602691e+01
   3.3263200e+00   7.0710997e+01
   3.3424672e+00   7.0818677e+01
   3.3586143e+00   7.0925734e+01
   3.3747615e+00   7.1032170e+01
   3.3909087e+00   7.1137990e+01
   3.4070559e+00   7.1243195e+01
   3.4232031e+00   7.1347790e+01
   3.4393503e+00   7.1451776e+01
   3.4554975e+00   7.1555156e+01
   3.4716446e+00   7.1657934e+01
   3.4877918e+00   7.1760113e+01
   3.5039390e+00   7.1861695e+01
   3.5200862e+00   7.1962683e+01
   3.5362334e+00   7.2063080e+01
   3.5523806e+00   7.2162888e+01
   3.5685277e+00   7.2262111e+01
   3.5846749e+00   7.2360752e+01
   3.6008221e+00   7.2458812e+01
   3.6169693e+00   7.2556294e+01
   3.6331165e+00   7.2653202e+01
   3.6492637e+00   7.2749538e+01
   3.6654109e+00   7.2845304e+01
   3.6815580e+00   7.2940503e+01
   3.6977052e+00   7.3035139e+01
   3.7138524e+00   7.3129212e+01
   3.7299996e+00   7.3222727e+01
   3.7461468e+00   7.3315686e+01
   3.7622940e+00   7.3408090e+01
   3.7784411e+00   7.3499944e+01
   3.7945883e+00   7.3591248e+01
   3.8107355e+00   7.3682007e+01
   3.8268827e+00   7.3772222e+01
   3.8430299e+00   7.3861896e+01
   3.8591771e+00   7.3951031e+01
   3.8753242e+00   7.4039631e+01
   3.8914714e+00   7.4127697e+01
   3.9076186e+00   7.4215232e+01
   3.9237658e+00   7.4302238e+01
   3.9399130e+00   7.4388718e+01
   3.9560602e+00   7.4474674e+01
   3.9722074e+00   7.4560110e+01
   3.9883545e+00   7.4645027e+01
   4.0045017e+00   7.4729427e+01
   4.0206489e+00   7.4813314e+01
   4.0367961e+00   7.4896689e+01
   4.0529433e+00   7.4979556e+01
   4.0690905e+00   7.5061915e+01
   4.0852376e+00   7.5143771e+01
   4.1013848e+00   7.5225126e+01
   4.1175320e+00   7.5305981e+01
   4.1336792e+00   7.5386339e+01
   4.1498264e+00   7.5466203e+01
   4.1659736e+00   7.5545575e+01
   4.1821208e+00   7.5624457e+01
   4.1982679e+00   7.5702852e+01
   4.2144151e+00   7.5780762e+01
   4.2305623e+00   7.5858190e+01
   4.2467095e+00   7.5935137e+01
   4.2628567e+00   7.6011607e+01
   4.2790039e+00   7.6087602e+01
   4.2951510e+00   7.6163123e+01
   4.3112982e+00   7.6238174e+01
   4.3274454e+00   7.6312757e+01
   4.3435926e+00   7.6386874e+01
   4.3597398e+00   7.6460527e+01
   4.3758870e+00   7.6533719e+01
   4.3920341e+00   7.6606453e+01
   4.4081813e+00   7.6678729e+01
   4.4243285e+00   7.6750552e+01
   4.4404757e+00   7.6821922e+01
   4.4566229e+00   7.6892844e+01
   4.4727701e+00   7.6963317e+01
   4.4889173e+00   7.7033346e+01
   4.5050644e+00   7.7102933e+01
   4.5212116e+00   7.7172079e+01
   4.5373588e+00   7.7240787e+01
   4.5535060e+00   7.7309059e+01
   4.5696532e+00   7.7376898e+01
   4.5858004e+00   7.7444306e+01
   4.6019475e+00   7.7511285e+01
   4.6180947e+00   7.7577837e+01
   4.6342419e+00   7.7643965e+01
   4.6503891e+00   7.7709672e+01
   4.6665363e+00   7.7774958e+01
   4.6826835e+00   7.7839827e+01
   4.6988307e+00   7.7904281e+01
   4.7149778e+00   7.7968321e+01
   4.7311250e+00   7.8031951e+01
   4.7472722e+00   7.8095173e+01
   4.7634194e+00   7.8157988e+01
   4.7795666e+00   7.8220399e+01
   4.7957138e+00   7.8282408e+01
   4.8118609e+00   7.8344018e+01
   4.8280081e+00   7.8405230e+01
   4.8441553e+00   7.8466048e+01
   4.8603025e+00   7.8526472e+01
   4.8764497e+00   7.8586505e+01
   4.8925969e+00   7.8646150e+01
   4.9087440e+00   7.8705409e+01
   4.9248912e+00   7.8764283e+01
   4.9410384e+00   7.8822776e+01
   4.9571856e+00   7.8880888e+01
   4.9733328e+00   7.8938623e+01
   4.9894800e+00   7.8995982e+01
   5.0056272e+00   7.9052968e+01
   5.0217743e+00   7.9109582e+01
   5.0379215e+00   7.9165827e+01
   5.0540687e+00   7.9221706e+01
   5.0702159e+00   7.9277219e+01
   5.0863631e+00   7.9332370e+01
   5.1025103e+00   7.9387160e+01
   5.1186574e+00   7.9441592e+01
   5.1348046e+00   7.9495667e+01
   5.1509518e+00   7.9549388e+01
   5.1670990e+00   7.9602757e+01
   5.1832462e+00   7.9655775e+01
   5.1993934e+00   7.9708445e+01
   5.2155406e+00   7.9760769e+01
   5.2316877e+00   7.9812750e+01
   5.2478349e+00   7.9864388e+01
   5.2639821e+00   7.9915686e+01
   5.2801293e+00   7.9966647e+01
   5.2962765e+00   8.0017272e+01
   5.3124237e+00   8.0067563e+01
   5.3285708e+00   8.0117522e+01
   5.3447180e+00   8.0167151e+01
   5.3608652e+00   8.0216452e+01
   5.3770124e+00   8.0265428e+01
   5.3931596e+00   8.0314080e+01
   5.4093068e+00   8.0362410e+01
   5.4254539e+00   8.0410420e+01
   5.4416011e+00   8.0458112e+01
   5.4577483e+00   8.0505489e+01
   5.4738955e+00   8.0552551e+01
   5.4900427e+00   8.0599301e+01
   5.5061899e+00   8.0645741e+01
   5.5223371e+00   8.0691873e+01
   5.5384842e+00   8.0737698e+01
   5.5546314e+00   8.0783219e+01
   5.5707786e+00   8.0828438e+01
   5.5869258e+00   8.0873356e+01
   5.6030730e+00   8.0917975e+01
   5.6192202e+00   8.0962297e+01
   5.6353673e+00   8.1006324e+01
   5.6515145e+00   8.1050058e+01
   5.6676617e+00   8.1093501e+01
   5.6838089e+00   8.1136654e+01
   5.6999561e+00   8.1179520e+01
   5.7161033e+00   8.1222100e+01
   5.7322505e+00   8.1264396e+01
   5.7483976e+00   8.1306409e+01
   5.7645448e+00   8.1348143e+01
   5.7806920e+00   8.1389597e+01
   5.7968392e+00   8.1430775e+01
   5.8129864e+00   8.1471678e+01
   5.8291336e+00   8.1512308e+01
   5.8452807e+00   8.1552666e+01
   5.8614279e+00   8.1592754e+01
   5.8775751e+00   8.1632574e+01
   5.8937223e+00   8.1672128e+01
   5.9098695e+00   8.1711418e+01
   5.9260167e+00   8.1750444e+01
   5.9421638e+00   8.1789209e+01
   5.9583110e+00   8.1827715e+01
   5.9744582e+00   8.1865963e+01
   5.9906054e+00   8.1903956e+01
   6.0067526e+00   8.1941693e+01
   6.0228998e+00   8.1979178e+01
   6.0390470e+00   8.2016412e+01
   6.0551941e+00   8.2053396e+01
   6.0713413e+00   8.2090133e+01
   6.0874885e+00   8.2126623e+01
   6.1036357e+00   8.2162869e+01
   6.1197829e+00   8.2198872e+01
   6.1359301e+00   8.2234633e+01
   6.1520772e+00   8.2270155e+01
   6.1682244e+00   8.2305438e+01
   6.1843716e+00   8.2340485e+01
   6.2005188e+00   8.2375297e+01
   6.2166660e+00   8.2409876e+01
   6.2328132e+00   8.2444222e+01
   6.2489603e+00   8.2478339e+01
   6.2651075e+00   8.2512226e+01
   6.2812547e+00   8.2545886e+01
   6.2974019e+00   8.2579320e+01
   6.3135491e+00   8.2612531e+01
   6.3296963e+00   8.2645518e+01
   6.3458435e+00   8.2678284e+01
   6.3619906e+00   8.2710830e+01
   6.3781378e+00   8.2743158e+01
   6.3942850e+00   8.2775269e+01
   6.4104322e+00   8.2807165e+01
   6.4265794e+00   8.2838847e+01
   6.4427266e+00   8.2870316e+01
   6.4588737e+00   8.2901574e+01
   6.4750209e+00   8.2932623e+01
   6.4911681e+00   8.2963464e+01
   6.5073153e+00   8.2994097e+01
   6.5234625e+00   8.3024525e+01
   6.5396097e+00   8.3054750e+01
   6.5557569e+00   8.3084771e+01
   6.5719040e+00   8.3114592e+01
   6.5880512e+00   8.3144212e+01
   6.6041984e+00   8.3173634e+01
   6.6203456e+00   8.3202859e+01
   6.6364928e+00   8.3231888e+01
   6.6526400e+00   8.3260723e+01
   6.6687871e+00   8.3289364e+01
   6.6849343e+00   8.3317814e+01
   6.7010815e+00   8.3346073e+01
   6.7172287e+00   8.3374143e+01
   6.7333759e+00   8.3402025e+01
   6.7495231e+00   8.3429720e+01
   6.7656702e+00   8.3457230e+01
   6.7818174e+00   8.3484556e+01
   6.7979646e+00   8.3511699e+01
   6.8141118e+00   8.3538661e+01
   6.8302590e+00   8.3565442e+01
   6.8464062e+00   8.3592044e+01
   6.8625534e+00   8.3618468e+01
   6.8787005e+00   8.3644716e+01
   6.8948477e+00   8.3670789e+01
   6.9109949e+00   8.3696687e+01
   6.9271421e+00   8.3722412e+01
   6.9432893e+00   8.3747965e+01
   6.9594365e+00   8.3773348e+01
   6.9755836e+00   8.3798562e+01
   6.9917308e+00   8.3823607e+01
   7.0078780e+00   8.3848485e+01
   7.0240252e+00   8.3873197e+01
   7.0401724e+00   8.3897745e+01
   7.0563196e+00   8.3922128e+01
   7.0724668e+00   8.3946350e+01
   7.0886139e+00   8.3970410e+01
   7.1047611e+00   8.3994309e+01
   7.1209083e+00   8.4018050e+01
   7.1370555e+00   8.4041633e+01
   7.1532027e+00   8.4065058e+01
   7.1693499e+00   8.4088328e+01
   7.1854970e+00   8.4111443e+01
   7.2016442e+00   8.4134404e+01
   7.2177914e+00   8.4157213e+01
   7.2339386e+00   8.4179870e+01
   7.2500858e+00   8.4202377e+01
   7.2662330e+00   8.4224734e+01
   7.2823801e+00   8.4246943e+01
   7.2985273e+00   8.4269005e+01
   7.3146745e+00   8.4290920e+01
   7.3308217e+00   8.4312690e+01
   7.3469689e+00   8.4334316e+01
   7.3631161e+00   8.4355798e+01
   7.3792633e+00   8.4377138e+01
   7.3954104e+00   8.4398337e+01
   7.4115576e+00   8.4419395e+01
   7.4277048e+00   8.4440315e+01
   7.4438520e+00   8.4461095e+01
   7.4599992e+00   8.4481739e+01
   7.4761464e+00   8.4502246e+01
   7.4922935e+00   8.4522617e+01
   7.5084407e+00   8.4542854e+01
   7.5245879e+00   8.4562958e+01
   7.5407351e+00   8.4582929e+01
   7.5568823e+00   8.4602768e+01
   7.5730295e+00   8.4622476e+01
   7.5891767e+00   8.4642055e+01
   7.6053238e+00   8.4661504e+01
   7.6214710e+00   8.4680826e+01
   7.6376182e+00   8.4700020e+01
   7.6537654e+00   8.4719088e+01
   7.6699126e+00   8.4738031e+01
   7.6860598e+00   8.4756849e+01
   7.7022069e+00   8.4775543e+01
   7.7183541e+00   8.4794115e+01
   7.7345013e+00   8.4812565e+01
   7.7506485e+00   8.4830894e+01
   7.7667957e+00   8.4849103e+01
   7.7829429e+00   8.4867192e+01
   7.7990900e+00   8.4885163e+01
   7.8152372e+00   8.4903016e+01
   7.8313844e+00   8.4920752e+01
   7.8475316e+00   8.4938372e+01
   7.8636788e+00   8.4955877e+01
   7.8798260e+00   8.4973268e+01
   7.8959732e+00   8.4990545e+01
   7.9121203e+00   8.5007709e+01
   7.9282675e+00   8.5024761e+01
   7.9444147e+00   8.5041702e+01
   7.9605619e+00   8.5058532e+01
   7.9767091e+00   8.5075253e+01
   7.9928563e+00   8.5091865e+01
   8.0090034e+00   8.5108369e+01
   8.0251506e+00   8.5124765e+01
   8.0412978e+00   8.5141055e+01
   8.0574450e+00   8.5157239e+01
   8.0735922e+00   8.5173317e+01
   8.0897394e+00   8.5189292e+01
   8.1058866e+00   8.5205162e+01
   8.1220337e+00   8.5220930e+01
   8.1381809e+00   8.5236595e+01
   8.1543281e+00   8.5252159e+01
   8.1704753e+00   8.5267623e+01
   8.1866225e+00   8.5282986e+01
   8.2027697e+00   8.5298250e+01
   8.2189168e+00   8.5313415e+01
   8.2350640e+00   8.5328482e+01
   8.2512112e+00   8.5343451e+01
   8.2673584e+00   8.5358325e+01
   8.2835056e+00   8.5373102e+01
   8.2996528e+00   8.5387784e+01
   8.3157999e+00   8.5402371e+01
   8.3319471e+00   8.5416865e+01
   8.3480943e+00   8.5431265e+01
   8.3642415e+00   8.5445572e+01
   8.3803887e+00   8.5459788e+01
   8.3965359e+00   8.5473912e+01
   8.4126831e+00   8.5487945e+01
   8.4288302e+00   8.5501889e+01
   8.4449774e+00   8.5515743e+01
   8.4611246e+00   8.5529508e+01
   8.4772718e+00   8.5543185e+01
   8.4934190e+00   8.5556775e+01
   8.5095662e+00   8.5570277e+01
   8.5257133e+00   8.5583693e+01
   8.5418605e+00   8.5597024e+01
   8.5580077e+00   8.5610269e+01
   8.5741549e+00   8.5623430e+01
   8.5903021e+00   8.5636506e+01
   8.6064493e+00   8.5649500e+01
   8.6225965e+00   8.5662411e+01
   8.6387436e+00   8.5675239e+01
   8.6548908e+00   8.5687986e+01
   8.6710380e+00   8.5700651e+01
   8.6871852e+00   8.5713237e+01
   8.7033324e+00   8.5725742e+01
   8.7194796e+00   8.5738168e+01
   8.7356267e+00   8.5750515e+01
   8.7517739e+00   8.5762784e+01
   8.7679211e+00   8.5774975e+01
   8.7840683e+00   8.5787089e+01
   8.8002155e+00   8.5799126e+01
   8.8163627e+00   8.5811087e+01
   8.8325098e+00   8.5822973e+01
   8.8486570e+00   8.5834783e+01
   8.8648042e+00   8.5846519e+01
   8.8809514e+00   8.5858181e+01
   8.8970986e+00   8.5869770e+01
   8.9132458e+00   8.5881285e+01
   8.9293930e+00   8.5892728e+01
   8.9455401e+00   8.5904099e+01
   8.9616873e+00   8.5915398e+01
   8.9778345e+00   8.5926627e+01
   8.9939817e+00   8.5937785e+01
   9.0101289e+00   8.5948873e+01
   9.0262761e+00   8.5959891e+01
   9.0424232e+00   8.5970841e+01
   9.0585704e+00   8.5981722e+01
   9.0747176e+00   8.5992534e+01
   9.0908648e+00   8.6003280e+01
   9.1070120e+00   8.6013958e+01
   9.1231592e+00   8.6024569e+01
   9.1393064e+00   8.6035114e+01
   9.1554535e+00   8.6045593e+01
   9.1716007e+00   8.6056007e+01
   9.1877479e+00   8.6066356e+01
   9.2038951e+00   8.6076641e+01
   9.2200423e+00   8.6086862e+01
   9.2361895e+00   8.6097019e+01
   9.2523366e+00   8.6107114e+01
   9.2684838e+00   8.6117145e+01
   9.2846310e+00   8.6127114e+01
   9.3007782e+00   8.6137022e+01
   9.3169254e+00   8.6146868e+01
   9.3330726e+00   8.6156653e+01
   9.3492197e+00   8.6166378e+01
   9.3653669e+00   8.6176043e+01
   9.3815141e+00   8.6185648e+01
   9.3976613e+00   8.6195193e+01
   9.4138085e+00   8.6204680e+01
   9.4299557e+00   8.6214108e+01
   9.4461029e+00   8.6223479e+01
   9.4622500e+00   8.6232791e+01
   9.4783972e+00   8.6242046e+01
   9.4945444e+00   8.6251245e+01
   9.5106916e+00   8.6260387e+01
   9.5268388e+00   8.6269473e+01
   9.5429860e+00   8.6278503e+01
   9.5591331e+00   8.6287477e+01
   9.5752803e+00   8.6296397e+01
   9.5914275e+00   8.6305262e+01
   9.6075747e+00   8.6314073e+01
   9.6237219e+00   8.6322831e+01
   9.6398691e+00   8.6331534e+01
   9.6560163e+00   8.6340185e+01
   9.6721634e+00   8.6348783e+01
   9.6883106e+00   8.6357328e+01
   9.7044578e+00   8.6365821e+01
   9.7206050e+00   8.6374263e+01
   9.7367522e+00   8.6382654e+01
   9.7528994e+00   8.6390993e+01
   9.7690465e+00   8.6399282e+01
   9.7851937e+00   8.6407520e+01
   9.8013409e+00   8.6415709e+01
   9.8174881e+00   8.6423848e+01
   9.8336353e+00   8.6431938e+01
   9.8497825e+00   8.6439978e+01
   9.8659296e+00   8.6447971e+01
   9.8820768e+00   8.6455915e+01
   9.8982240e+00   8.6463811e+01
   9.9143712e+00   8.6471659e+01
   9.9305184e+00   8.6479460e+01
   9.9466656e+00   8.6487214e+01
   9.9628128e+00   8.6494922e+01
   9.9789599e+00   8.6502583e+01
   9.9951071e+00   8.6510198e+01
   1.0011254e+01   8.6517767e+01
   1.0027401e+01   8.6525291e+01
   1.0043549e+01   8.6532770e+01
   1.0059696e+01   8.6540204e+01
   1.0075843e+01   8.6547593e+01
   1.0091990e+01   8.6554939e+01
   1.0108137e+01   8.6562240e+01
   1.0124285e+01   8.6569498e+01
   1.0140432e+01   8.6576713e+01
   1.0156579e+01   8.6583884e+01
   1.0172726e+01   8.6591013e+01
   1.0188873e+01   8.6598099e+01
   1.0205021e+01   8.6605143e+01
   1.0221168e+01   8.6612146e+01
   1.0237315e+01   8.6619106e+01
   1.0253462e+01   8.6626026e+01
   1.0269609e+01   8.6632904e+01
   1.0285756e+01   8.6639742e+01
   1.0301904e+01   8.6646539e+01
   1.0318051e+01   8.6653296e+01
   1.0334198e+01   8.6660013e+01
   1.0350345e+01   8.6666690e+01
   1.0366492e+01   8.6673328e+01
   1.0382640e+01   8.6679926e+01
   1.0398787e+01   8.6686486e+01
   1.0414934e+01   8.6693007e+01
   1.0431081e+01   8.6699490e+01
   1.0447228e+01   8.6705934e+01
   1.0463375e+01   8.6712341e+01
   1.0479523e+01   8.6718710e+01
   1.0495670e+01   8.6725042e+01
   1.0511817e+01   8.6731336e+01
   1.0527964e+01   8.6737594e+01
   1.0544111e+01   8.6743815e+01
   1.0560259e+01   8.6750000e+01
   1.0576406e+01   8.6756148e+01
   1.0592553e+01   8.6762261e+01
   1.0608700e+01   8.6768338e+01
   1.0624847e+01   8.6774379e+01
   1.0640994e+01   8.6780386e+01
   1.0657142e+01   8.6786357e+01
   1.0673289e+01   8.6792294e+01
   1.0689436e+01   8.6798196e+01
   1.0705583e+01   8.6804063e+01
   1.0721730e+01   8.6809897e+01
   1.0737878e+01   8.6815697e+01
   1.0754025e+01   8.6821463e+01
   1.0770172e+01   8.6827196e+01
   1.0786319e+01   8.6832896e+01
   1.0802466e+01   8.6838563e+01
   1.0818614e+01   8.6844197e+01
   1.0834761e+01   8.6849798e+01
   1.0850908e+01   8.6855368e+01
   1.0867055e+01   8.6860905e+01
   1.0883202e+01   8.6866410e+01
   1.0899349e+01   8.6871884e+01
   1.0915497e+01   8.6877326e+01
   1.0931644e+01   8.6882736e+01
   1.0947791e+01   8.6888116e+01
   1.0963938e+01   8.6893465e+01
   1.0980085e+01   8.6898783e+01
   1.0996233e+01   8.6904071e+01
   1.1012380e+01   8.6909329e+01
   1.1028527e+01   8.6914556e+01
   1.1044674e+01   8.6919754e+01
   1.1060821e+01   8.6924922e+01
   1.1076968e+01   8.6930060e+01
   1.1093116e+01   8.6935169e+01
   1.1109263e+01   8.6940249e+01
   1.1125410e+01   8.6945300e+01
   1.1141557e+01   8.6950323e+01
   1.1157704e+01   8.6955317e+01
   1.1173852e+01   8.6960282e+01
   1.1189999e+01   8.6965220e+01
   1.1206146e+01   8.6970129e+01
   1.1222293e+01   8.6975011e+01
   1.1238440e+01   8.6979865e+01
   1.1254588e+01   8.6984691e+01
   1.1270735e+01   8.6989490e+01
   1.1286882e+01   8.6994263e+01
   1.1303029e+01   8.6999008e+01
   1.1319176e+01   8.7003726e+01
   1.1335323e+01   8.7008418e+01
   1.1351471e+01   8.7013084e+01
   1.1367618e+01   8.7017723e+01
   1.1383765e+01   8.7022336e+01
   1.1399912e+01   8.7026924e+01
   1.1416059e+01   8.7031485e+01
   1.1432207e+01   8.7036021e+01
   1.1448354e+01   8.7040532e+01
   1.1464501e+01   8.7045017e+01
   1.1480648e+01   8.7049477e+01
   1.1496795e+01   8.7053913e+01
   1.1512942e+01   8.7058323e+01
   1.1529090e+01   8.7062709e+01
   1.1545237e+01   8.7067071e+01
   1.1561384e+01   8.7071408e+01
   1.1577531e+01   8.7075721e+01
   1.1593678e+01   8.7080011e+01
   1.1609826e+01   8.7084276e+01
   1.1625973e+01   8.7088518e+01
   1.1642120e+01   8.7092736e+01
   1.1658267e+01   8.7096930e+01
   1.1674414e+01   8.7101102e+01
   1.1690561e+01   8.7105250e+01
   1.1706709e+01   8.7109376e+01
   1.1722856e+01   8.7113479e+01
   1.1739003e+01   8.7117559e+01
   1.1755150e+01   8.7121616e+01
   1.1771297e+01   8.7125651e+01
   1.1787445e+01   8.7129664e+01
   1.1803592e+01   8.7133655e+01
   1.1819739e+01   8.7137624e+01
   1.1835886e+01   8.7141571e+01
   1.1852033e+01   8.7145497e+01
   1.1868181e+01   8.7149401e+01
   1.1884328e+01   8.7153283e+01
   1.1900475e+01   8.7157145e+01
   1.1916622e+01   8.7160985e+01
   1.1932769e+01   8.7164804e+01
   1.1948916e+01   8.7168603e+01
   1.1965064e+01   8.7172380e+01
   1.1981211e+01   8.7176137e+01
   1.1997358e+01   8.7179874e+01
   1.2013505e+01   8.7183590e+01
   1.2029652e+01   8.7187286e+01
   1.2045800e+01   8.7190962e+01
   1.2061947e+01   8.7194618e+01
   1.2078094e+01   8.7198254e+01
   1.2094241e+01   8.7201870e+01
   1.2110388e+01   8.7205467e+01
   1.2126535e+01   8.7209044e+01
   1.2142683e+01   8.7212602e+01
   1.2158830e+01   8.7216141e+01
   1.2174977e+01   8.7219660e+01
   1.2191124e+01   8.7223161e+01
   1.2207271e+01   8.7226643e+01
   1.2223419e+01   8.7230106e+01
   1.2239566e+01   8.7233550e+01
   1.2255713e+01   8.7236976e+01
   1.2271860e+01   8.7240383e+01
   1.2288007e+01   8.7243773e+01
   1.2304154e+01   8.7247143e+01
   1.2320302e+01   8.7250496e+01
   1.2336449e+01   8.7253831e+01
   1.2352596e+01   8.7257148e+01
   1.2368743e+01   8.7260448e+01
   1.2384890e+01   8.7263729e+01
   1.2401038e+01   8.7266993e+01
   1.2417185e+01   8.7270240e+01
   1.2433332e+01   8.7273470e+01
   1.2449479e+01   8.7276682e+01
   1.2465626e+01   8.7279877e+01
   1.2481774e+01   8.7283055e+01
   1.2497921e+01   8.7286216e+01
   1.2514068e+01   8.7289361e+01
   1.2530215e+01   8.7292489e+01
   1.2546362e+01   8.7295600e+01
   1.2562509e+01   8.7298695e+01
   1.2578657e+01   8.7301773e+01
   1.2594804e+01   8.7304835e+01
   1.2610951e+01   8.7307881e+01
   1.2627098e+01   8.7310911e+01
   1.2643245e+01   8.7313925e+01
   1.2659393e+01   8.7316923e+01
   1.2675540e+01   8.7319905e+01
   1.2691687e+01   8.7322871e+01
   1.2707834e+01   8.7325822e+01
   1.2723981e+01   8.7328757e+01
   1.2740128e+01   8.7331677e+01
   1.2756276e+01   8.7334582e+01
   1.2772423e+01   8.7337472e+01
   1.2788570e+01   8.7340346e+01
   1.2804717e+01   8.7343205e+01
   1.2820864e+01   8.7346049e+01
   1.2837012e+01   8.7348879e+01
   1.2853159e+01   8.7351694e+01
   1.2869306e+01   8.7354494e+01
   1.2885453e+01   8.7357279e+01
   1.2901600e+01   8.7360050e+01
   1.2917747e+01   8.7362806e+01
   1.2933895e+01   8.7365549e+01
   1.2950042e+01   8.7368277e+01
   1.2966189e+01   8.7370990e+01
   1.2982336e+01   8.7373690e+01
   1.2998483e+01   8.7376376e+01
   1.3014631e+01   8.7379048e+01
   1.3030778e+01   8.7381706e+01
   1.3046925e+01   8.7384350e+01
   1.3063072e+01   8.7386980e+01
   1.3079219e+01   8.7389597e+01
   1.3095367e+01   8.7392201e+01
   1.3111514e+01   8.7394791e+01
   1.3127661e+01   8.7397368e+01
   1.3143808e+01   8.7399931e+01
   1.3159955e+01   8.7402482e+01
   1.3176102e+01   8.7405019e+01
   1.3192250e+01   8.7407543e+01
   1.3208397e+01   8.7410054e+01
   1.3224544e+01   8.7412553e+01
   1.3240691e+01   8.7415039e+01
   1.3256838e+01   8.7417511e+01
   1.3272986e+01   8.7419972e+01
   1.3289133e+01   8.7422419e+01
   1.3305280e+01   8.7424855e+01
   1.3321427e+01   8.7427278e+01
   1.3337574e+01   8.7429688e+01
   1.3353721e+01   8.7432086e+01
   1.3369869e+01   8.7434472e+01
   1.3386016e+01   8.7436846e+01
   1.3402163e+01   8.7439208e+01
   1.3418310e+01   8.7441558e+01
   1.3434457e+01   8.7443896e+01
   1.3450605e+01   8.7446222e+01
   1.3466752e+01   8.7448536e+01
   1.3482899e+01   8.7450839e+01
   1.3499046e+01   8.7453130e+01
   1.3515193e+01   8.7455409e+01
   1.3531340e+01   8.7457677e+01
   1.3547488e+01   8.7459934e+01
   1.3563635e+01   8.7462179e+01
   1.3579782e+01   8.7464413e+01
   1.3595929e+01   8.7466635e+01
   1.3612076e+01   8.7468847e+01
   1.3628224e+01   8.7471047e+01
   1.3644371e+01   8.7473236e+01
   1.3660518e+01   8.7475415e+01
   1.3676665e+01   8.7477582e+01
   1.3692812e+01   8.7479739e+01
   1.3708960e+01   8.7481884e+01
   1.3725107e+01   8.7484019e+01
   1.3741254e+01   8.7486144e+01
   1.3757401e+01   8.7488258e+01
   1.3773548e+01   8.7490361e+01
   1.3789695e+01   8.7492454e+01
   1.3805843e+01   8.7494536e+01
   1.3821990e+01   8.7496608e+01
   1.3838137e+01   8.7498670e+01
   1.3854284e+01   8.7500721e+01
   1.3870431e+01   8.7502763e+01
   1.3886579e+01   8.7504794e+01
   1.3902726e+01   8.7506815e+01
   1.3918873e+01   8.7508826e+01
   1.3935020e+01   8.7510827e+01
   1.3951167e+01   8.7512819e+01
   1.3967314e+01   8.7514800e+01
   1.3983462e+01   8.7516772e+01
   1.3999609e+01   8.7518734e+01
   1.4015756e+01   8.7520686e+01
   1.4031903e+01   8.7522629e+01
   1.4048050e+01   8.7524562e+01
   1.4064198e+01   8.7526486e+01
   1.4080345e+01   8.7528400e+01
   1.4096492e+01   8.7530305e+01
   1.4112639e+01   8.7532200e+01
   1.4128786e+01   8.7534086e+01
   1.4144934e+01   8.7535963e+01
   1.4161081e+01   8.7537831e+01
   1.4177228e+01   8.7539690e+01
   1.4193375e+01   8.7541540e+01
   1.4209522e+01   8.7543380e+01
   1.4225669e+01   8.7545212e+01
   1.4241817e+01   8.7547034e+01
   1.4257964e+01   8.7548848e+01
   1.4274111e+01   8.7550653e+01
   1.4290258e+01   8.7552450e+01
   1.4306405e+01   8.7554237e+01
   1.4322553e+01   8.7556016e+01
   1.4338700e+01   8.7557786e+01
   1.4354847e+01   8.7559548e+01
   1.4370994e+01   8.7561301e+01
   1.4387141e+01   8.7563046e+01
   1.4403288e+01   8.7564782e+01
   1.4419436e+01   8.7566510e+01
   1.4435583e+01   8.7568229e+01
   1.4451730e+01   8.7569941e+01
   1.4467877e+01   8.7571644e+01
   1.4484024e+01   8.7573338e+01
   1.4500172e+01   8.7575025e+01
   1.4516319e+01   8.7576704e+01
   1.4532466e+01   8.7578374e+01
   1.4548613e+01   8.7580037e+01
   1.4564760e+01   8.7581691e+01
   1.4580907e+01   8.7583338e+01
   1.4597055e+01   8.7584976e+01
   1.4613202e+01   8.7586607e+01
   1.4629349e+01   8.7588230e+01
   1.4645496e+01   8.7589846e+01
   1.4661643e+01   8.7591453e+01
   1.4677791e+01   8.7593053e+01
   1.4693938e+01   8.7594646e+01
   1.4710085e+01   8.7596231e+01
   1.4726232e+01   8.7597808e+01
   1.4742379e+01   8.7599378e+01
   1.4758527e+01   8.7600940e+01
   1.4774674e+01   8.7602495e+01
   1.4790821e+01   8.7604042e+01
   1.4806968e+01   8.7605582e+01
   1.4823115e+01   8.7607115e+01
   1.4839262e+01   8.7608641e+01
   1.4855410e+01   8.7610159e+01
   1.4871557e+01   8.7611671e+01
   1.4887704e+01   8.7613175e+01
   1.4903851e+01   8.7614672e+01
   1.4919998e+01   8.7616162e+01
   1.4936146e+01   8.7617645e+01
   1.4952293e+01   8.7619121e+01
   1.4968440e+01   8.7620590e+01
   1.4984587e+01   8.7622052e+01
   1.5000734e+01   8.7623508e+01
   1.5016881e+01   8.7624956e+01
   1.5033029e+01   8.7626398e+01
   1.5049176e+01   8.7627833e+01
   1.5065323e+01   8.7629261e+01
   1.5081470e+01   8.7630683e+01
   1.5097617e+01   8.7632098e+01
   1.5113765e+01   8.7633506e+01
   1.5129912e+01   8.7634908e+01
   1.5146059e+01   8.7636303e+01
   1.5162206e+01   8.7637692e+01
   1.5178353e+01   8.7639074e+01
   1.5194500e+01   8.7640450e+01
   1.5210648e+01   8.7641819e+01
   1.5226795e+01   8.7643182e+01
   1.5242942e+01   8.7644539e+01
   1.5259089e+01   8.7645890e+01
   1.5275236e+01   8.7647234e+01
   1.5291384e+01   8.7648572e+01
   1.5307531e+01   8.7649904e+01
   1.5323678e+01   8.7651230e+01
   1.5339825e+01   8.7652549e+01
   1.5355972e+01   8.7653863e+01
   1.5372120e+01   8.7655170e+01
   1.5388267e+01   8.7656472e+01
   1.5404414e+01   8.7657767e+01
   1.5420561e+01   8.7659057e+01
   1.5436708e+01   8.7660340e+01
   1.5452855e+01   8.7661618e+01
   1.5469003e+01   8.7662890e+01
   1.5485150e+01   8.7664156e+01
   1.5501297e+01   8.7665416e+01
   1.5517444e+01   8.7666670e+01
   1.5533591e+01   8.7667919e+01
   1.5549739e+01   8.7669162e+01
   1.5565886e+01   8.7670400e+01
   1.5582033e+01   8.7671631e+01
   1.5598180e+01   8.7672857e+01
   1.5614327e+01   8.7674078e+01
   1.5630474e+01   8.7675293e+01
   1.5646622e+01   8.7676502e+01
   1.5662769e+01   8.7677706e+01
   1.5678916e+01   8.7678904e+01
   1.5695063e+01   8.7680097e+01
   1.5711210e+01   8.7681285e+01
   1.5727358e+01   8.7682467e+01
   1.5743505e+01   8.7683644e+01
   1.5759652e+01   8.7684816e+01
   1.5775799e+01   8.7685982e+01
   1.5791946e+01   8.7687143e+01
   1.5808093e+01   8.7688299e+01
   1.5824241e+01   8.7689449e+01
   1.5840388e+01   8.7690595e+01
   1.5856535e+01   8.7691735e+01
   1.5872682e+01   8.7692870e+01
   1.5888829e+01   8.7694000e+01
   1.5904977e+01   8.7695125e+01
   1.5921124e+01   8.7696245e+01
   1.5937271e+01   8.7697359e+01
   1.5953418e+01   8.7698469e+01
   1.5969565e+01   8.7699574e+01
   1.5985713e+01   8.7700674e+01
   1.6001860e+01   8.7701769e+01
   1.6018007e+01   8.7702859e+01
   1.6034154e+01   8.7703944e+01
   1.6050301e+01   8.7705025e+01
   1.6066448e+01   8.7706100e+01
   1.6082596e+01   8.7707171e+01
   1.6098743e+01   8.7708237e+01
   1.6114890e+01   8.7709298e+01
   1.6131037e+01   8.7710355e+01
