   0.0000000e+00   0.0000000e+00
   1.6147184e-02   2.9430138e-02
   3.2294369e-02   1.1536954e-01
   4.8441553e-02   2.5313870e-01
   6.4588737e-02   4.3676753e-01
   8.0735922e-02   6.5935363e-01
   9.6883106e-02   9.1345011e-01
   1.1303029e-01   1.1914485e+00
   1.2917747e-01   1.4859265e+00
   1.4532466e-01   1.7899383e+00
   1.6147184e-01   2.0972337e+00
   1.7761903e-01   2.4024026e+00
   1.9376621e-01   2.7009479e+00
   2.0991340e-01   2.9892959e+00
   2.2606058e-01   3.2647575e+00
   2.4220777e-01   3.5254532e+00
   2.5835495e-01   3.7702151e+00
   2.7450213e-01   3.9984788e+00
   2.9064932e-01   4.2101718e+00
   3.0679650e-01   4.4056083e+00
   3.2294369e-01   4.5853927e+00
   3.3909087e-01   4.7503353e+00
   3.5523806e-01   4.9013813e+00
   3.7138524e-01   5.0395524e+00
   3.8753242e-01   5.1659010e+00
   4.0367961e-01   5.2814745e+00
   4.1982679e-01   5.3872900e+00
   4.3597398e-01   5.4843157e+00
   4.5212116e-01   5.5734592e+00
   4.6826835e-01   5.6555607e+00
   4.8441553e-01   5.7313898e+00
   5.0056272e-01   5.8016450e+00
   5.1670990e-01   5.8669564e+00
   5.3285708e-01   5.9278880e+00
   5.4900427e-01   5.9849420e+00
   5.6515145e-01   6.0385640e+00
   5.8129864e-01   6.0891470e+00
   5.9744582e-01   6.1370371e+00
   6.1359301e-01   6.1825373e+00
   6.2974019e-01   6.2259130e+00
   6.4588737e-01   6.2673953e+00
   6.6203456e-01   6.3071855e+00
   6.7818174e-01   6.3454586e+00
   6.9432893e-01   6.3823661e+00
   7.1047611e-01   6.4180392e+00
   7.2662330e-01   6.4525914e+00
   7.4277048e-01   6.4861209e+00
   7.5891767e-01   6.5187120e+00
   7.7506485e-01   6.5504379e+00
   7.9121203e-01   6.5813614e+00
   8.0735922e-01   6.6115366e+00
   8.2350640e-01   6.6410104e+00
   8.3965359e-01   6.6698229e+00
   8.5580077e-01   6.6980090e+00
   8.7194796e-01   6.7255986e+00
   8.8809514e-01   6.7526178e+00
   9.0424232e-01   6.7790891e+00
   9.2038951e-01   6.8050322e+00
   9.3653669e-01   6.8304643e+00
   9.5268388e-01   6.8554003e+00
   9.6883106e-01   6.8798537e+00
   9.8497825e-01   6.9038361e+00
   1.0011254e+00   6.9273582e+00
   1.0172726e+00   6.9504295e+00
   1.0334198e+00   6.9730585e+00
   1.0495670e+00   6.9952533e+00
   1.0657142e+00   7.0170212e+00
   1.0818614e+00   7.0383691e+00
   1.0980085e+00   7.0593034e+00
   1.1141557e+00   7.0798303e+00
   1.1303029e+00   7.0999558e+00
   1.1464501e+00   7.1196855e+00
   1.1625973e+00   7.1390250e+00
   1.1787445e+00   7.1579798e+00
   1.1948916e+00   7.1765552e+00
   1.2110388e+00   7.1947566e+00
   1.2271860e+00   7.2125892e+00
   1.2433332e+00   7.2300583e+00
   1.2594804e+00   7.2471690e+00
   1.2756276e+00   7.2639266e+00
   1.2917747e+00   7.2803363e+00
   1.3079219e+00   7.2964033e+00
   1.3240691e+00   7.3121328e+00
   1.3402163e+00   7.3275301e+00
   1.3563635e+00   7.3426003e+00
   1.3725107e+00   7.3573487e+00
   1.3886579e+00   7.3717806e+00
   1.4048050e+00   7.3859011e+00
   1.4209522e+00   7.3997155e+00
   1.4370994e+00   7.4132291e+00
   1.4532466e+00   7.4264470e+00
   1.4693938e+00   7.4393744e+00
   1.4855410e+00   7.4520166e+00
   1.5016881e+00   7.4643787e+00
   1.5178353e+00   7.4764658e+00
   1.5339825e+00   7.4882830e+00
   1.5501297e+00   7.4998355e+00
   1.5662769e+00   7.5111283e+00
   1.5824241e+00   7.5221664e+00
   1.5985713e+00   7.5329547e+00
   1.6147184e+00   7.5434982e+00
   1.6308656e+00   7.5538018e+00
   1.6470128e+00   7.5638703e+00
   1.6631600e+00   7.5737085e+00
   1.6793072e+00   7.5833211e+00
   1.6954544e+00   7.5927128e+00
   1.7116015e+00   7.6018881e+00
   1.7277487e+00   7.6108517e+00
   1.7438959e+00   7.6196080e+00
   1.7600431e+00   7.6281615e+00
   1.7761903e+00   7.6365165e+00
   1.7923375e+00   7.6446773e+00
   1.8084846e+00   7.6526482e+00
   1.8246318e+00   7.6604334e+00
   1.8407790e+00   7.6680368e+00
   1.8569262e+00   7.6754626e+00
   1.8730734e+00   7.6827148e+00
   1.8892206e+00   7.6897972e+00
   1.9053678e+00   7.6967136e+00
   1.9215149e+00   7.7034679e+00
   1.9376621e+00   7.7100637e+00
   1.9538093e+00   7.7165046e+00
   1.9699565e+00   7.7227942e+00
   1.9861037e+00   7.7289360e+00
   2.0022509e+00   7.7349334e+00
   2.0183980e+00   7.7407898e+00
   2.0345452e+00   7.7465084e+00
   2.0506924e+00   7.7520925e+00
   2.0668396e+00   7.7575452e+00
   2.0829868e+00   7.7628696e+00
   2.0991340e+00   7.7680687e+00
   2.1152812e+00   7.7731455e+00
   2.1314283e+00   7.7781029e+00
   2.1475755e+00   7.7829438e+00
   2.1637227e+00   7.7876709e+00
   2.1798699e+00   7.7922869e+00
   2.1960171e+00   7.7967944e+00
   2.2121643e+00   7.8011962e+00
   2.2283114e+00   7.8054946e+00
   2.2444586e+00   7.8096923e+00
   2.2606058e+00   7.8137916e+00
   2.2767530e+00   7.8177949e+00
   2.2929002e+00   7.8217045e+00
   2.3090474e+00   7.8255226e+00
   2.3251945e+00   7.8292516e+00
   2.3413417e+00   7.8328935e+00
   2.3574889e+00   7.8364505e+00
   2.3736361e+00   7.8399245e+00
   2.3897833e+00   7.8433177e+00
   2.4059305e+00   7.8466320e+00
   2.4220777e+00   7.8498694e+00
   2.4382248e+00   7.8530315e+00
   2.4543720e+00   7.8561204e+00
   2.4705192e+00   7.8591378e+00
   2.4866664e+00   7.8620855e+00
   2.5028136e+00   7.8649650e+00
   2.5189608e+00   7.8677782e+00
   2.5351079e+00   7.8705266e+00
   2.5512551e+00   7.8732117e+00
   2.5674023e+00   7.8758352e+00
   2.5835495e+00   7.8783985e+00
   2.5996967e+00   7.8809031e+00
   2.6158439e+00   7.8833504e+00
   2.6319911e+00   7.8857418e+00
   2.6481382e+00   7.8880787e+00
   2.6642854e+00   7.8903624e+00
   2.6804326e+00   7.8925942e+00
   2.6965798e+00   7.8947754e+00
   2.7127270e+00   7.8969071e+00
   2.7288742e+00   7.8989906e+00
   2.7450213e+00   7.9010271e+00
   2.7611685e+00   7.9030176e+00
   2.7773157e+00   7.9049634e+00
   2.7934629e+00   7.9068654e+00
   2.8096101e+00   7.9087249e+00
   2.8257573e+00   7.9105426e+00
   2.8419044e+00   7.9123198e+00
   2.8580516e+00   7.9140573e+00
   2.8741988e+00   7.9157562e+00
   2.8903460e+00   7.9174172e+00
   2.9064932e+00   7.9190415e+00
   2.9226404e+00   7.9206298e+00
   2.9387876e+00   7.9221830e+00
   2.9549347e+00   7.9237019e+00
   2.9710819e+00   7.9251874e+00
   2.9872291e+00   7.9266403e+00
   3.0033763e+00   7.9280613e+00
   3.0195235e+00   7.9294513e+00
   3.0356707e+00   7.9308108e+00
   3.0518178e+00   7.9321408e+00
   3.0679650e+00   7.9334418e+00
   3.0841122e+00   7.9347146e+00
   3.1002594e+00   7.9359598e+00
   3.1164066e+00   7.9371781e+00
   3.1325538e+00   7.9383702e+00
   3.1487010e+00   7.9395365e+00
   3.1648481e+00   7.9406778e+00
   3.1809953e+00   7.9417947e+00
   3.1971425e+00   7.9428876e+00
   3.2132897e+00   7.9439573e+00
   3.2294369e+00   7.9450041e+00
   3.2455841e+00   7.9460287e+00
   3.2617312e+00   7.9470316e+00
   3.2778784e+00   7.9480133e+00
   3.2940256e+00   7.9489742e+00
   3.3101728e+00   7.9499149e+00
   3.3263200e+00   7.9508358e+00
   3.3424672e+00   7.9517374e+00
   3.3586143e+00   7.9526201e+00
   3.3747615e+00   7.9534844e+00
   3.3909087e+00   7.9543307e+00
   3.4070559e+00   7.9551593e+00
   3.4232031e+00   7.9559708e+00
   3.4393503e+00   7.9567655e+00
   3.4554975e+00   7.9575438e+00
   3.4716446e+00   7.9583061e+00
   3.4877918e+00   7.9590527e+00
   3.5039390e+00   7.9597839e+00
   3.5200862e+00   7.9605002e+00
   3.5362334e+00   7.9612019e+00
   3.5523806e+00   7.9618893e+00
   3.5685277e+00   7.9625627e+00
   3.5846749e+00   7.9632225e+00
   3.6008221e+00   7.9638689e+00
   3.6169693e+00   7.9645023e+00
   3.6331165e+00   7.9651229e+00
   3.6492637e+00   7.9657311e+00
   3.6654109e+00   7.9663270e+00
   3.6815580e+00   7.9669111e+00
   3.6977052e+00   7.9674835e+00
   3.7138524e+00   7.9680445e+00
   3.7299996e+00   7.9685943e+00
   3.7461468e+00   7.9691333e+00
   3.7622940e+00   7.9696616e+00
   3.7784411e+00   7.9701795e+00
   3.7945883e+00   7.9706872e+00
   3.8107355e+00   7.9711849e+00
   3.8268827e+00   7.9716729e+00
   3.8430299e+00   7.9721514e+00
   3.8591771e+00   7.9726205e+00
   3.8753242e+00   7.9730806e+00
   3.8914714e+00   7.9735317e+00
   3.9076186e+00   7.9739740e+00
   3.9237658e+00   7.9744078e+00
   3.9399130e+00   7.9748333e+00
   3.9560602e+00   7.9752506e+00
   3.9722074e+00   7.9756599e+00
   3.9883545e+00   7.9760614e+00
   4.0045017e+00   7.9764552e+00
   4.0206489e+00   7.9768415e+00
   4.0367961e+00   7.9772205e+00
   4.0529433e+00   7.9775923e+00
   4.0690905e+00   7.9779570e+00
   4.0852376e+00   7.9783149e+00
   4.1013848e+00   7.9786661e+00
   4.1175320e+00   7.9790107e+00
   4.1336792e+00   7.9793488e+00
   4.1498264e+00   7.9796806e+00
   4.1659736e+00   7.9800062e+00
   4.1821208e+00   7.9803258e+00
   4.1982679e+00   7.9806394e+00
   4.2144151e+00   7.9809473e+00
   4.2305623e+00   7.9812495e+00
   4.2467095e+00   7.9815461e+00
   4.2628567e+00   7.9818372e+00
   4.2790039e+00   7.9821230e+00
   4.2951510e+00   7.9824036e+00
   4.3112982e+00   7.9826791e+00
   4.3274454e+00   7.9829496e+00
   4.3435926e+00   7.9832151e+00
   4.3597398e+00   7.9834759e+00
   4.3758870e+00   7.9837319e+00
   4.3920341e+00   7.9839833e+00
   4.4081813e+00   7.9842302e+00
   4.4243285e+00   7.9844727e+00
   4.4404757e+00   7.9847108e+00
   4.4566229e+00   7.9849447e+00
   4.4727701e+00   7.9851744e+00
   4.4889173e+00   7.9854001e+00
   4.5050644e+00   7.9856217e+00
   4.5212116e+00   7.9858394e+00
   4.5373588e+00   7.9860533e+00
   4.5535060e+00   7.9862634e+00
   4.5696532e+00   7.9864698e+00
   4.5858004e+00   7.9866726e+00
   4.6019475e+00   7.9868719e+00
   4.6180947e+00   7.9870676e+00
   4.6342419e+00   7.9872600e+00
   4.6503891e+00   7.9874491e+00
   4.6665363e+00   7.9876348e+00
   4.6826835e+00   7.9878174e+00
   4.6988307e+00   7.9879968e+00
   4.7149778e+00   7.9881731e+00
   4.7311250e+00   7.9883464e+00
   4.7472722e+00   7.9885168e+00
   4.7634194e+00   7.9886842e+00
   4.7795666e+00   7.9888488e+00
   4.7957138e+00   7.9890105e+00
   4.8118609e+00   7.9891696e+00
   4.8280081e+00   7.9893259e+00
   4.8441553e+00   7.9894796e+00
   4.8603025e+00   7.9896308e+00
   4.8764497e+00   7.9897793e+00
   4.8925969e+00   7.9899254e+00
   4.9087440e+00   7.9900691e+00
   4.9248912e+00   7.9902103e+00
   4.9410384e+00   7.9903492e+00
   4.9571856e+00   7.9904858e+00
   4.9733328e+00   7.9906202e+00
   4.9894800e+00   7.9907523e+00
   5.0056272e+00   7.9908822e+00
   5.0217743e+00   7.9910100e+00
   5.0379215e+00   7.9911357e+00
   5.0540687e+00   7.9912594e+00
   5.0702159e+00   7.9913810e+00
   5.0863631e+00   7.9915006e+00
   5.1025103e+00   7.9916183e+00
   5.1186574e+00   7.9917341e+00
   5.1348046e+00   7.9918480e+00
   5.1509518e+00   7.9919601e+00
   5.1670990e+00   7.9920703e+00
   5.1832462e+00   7.9921788e+00
   5.1993934e+00   7.9922856e+00
   5.2155406e+00   7.9923906e+00
   5.2316877e+00   7.9924940e+00
   5.2478349e+00   7.9925957e+00
   5.2639821e+00   7.9926958e+00
   5.2801293e+00   7.9927943e+00
   5.2962765e+00   7.9928912e+00
   5.3124237e+00   7.9929867e+00
   5.3285708e+00   7.9930806e+00
   5.3447180e+00   7.9931730e+00
   5.3608652e+00   7.9932640e+00
   5.3770124e+00   7.9933536e+00
   5.3931596e+00   7.9934417e+00
   5.4093068e+00   7.9935285e+00
   5.4254539e+00   7.9936140e+00
   5.4416011e+00   7.9936981e+00
   5.4577483e+00   7.9937809e+00
   5.4738955e+00   7.9938625e+00
   5.4900427e+00   7.9939427e+00
   5.5061899e+00   7.9940218e+00
   5.5223371e+00   7.9940996e+00
   5.5384842e+00   7.9941763e+00
   5.5546314e+00   7.9942517e+00
   5.5707786e+00   7.9943261e+00
   5.5869258e+00   7.9943993e+00
   5.6030730e+00   7.9944713e+00
   5.6192202e+00   7.9945423e+00
   5.6353673e+00   7.9946123e+00
   5.6515145e+00   7.9946811e+00
   5.6676617e+00   7.9947489e+00
   5.6838089e+00   7.9948158e+00
   5.6999561e+00   7.9948816e+00
   5.7161033e+00   7.9949464e+00
   5.7322505e+00   7.9950103e+00
   5.7483976e+00   7.9950732e+00
   5.7645448e+00   7.9951352e+00
   5.7806920e+00   7.9951962e+00
   5.7968392e+00   7.9952564e+00
   5.8129864e+00   7.9953156e+00
   5.8291336e+00   7.9953740e+00
   5.8452807e+00   7.9954316e+00
   5.8614279e+00   7.9954883e+00
   5.8775751e+00   7.9955442e+00
   5.8937223e+00   7.9955992e+00
   5.9098695e+00   7.9956535e+00
   5.9260167e+00   7.9957069e+00
   5.9421638e+00   7.9957596e+00
   5.9583110e+00   7.9958116e+00
   5.9744582e+00   7.9958627e+00
   5.9906054e+00   7.9959132e+00
   6.0067526e+00   7.9959629e+00
   6.0228998e+00   7.9960119e+00
   6.0390470e+00   7.9960602e+00
   6.0551941e+00   7.9961078e+00
   6.0713413e+00   7.9961547e+00
   6.0874885e+00   7.9962010e+00
   6.1036357e+00   7.9962466e+00
   6.1197829e+00   7.9962916e+00
   6.1359301e+00   7.9963359e+00
   6.1520772e+00   7.9963796e+00
   6.1682244e+00   7.9964227e+00
   6.1843716e+00   7.9964652e+00
   6.2005188e+00   7.9965071e+00
   6.2166660e+00   7.9965484e+00
   6.2328132e+00   7.9965891e+00
   6.2489603e+00   7.9966293e+00
   6.2651075e+00   7.9966689e+00
   6.2812547e+00   7.9967079e+00
   6.2974019e+00   7.9967464e+00
   6.3135491e+00   7.9967844e+00
   6.3296963e+00   7.9968219e+00
   6.3458435e+00   7.9968588e+00
   6.3619906e+00   7.9968952e+00
   6.3781378e+00   7.9969312e+00
   6.3942850e+00   7.9969666e+00
   6.4104322e+00   7.9970016e+00
   6.4265794e+00   7.9970361e+00
   6.4427266e+00   7.9970701e+00
   6.4588737e+00   7.9971036e+00
   6.4750209e+00   7.9971367e+00
   6.4911681e+00   7.9971694e+00
   6.5073153e+00   7.9972016e+00
   6.5234625e+00   7.9972334e+00
   6.5396097e+00   7.9972647e+00
   6.5557569e+00   7.9972957e+00
   6.5719040e+00   7.9973262e+00
   6.5880512e+00   7.9973563e+00
   6.6041984e+00   7.9973860e+00
   6.6203456e+00   7.9974153e+00
   6.6364928e+00   7.9974443e+00
   6.6526400e+00   7.9974728e+00
   6.6687871e+00   7.9975010e+00
   6.6849343e+00   7.9975288e+00
   6.7010815e+00   7.9975562e+00
   6.7172287e+00   7.9975833e+00
   6.7333759e+00   7.9976100e+00
   6.7495231e+00   7.9976364e+00
   6.7656702e+00   7.9976624e+00
   6.7818174e+00   7.9976881e+00
   6.7979646e+00   7.9977134e+00
   6.8141118e+00   7.9977384e+00
   6.8302590e+00   7.9977631e+00
   6.8464062e+00   7.9977875e+00
   6.8625534e+00   7.9978116e+00
   6.8787005e+00   7.9978353e+00
   6.8948477e+00   7.9978588e+00
   6.9109949e+00   7.9978819e+00
   6.9271421e+00   7.9979048e+00
   6.9432893e+00   7.9979273e+00
   6.9594365e+00   7.9979496e+00
   6.9755836e+00   7.9979716e+00
   6.9917308e+00   7.9979933e+00
   7.0078780e+00   7.9980148e+00
   7.0240252e+00   7.9980359e+00
   7.0401724e+00   7.9980568e+00
   7.0563196e+00   7.9980775e+00
   7.0724668e+00   7.9980978e+00
   7.0886139e+00   7.9981179e+00
   7.1047611e+00   7.9981378e+00
   7.1209083e+00   7.9981574e+00
   7.1370555e+00   7.9981768e+00
   7.1532027e+00   7.9981959e+00
   7.1693499e+00   7.9982148e+00
   7.1854970e+00   7.9982335e+00
   7.2016442e+00   7.9982519e+00
   7.2177914e+00   7.9982701e+00
   7.2339386e+00   7.9982881e+00
   7.2500858e+00   7.9983059e+00
   7.2662330e+00   7.9983234e+00
   7.2823801e+00   7.9983407e+00
   7.2985273e+00   7.9983578e+00
   7.3146745e+00   7.9983747e+00
   7.3308217e+00   7.9983914e+00
   7.3469689e+00   7.9984079e+00
   7.3631161e+00   7.9984242e+00
   7.3792633e+00   7.9984403e+00
   7.3954104e+00   7.9984562e+00
   7.4115576e+00   7.9984719e+00
   7.4277048e+00   7.9984874e+00
   7.4438520e+00   7.9985028e+00
   7.4599992e+00   7.9985179e+00
   7.4761464e+00   7.9985329e+00
   7.4922935e+00   7.9985477e+00
   7.5084407e+00   7.9985623e+00
   7.5245879e+00   7.9985767e+00
   7.5407351e+00   7.9985910e+00
   7.5568823e+00   7.9986051e+00
   7.5730295e+00   7.9986190e+00
   7.5891767e+00   7.9986327e+00
   7.6053238e+00   7.9986463e+00
   7.6214710e+00   7.9986598e+00
   7.6376182e+00   7.9986731e+00
   7.6537654e+00   7.9986862e+00
   7.6699126e+00   7.9986991e+00
   7.6860598e+00   7.9987120e+00
   7.7022069e+00   7.9987246e+00
   7.7183541e+00   7.9987372e+00
   7.7345013e+00   7.9987495e+00
   7.7506485e+00   7.9987618e+00
   7.7667957e+00   7.9987738e+00
   7.7829429e+00   7.9987858e+00
   7.7990900e+00   7.9987976e+00
   7.8152372e+00   7.9988093e+00
   7.8313844e+00   7.9988208e+00
   7.8475316e+00   7.9988322e+00
   7.8636788e+00   7.9988435e+00
   7.8798260e+00   7.9988547e+00
   7.8959732e+00   7.9988657e+00
   7.9121203e+00   7.9988766e+00
   7.9282675e+00   7.9988873e+00
   7.9444147e+00   7.9988980e+00
   7.9605619e+00   7.9989085e+00
   7.9767091e+00   7.9989189e+00
   7.9928563e+00   7.9989292e+00
   8.0090034e+00   7.9989394e+00
   8.0251506e+00   7.9989494e+00
   8.0412978e+00   7.9989594e+00
   8.0574450e+00   7.9989692e+00
   8.0735922e+00   7.9989789e+00
   8.0897394e+00   7.9989885e+00
   8.1058866e+00   7.9989980e+00
   8.1220337e+00   7.9990074e+00
   8.1381809e+00   7.9990167e+00
   8.1543281e+00   7.9990259e+00
   8.1704753e+00   7.9990350e+00
   8.1866225e+00   7.9990440e+00
   8.2027697e+00   7.9990529e+00
   8.2189168e+00   7.9990617e+00
   8.2350640e+00   7.9990704e+00
   8.2512112e+00   7.9990790e+00
   8.2673584e+00   7.9990875e+00
   8.2835056e+00   7.9990959e+00
   8.2996528e+00   7.9991042e+00
   8.3157999e+00   7.9991124e+00
   8.3319471e+00   7.9991206e+00
   8.3480943e+00   7.9991286e+00
   8.3642415e+00   7.9991366e+00
   8.3803887e+00   7.9991445e+00
   8.3965359e+00   7.9991523e+00
   8.4126831e+00   7.9991600e+00
   8.4288302e+00   7.9991676e+00
   8.4449774e+00   7.9991751e+00
   8.4611246e+00   7.9991826e+00
   8.4772718e+00   7.9991900e+00
   8.4934190e+00   7.9991973e+00
   8.5095662e+00   7.9992045e+00
   8.5257133e+00   7.9992116e+00
   8.5418605e+00   7.9992187e+00
   8.5580077e+00   7.9992257e+00
   8.5741549e+00   7.9992326e+00
   8.5903021e+00   7.9992395e+00
   8.6064493e+00   7.9992462e+00
   8.6225965e+00   7.9992529e+00
   8.6387436e+00   7.9992596e+00
   8.6548908e+00   7.9992661e+00
   8.6710380e+00   7.9992726e+00
   8.6871852e+00   7.9992790e+00
   8.7033324e+00   7.9992854e+00
   8.7194796e+00   7.9992917e+00
   8.7356267e+00   7.9992979e+00
   8.7517739e+00   7.9993041e+00
   8.7679211e+00   7.9993102e+00
   8.7840683e+00   7.9993162e+00
   8.8002155e+00   7.9993221e+00
   8.8163627e+00   7.9993281e+00
   8.8325098e+00   7.9993339e+00
   8.8486570e+00   7.9993397e+00
   8.8648042e+00   7.9993454e+00
   8.8809514e+00   7.9993511e+00
   8.8970986e+00   7.9993567e+00
   8.9132458e+00   7.9993622e+00
   8.9293930e+00   7.9993677e+00
   8.9455401e+00   7.9993732e+00
   8.9616873e+00   7.9993785e+00
   8.9778345e+00   7.9993839e+00
   8.9939817e+00   7.9993891e+00
   9.0101289e+00   7.9993943e+00
   9.0262761e+00   7.9993995e+00
   9.0424232e+00   7.9994046e+00
   9.0585704e+00   7.9994097e+00
   9.0747176e+00   7.9994147e+00
   9.0908648e+00   7.9994197e+00
   9.1070120e+00   7.9994246e+00
   9.1231592e+00   7.9994294e+00
   9.1393064e+00   7.9994342e+00
   9.1554535e+00   7.9994390e+00
   9.1716007e+00   7.9994437e+00
   9.1877479e+00   7.9994484e+00
   9.2038951e+00   7.9994530e+00
   9.2200423e+00   7.9994576e+00
   9.2361895e+00   7.9994621e+00
   9.2523366e+00   7.9994666e+00
   9.2684838e+00   7.9994710e+00
   9.2846310e+00   7.9994754e+00
   9.3007782e+00   7.9994798e+00
   9.3169254e+00   7.9994841e+00
   9.3330726e+00   7.9994883e+00
   9.3492197e+00   7.9994926e+00
   9.3653669e+00   7.9994968e+00
   9.3815141e+00   7.9995009e+00
   9.3976613e+00   7.9995050e+00
   9.4138085e+00   7.9995091e+00
   9.4299557e+00   7.9995131e+00
   9.4461029e+00   7.9995171e+00
   9.4622500e+00   7.9995210e+00
   9.4783972e+00   7.9995249e+00
   9.4945444e+00   7.9995288e+00
   9.5106916e+00   7.9995326e+00
   9.5268388e+00   7.9995364e+00
   9.5429860e+00   7.9995402e+00
   9.5591331e+00   7.9995439e+00
   9.5752803e+00   7.9995476e+00
   9.5914275e+00   7.9995512e+00
   9.6075747e+00   7.9995548e+00
   9.6237219e+00   7.9995584e+00
   9.6398691e+00   7.9995619e+00
   9.6560163e+00   7.9995655e+00
   9.6721634e+00   7.9995689e+00
   9.6883106e+00   7.9995724e+00
   9.7044578e+00   7.9995758e+00
   9.7206050e+00   7.9995792e+00
   9.7367522e+00   7.9995825e+00
   9.7528994e+00   7.9995858e+00
   9.7690465e+00   7.9995891e+00
   9.7851937e+00   7.9995924e+00
   9.8013409e+00   7.9995956e+00
   9.8174881e+00   7.9995988e+00
   9.8336353e+00   7.9996019e+00
   9.8497825e+00   7.9996051e+00
   9.8659296e+00   7.9996082e+00
   9.8820768e+00   7.9996113e+00
   9.8982240e+00   7.9996143e+00
   9.9143712e+00   7.9996173e+00
   9.9305184e+00   7.9996203e+00
   9.9466656e+00   7.9996233e+00
   9.9628128e+00   7.9996262e+00
   9.9789599e+00   7.9996291e+00
   9.9951071e+00   7.9996320e+00
   1.0011254e+01   7.9996348e+00
   1.0027401e+01   7.9996377e+00
   1.0043549e+01   7.9996405e+00
   1.0059696e+01   7.9996432e+00
   1.0075843e+01   7.9996460e+00
   1.0091990e+01   7.9996487e+00
   1.0108137e+01   7.9996514e+00
   1.0124285e+01   7.9996541e+00
   1.0140432e+01   7.9996567e+00
   1.0156579e+01   7.9996594e+00
   1.0172726e+01   7.9996620e+00
   1.0188873e+01   7.9996645e+00
   1.0205021e+01   7.9996671e+00
   1.0221168e+01   7.9996696e+00
   1.0237315e+01   7.9996721e+00
   1.0253462e+01   7.9996746e+00
   1.0269609e+01   7.9996771e+00
   1.0285756e+01   7.9996795e+00
   1.0301904e+01   7.9996819e+00
   1.0318051e+01   7.9996843e+00
   1.0334198e+01   7.9996867e+00
   1.0350345e+01   7.9996891e+00
   1.0366492e+01   7.9996914e+00
   1.0382640e+01   7.9996937e+00
   1.0398787e+01   7.9996960e+00
   1.0414934e+01   7.9996983e+00
   1.0431081e+01   7.9997005e+00
   1.0447228e+01   7.9997028e+00
   1.0463375e+01   7.9997050e+00
   1.0479523e+01   7.9997072e+00
   1.0495670e+01   7.9997093e+00
   1.0511817e+01   7.9997115e+00
   1.0527964e+01   7.9997136e+00
   1.0544111e+01   7.9997157e+00
   1.0560259e+01   7.9997178e+00
   1.0576406e+01   7.9997199e+00
   1.0592553e+01   7.9997220e+00
   1.0608700e+01   7.9997240e+00
   1.0624847e+01   7.9997260e+00
   1.0640994e+01   7.9997280e+00
   1.0657142e+01   7.9997300e+00
   1.0673289e+01   7.9997320e+00
   1.0689436e+01   7.9997340e+00
   1.0705583e+01   7.9997359e+00
   1.0721730e+01   7.9997378e+00
   1.0737878e+01   7.9997397e+00
   1.0754025e+01   7.9997416e+00
   1.0770172e+01   7.9997435e+00
   1.0786319e+01   7.9997453e+00
   1.0802466e+01   7.9997472e+00
   1.0818614e+01   7.9997490e+00
   1.0834761e+01   7.9997508e+00
   1.0850908e+01   7.9997526e+00
   1.0867055e+01   7.9997544e+00
   1.0883202e+01   7.9997561e+00
   1.0899349e+01   7.9997579e+00
   1.0915497e+01   7.9997596e+00
   1.0931644e+01   7.9997613e+00
   1.0947791e+01   7.9997630e+00
   1.0963938e+01   7.9997647e+00
   1.0980085e+01   7.9997664e+00
   1.0996233e+01   7.9997680e+00
   1.1012380e+01   7.9997697e+00
   1.1028527e+01   7.9997713e+00
   1.1044674e+01   7.9997729e+00
   1.1060821e+01   7.9997745e+00
   1.1076968e+01   7.9997761e+00
   1.1093116e+01   7.9997777e+00
   1.1109263e+01   7.9997793e+00
   1.1125410e+01   7.9997808e+00
   1.1141557e+01   7.9997824e+00
   1.1157704e+01   7.9997839e+00
   1.1173852e+01   7.9997854e+00
   1.1189999e+01   7.9997869e+00
   1.1206146e+01   7.9997884e+00
   1.1222293e+01   7.9997898e+00
   1.1238440e+01   7.9997913e+00
   1.1254588e+01   7.9997928e+00
   1.1270735e+01   7.9997942e+00
   1.1286882e+01   7.9997956e+00
   1.1303029e+01   7.9997970e+00
   1.1319176e+01   7.9997984e+00
   1.1335323e+01   7.9997998e+00
   1.1351471e+01   7.9998012e+00
   1.1367618e+01   7.9998026e+00
   1.1383765e+01   7.9998039e+00
   1.1399912e+01   7.9998053e+00
   1.1416059e+01   7.9998066e+00
   1.1432207e+01   7.9998079e+00
   1.1448354e+01   7.9998093e+00
   1.1464501e+01   7.9998106e+00
   1.1480648e+01   7.9998118e+00
   1.1496795e+01   7.9998131e+00
   1.1512942e+01   7.9998144e+00
   1.1529090e+01   7.9998157e+00
   1.1545237e+01   7.9998169e+00
   1.1561384e+01   7.9998181e+00
   1.1577531e+01   7.9998194e+00
   1.1593678e+01   7.9998206e+00
   1.1609826e+01   7.9998218e+00
   1.1625973e+01   7.9998230e+00
   1.1642120e+01   7.9998242e+00
   1.1658267e+01   7.9998254e+00
   1.1674414e+01   7.9998266e+00
   1.1690561e+01   7.9998277e+00
   1.1706709e+01   7.9998289e+00
   1.1722856e+01   7.9998300e+00
   1.1739003e+01   7.9998311e+00
   1.1755150e+01   7.9998323e+00
   1.1771297e+01   7.9998334e+00
   1.1787445e+01   7.9998345e+00
   1.1803592e+01   7.9998356e+00
   1.1819739e+01   7.9998367e+00
   1.1835886e+01   7.9998378e+00
   1.1852033e+01   7.9998388e+00
   1.1868181e+01   7.9998399e+00
   1.1884328e+01   7.9998410e+00
   1.1900475e+01   7.9998420e+00
   1.1916622e+01   7.9998431e+00
   1.1932769e+01   7.9998441e+00
   1.1948916e+01   7.9998451e+00
   1.1965064e+01   7.9998461e+00
   1.1981211e+01   7.9998471e+00
   1.1997358e+01   7.9998481e+00
   1.2013505e+01   7.9998491e+00
   1.2029652e+01   7.9998501e+00
   1.2045800e+01   7.9998511e+00
   1.2061947e+01   7.9998520e+00
   1.2078094e+01   7.9998530e+00
   1.2094241e+01   7.9998540e+00
   1.2110388e+01   7.9998549e+00
   1.2126535e+01   7.9998559e+00
   1.2142683e+01   7.9998568e+00
   1.2158830e+01   7.9998577e+00
   1.2174977e+01   7.9998586e+00
   1.2191124e+01   7.9998595e+00
   1.2207271e+01   7.9998604e+00
   1.2223419e+01   7.9998613e+00
   1.2239566e+01   7.9998622e+00
   1.2255713e+01   7.9998631e+00
   1.2271860e+01   7.9998640e+00
   1.2288007e+01   7.9998649e+00
   1.2304154e+01   7.9998657e+00
   1.2320302e+01   7.9998666e+00
   1.2336449e+01   7.9998674e+00
   1.2352596e+01   7.9998683e+00
   1.2368743e+01   7.9998691e+00
   1.2384890e+01   7.9998699e+00
   1.2401038e+01   7.9998708e+00
   1.2417185e+01   7.9998716e+00
   1.2433332e+01   7.9998724e+00
   1.2449479e+01   7.9998732e+00
   1.2465626e+01   7.9998740e+00
   1.2481774e+01   7.9998748e+00
   1.2497921e+01   7.9998756e+00
   1.2514068e+01   7.9998764e+00
   1.2530215e+01   7.9998771e+00
   1.2546362e+01   7.9998779e+00
   1.2562509e+01   7.9998787e+00
   1.2578657e+01   7.9998794e+00
   1.2594804e+01   7.9998802e+00
   1.2610951e+01   7.9998809e+00
   1.2627098e+01   7.9998817e+00
   1.2643245e+01   7.9998824e+00
   1.2659393e+01   7.9998831e+00
   1.2675540e+01   7.9998839e+00
   1.2691687e+01   7.9998846e+00
   1.2707834e+01   7.9998853e+00
   1.2723981e+01   7.9998860e+00
   1.2740128e+01   7.9998867e+00
   1.2756276e+01   7.9998874e+00
   1.2772423e+01   7.9998881e+00
   1.2788570e+01   7.9998888e+00
   1.2804717e+01   7.9998895e+00
   1.2820864e+01   7.9998902e+00
   1.2837012e+01   7.9998908e+00
   1.2853159e+01   7.9998915e+00
   1.2869306e+01   7.9998922e+00
   1.2885453e+01   7.9998928e+00
   1.2901600e+01   7.9998935e+00
   1.2917747e+01   7.9998941e+00
   1.2933895e+01   7.9998948e+00
   1.2950042e+01   7.9998954e+00
   1.2966189e+01   7.9998960e+00
   1.2982336e+01   7.9998967e+00
   1.2998483e+01   7.9998973e+00
   1.3014631e+01   7.9998979e+00
   1.3030778e+01   7.9998985e+00
   1.3046925e+01   7.9998991e+00
   1.3063072e+01   7.9998998e+00
   1.3079219e+01   7.9999004e+00
   1.3095367e+01   7.9999010e+00
   1.3111514e+01   7.9999016e+00
   1.3127661e+01   7.9999021e+00
   1.3143808e+01   7.9999027e+00
   1.3159955e+01   7.9999033e+00
   1.3176102e+01   7.9999039e+00
   1.3192250e+01   7.9999045e+00
   1.3208397e+01   7.9999050e+00
   1.3224544e+01   7.9999056e+00
   1.3240691e+01   7.9999062e+00
   1.3256838e+01   7.9999067e+00
   1.3272986e+01   7.9999073e+00
   1.3289133e+01   7.9999078e+00
   1.3305280e+01   7.9999084e+00
   1.3321427e+01   7.9999089e+00
   1.3337574e+01   7.9999095e+00
   1.3353721e+01   7.9999100e+00
   1.3369869e+01   7.9999105e+00
   1.3386016e+01   7.9999110e+00
   1.3402163e+01   7.9999116e+00
   1.3418310e+01   7.9999121e+00
   1.3434457e+01   7.9999126e+00
   1.3450605e+01   7.9999131e+00
   1.3466752e+01   7.9999136e+00
   1.3482899e+01   7.9999141e+00
   1.3499046e+01   7.9999146e+00
   1.3515193e+01   7.9999151e+00
   1.3531340e+01   7.9999156e+00
   1.3547488e+01   7.9999161e+00
   1.3563635e+01   7.9999166e+00
   1.3579782e+01   7.9999171e+00
   1.3595929e+01   7.9999176e+00
   1.3612076e+01   7.9999180e+00
   1.3628224e+01   7.9999185e+00
   1.3644371e+01   7.9999190e+00
   1.3660518e+01   7.9999195e+00
   1.3676665e+01   7.9999199e+00
   1.3692812e+01   7.9999204e+00
   1.3708960e+01   7.9999208e+00
   1.3725107e+01   7.9999213e+00
   1.3741254e+01   7.9999218e+00
   1.3757401e+01   7.9999222e+00
   1.3773548e+01   7.9999226e+00
   1.3789695e+01   7.9999231e+00
   1.3805843e+01   7.9999235e+00
   1.3821990e+01   7.9999240e+00
   1.3838137e+01   7.9999244e+00
   1.3854284e+01   7.9999248e+00
   1.3870431e+01   7.9999253e+00
   1.3886579e+01   7.9999257e+00
   1.3902726e+01   7.9999261e+00
   1.3918873e+01   7.9999265e+00
   1.3935020e+01   7.9999269e+00
   1.3951167e+01   7.9999274e+00
   1.3967314e+01   7.9999278e+00
   1.3983462e+01   7.9999282e+00
   1.3999609e+01   7.9999286e+00
   1.4015756e+01   7.9999290e+00
   1.4031903e+01   7.9999294e+00
   1.4048050e+01   7.9999298e+00
   1.4064198e+01   7.9999302e+00
   1.4080345e+01   7.9999306e+00
   1.4096492e+01   7.9999310e+00
   1.4112639e+01   7.9999313e+00
   1.4128786e+01   7.9999317e+00
   1.4144934e+01   7.9999321e+00
   1.4161081e+01   7.9999325e+00
   1.4177228e+01   7.9999329e+00
   1.4193375e+01   7.9999332e+00
   1.4209522e+01   7.9999336e+00
   1.4225669e+01   7.9999340e+00
   1.4241817e+01   7.9999343e+00
   1.4257964e+01   7.9999347e+00
   1.4274111e+01   7.9999351e+00
   1.4290258e+01   7.9999354e+00
   1.4306405e+01   7.9999358e+00
   1.4322553e+01   7.9999361e+00
   1.4338700e+01   7.9999365e+00
   1.4354847e+01   7.9999368e+00
   1.4370994e+01   7.9999372e+00
   1.4387141e+01   7.9999375e+00
   1.4403288e+01   7.9999379e+00
   1.4419436e+01   7.9999382e+00
   1.4435583e+01   7.9999386e+00
   1.4451730e+01   7.9999389e+00
   1.4467877e+01   7.9999392e+00
   1.4484024e+01   7.9999396e+00
   1.4500172e+01   7.9999399e+00
   1.4516319e+01   7.9999402e+00
   1.4532466e+01   7.9999405e+00
   1.4548613e+01   7.9999409e+00
   1.4564760e+01   7.9999412e+00
   1.4580907e+01   7.9999415e+00
   1.4597055e+01   7.9999418e+00
   1.4613202e+01   7.9999421e+00
   1.4629349e+01   7.9999425e+00
   1.4645496e+01   7.9999428e+00
   1.4661643e+01   7.9999431e+00
   1.4677791e+01   7.9999434e+00
   1.4693938e+01   7.9999437e+00
   1.4710085e+01   7.9999440e+00
   1.4726232e+01   7.9999443e+00
   1.4742379e+01   7.9999446e+00
   1.4758527e+01   7.9999449e+00
   1.4774674e+01   7.9999452e+00
   1.4790821e+01   7.9999455e+00
   1.4806968e+01   7.9999458e+00
   1.4823115e+01   7.9999461e+00
   1.4839262e+01   7.9999463e+00
   1.4855410e+01   7.9999466e+00
   1.4871557e+01   7.9999469e+00
   1.4887704e+01   7.9999472e+00
   1.4903851e+01   7.9999475e+00
   1.4919998e+01   7.9999478e+00
   1.4936146e+01   7.9999480e+00
   1.4952293e+01   7.9999483e+00
   1.4968440e+01   7.9999486e+00
   1.4984587e+01   7.9999489e+00
   1.5000734e+01   7.9999491e+00
   1.5016881e+01   7.9999494e+00
   1.5033029e+01   7.9999497e+00
   1.5049176e+01   7.9999499e+00
   1.5065323e+01   7.9999502e+00
   1.5081470e+01   7.9999504e+00
   1.5097617e+01   7.9999507e+00
   1.5113765e+01   7.9999510e+00
   1.5129912e+01   7.9999512e+00
   1.5146059e+01   7.9999515e+00
   1.5162206e+01   7.9999517e+00
   1.5178353e+01   7.9999520e+00
   1.5194500e+01   7.9999522e+00
   1.5210648e+01   7.9999525e+00
   1.5226795e+01   7.9999527e+00
   1.5242942e+01   7.9999530e+00
   1.5259089e+01   7.9999532e+00
   1.5275236e+01   7.9999535e+00
   1.5291384e+01   7.9999537e+00
   1.5307531e+01   7.9999539e+00
   1.5323678e+01   7.9999542e+00
   1.5339825e+01   7.9999544e+00
   1.5355972e+01   7.9999547e+00
   1.5372120e+01   7.9999549e+00
   1.5388267e+01   7.9999551e+00
   1.5404414e+01   7.9999553e+00
   1.5420561e+01   7.9999556e+00
   1.5436708e+01   7.9999558e+00
   1.5452855e+01   7.9999560e+00
   1.5469003e+01   7.9999563e+00
   1.5485150e+01   7.9999565e+00
   1.5501297e+01   7.9999567e+00
   1.5517444e+01   7.9999569e+00
   1.5533591e+01   7.9999571e+00
   1.5549739e+01   7.9999574e+00
   1.5565886e+01   7.9999576e+00
   1.5582033e+01   7.9999578e+00
   1.5598180e+01   7.9999580e+00
   1.5614327e+01   7.9999582e+00
   1.5630474e+01   7.9999584e+00
   1.5646622e+01   7.9999586e+00
   1.5662769e+01   7.9999589e+00
   1.5678916e+01   7.9999591e+00
   1.5695063e+01   7.9999593e+00
   1.5711210e+01   7.9999595e+00
   1.5727358e+01   7.9999597e+00
   1.5743505e+01   7.9999599e+00
   1.5759652e+01   7.9999601e+00
   1.5775799e+01   7.9999603e+00
   1.5791946e+01   7.9999605e+00
   1.5808093e+01   7.9999607e+00
   1.5824241e+01   7.9999609e+00
   1.5840388e+01   7.9999611e+00
   1.5856535e+01   7.9999613e+00
   1.5872682e+01   7.9999615e+00
   1.5888829e+01   7.9999617e+00
   1.5904977e+01   7.9999619e+00
   1.5921124e+01   7.9999620e+00
   1.5937271e+01   7.9999622e+00
   1.5953418e+01   7.9999624e+00
   1.5969565e+01   7.9999626e+00
   1.5985713e+01   7.9999628e+00
   1.6001860e+01   7.9999630e+00
   1.6018007e+01   7.9999632e+00
   1.6034154e+01   7.9999633e+00
   1.6050301e+01   7.9999635e+00
   1.6066448e+01   7.9999637e+00
   1.6082596e+01   7.9999639e+00
   1.6098743e+01   7.9999641e+00
   1.6114890e+01   7.9999642e+00
   1.6131037e+01   7.9999644e+00
