# Z 91 rho 15.2404 A(Z) 231.036
1 13.66 0.004702 6516 0 0 6529.66
1.007 13.65 0.004744 6438 0 0 6451.65
1.007 13.65 0.004744 6855 0 0 6868.65
1.11 13.52 0.005389 5725 0 0 5738.53
1.224 13.38 0.006084 4783 0 0 4796.39
1.224 13.38 0.006084 4851 0 0 4864.39
1.303 13.28 0.006545 4294 0 0 4307.29
1.387 13.18 0.007035 3803 0 0 3816.19
1.387 13.18 0.007035 3879 0 0 3892.19
1.5 13.03 0.007715 3313 0 0 3326.04
2 12.36 0.01068 1821 0 0 1833.37
3 11.07 0.01644 744.7 0 0 755.786
3.01 11.06 0.01649 739 0 0 750.076
3.442 10.54 0.01886 544.3 0 0 554.859
3.442 10.54 0.01886 1352 0 0 1362.56
3.525 10.45 0.01932 1260 0 0 1270.47
3.611 10.35 0.01977 1175 0 0 1185.37
3.611 10.35 0.01977 1684 0 0 1694.37
4 9.908 0.02178 1305 0 0 1314.93
4.174 9.72 0.02265 1172 0 0 1181.74
4.174 9.72 0.02265 1365 0 0 1374.74
5 8.894 0.02659 866.9 0 0 875.821
5.001 8.894 0.02661 866.7 0 0 875.621
5.001 8.894 0.02661 919.9 0 0 928.821
5.02 8.892 0.02713 911.1 0 0 920.019
5.367 8.557 0.02823 772.6 0 0 781.185
5.367 8.557 0.02823 805.7 0 0 814.285
6 8.023 0.03089 613.6 0 0 621.654
7.03 7.269 0.03573 414.3 0 0 421.605
8 6.613 0.03842 300.8 0 0 307.451
9.04 6.013 0.04178 221 0 0 227.055
10 5.534 0.04507 171.4 0 0 176.979
11.05 5.071 0.04838 132.6 0 0 137.719
13.06 4.328 0.05386 86.42 0 0 90.8019
15 3.751 0.05839 60.6 0 0 64.4094
15.07 3.732 0.05854 59.87 0 0 63.6605
16.73 3.326 0.06198 45.64 0 0 49.028
16.73 3.326 0.06198 109.6 0 0 112.988
17.08 3.25 0.06266 103.7 0 0 107.013
19.09 2.856 0.06624 76.59 0 0 79.5122
20 2.698 0.06772 67.48 0 0 70.2457
20.31 2.646 0.06821 64.75 0 0 67.4642
20.31 2.646 0.06821 91.8 0 0 94.5142
21.1 2.526 0.06941 83.22 0 0 85.8154
21.1 2.525 0.06941 83.18 0 0 85.7744
21.1 2.525 0.06941 96 0 0 98.5944
23.11 2.254 0.07223 76.13 0 0 78.4562
25.12 2.021 0.07478 61.52 0 0 63.6158
27.13 1.822 0.07709 50.54 0 0 52.4391
29.14 1.653 0.07918 42.11 0 0 43.8422
30 1.589 0.08002 39.1 0 0 40.769
31.15 1.509 0.0811 35.43 0 0 37.0201
33.16 1.386 0.08284 30.08 0 0 31.5488
35.17 1.278 0.08443 25.78 0 0 27.1424
37.18 1.184 0.08587 22.29 0 0 23.5599
39.19 1.099 0.08717 19.42 0 0 20.6062
40 1.068 0.08766 18.41 0 0 19.5657
41.2 1.024 0.08835 17.02 0 0 18.1323
43.21 0.9559 0.08941 15 0 0 16.0453
45.22 0.8943 0.09037 13.3 0 0 14.2847
47.23 0.8383 0.09124 11.85 0 0 12.7795
49.24 0.7873 0.09202 10.61 0 0 11.4893
50 0.7692 0.0923 10.19 0 0 11.0515
51.25 0.7406 0.09273 9.534 0 0 10.3673
53.26 0.6978 0.09336 8.602 0 0 9.39316
55.27 0.6586 0.09393 7.791 0 0 8.54353
57.28 0.6226 0.09444 7.081 0 0 7.79804
59.29 0.5894 0.09489 6.457 0 0 7.14129
60 0.5784 0.09504 6.256 0 0 6.92944
61.3 0.5589 0.09529 5.904 0 0 6.55819
63.31 0.5308 0.09564 5.413 0 0 6.03944
65.32 0.5048 0.09594 4.976 0 0 5.57674
67.33 0.4807 0.0962 4.586 0 0 5.1629
69.34 0.4583 0.09643 4.237 0 0 4.79173
71.35 0.4376 0.09663 3.923 0 0 4.45723
73.36 0.4183 0.09679 3.64 0 0 4.15509
75.37 0.4003 0.09693 3.384 0 0 3.88123
77.38 0.3836 0.09704 3.153 0 0 3.63364
79.39 0.3679 0.09712 2.943 0 0 3.40802
80 0.3634 0.09715 2.883 0 0 3.34355
81.4 0.3532 0.09719 2.75 0 0 3.20039
83.41 0.3395 0.09724 2.574 0 0 3.01074
85.42 0.3265 0.09727 2.414 0 0 2.83777
87.43 0.3144 0.09728 2.266 0 0 2.67768
89.44 0.3029 0.09728 2.131 0 0 2.53118
91.45 0.2921 0.09727 2.006 0 0 2.39537
93.46 0.2818 0.09724 1.892 0 0 2.27104
95.47 0.2721 0.0972 1.786 0 0 2.1553
97.49 0.2629 0.09715 1.688 0 0 2.04805
99.5 0.2542 0.09709 1.597 0 0 1.94829
100 0.252 0.09707 1.575 0 0 1.92407
101.5 0.2458 0.09701 1.512 0 0 1.85481
103.5 0.2379 0.09694 1.434 0 0 1.76884
105.5 0.2303 0.09685 1.361 0 0 1.68815
107.5 0.2232 0.09675 1.293 0 0 1.61295
109.5 0.2163 0.09664 1.23 0 0 1.54294
111.6 0.2097 0.09653 1.171 0 0 1.47723
112.6 0.2065 0.09647 1.142 0 0 1.44497
112.6 0.2065 0.09647 4.895 0 0 5.19797
113.6 0.2035 0.09641 4.79 0 0 5.08991
115.6 0.1975 0.09628 4.581 0 0 4.87478
117.6 0.1918 0.09615 4.384 0 0 4.67195
119.6 0.1863 0.09601 4.199 0 0 4.48131
121.6 0.1811 0.09586 4.024 0 0 4.30096
123.6 0.1761 0.09571 3.86 0 0 4.13181
125.6 0.1713 0.09556 3.705 0 0 3.97186
127.6 0.1667 0.0954 3.558 0 0 3.8201
129.6 0.1622 0.09523 3.419 0 0 3.67643
131.7 0.158 0.09506 3.288 0 0 3.54106
133.7 0.1539 0.09489 3.163 0 0 3.41179
135.7 0.15 0.09472 3.045 0 0 3.28972
137.7 0.1462 0.09454 2.933 0 0 3.17374
139.7 0.1425 0.09436 2.826 0 0 3.06286
141.7 0.139 0.09418 2.725 0 0 2.95818
143.7 0.1356 0.094 2.628 0 0 2.8576
145.7 0.1324 0.09382 2.537 0 0 2.76322
147.7 0.1292 0.09363 2.449 0 0 2.67183
149.7 0.1262 0.09344 2.366 0 0 2.58564
150 0.1258 0.09342 2.356 0 0 2.57522
151.8 0.1233 0.09325 2.286 0 0 2.50255
153.8 0.1205 0.09306 2.211 0 0 2.42456
155.8 0.1177 0.09287 2.138 0 0 2.34857
157.8 0.1151 0.09268 2.069 0 0 2.27678
159.8 0.1125 0.09249 2.003 0 0 2.20799
161.8 0.1101 0.0923 1.939 0 0 2.1414
163.8 0.1077 0.0921 1.879 0 0 2.0788
165.8 0.1054 0.09191 1.821 0 0 2.01831
167.8 0.1031 0.09171 1.765 0 0 1.95981
169.9 0.101 0.09152 1.712 0 0 1.90452
171.9 0.09887 0.09132 1.661 0 0 1.85119
173.9 0.09684 0.09113 1.612 0 0 1.79997
175.9 0.09487 0.09093 1.565 0 0 1.7508
177.9 0.09296 0.09073 1.52 0 0 1.70369
179.9 0.09111 0.09054 1.476 0 0 1.65765
181.9 0.08932 0.09034 1.435 0 0 1.61466
183.9 0.08757 0.09014 1.395 0 0 1.57271
185.9 0.08588 0.08995 1.356 0 0 1.53183
187.9 0.08424 0.08975 1.319 0 0 1.49299
189.9 0.08265 0.08955 1.284 0 0 1.4562
192 0.0811 0.08936 1.249 0 0 1.41946
194 0.07959 0.08916 1.216 0 0 1.38475
196 0.07813 0.08896 1.184 0 0 1.35109
198 0.07671 0.08877 1.154 0 0 1.31948
200 0.07533 0.08857 1.124 0 0 1.2879
300 0.03613 0.07958 0.3996 0 0 0.51531
400 0.02125 0.07246 0.1967 0 0 0.29041
500 0.01398 0.06681 0.1161 0 0 0.19689
600 0.009884 0.06219 0.07666 0 0 0.148734
800 0.00569 0.055 0.04111 0 0 0.1018
1000 0.003691 0.04966 0.02603 0 0 0.079381
1022 0.00354 0.04913 0.02492 0 0 0.07759
1250 0.002389 0.04452 0.01684 0.0004465 0 0.0641955
1500 0.001671 0.04053 0.01198 0.002195 0 0.056376
2000 0.0009475 0.03464 0.007236 0.006449 0 0.0492725
2044 0.0009076 0.03422 0.006975 0.006808 0 0.0489106
3000 0.0004241 0.02729 0.003769 0.01347 9.535e-06 0.0449626
4000 0.0002392 0.02279 0.002461 0.01892 3.884e-05 0.044449
5000 0.0001533 0.01968 0.0018 0.02347 7.723e-05 0.0451805
6000 0.0001065 0.0174 0.001408 0.02737 0.0001184 0.0464029
7000 7.83e-05 0.01564 0.001151 0.03084 0.0001592 0.0478685
8000 5.995e-05 0.01424 0.0009712 0.03396 0.0001987 0.0494298
9000 4.739e-05 0.01309 0.0008385 0.0368 0.0002364 0.0510123
10000 3.839e-05 0.01213 0.0007371 0.03944 0.0002721 0.0526176
