   0.0000000e+00   0.0000000e+00
   1.6147184e-02   2.6164207e-01
   3.2294369e-02   9.6951166e-01
   4.8441553e-02   2.0008721e+00
   6.4588737e-02   3.2349548e+00
   8.0735922e-02   4.5649910e+00
   9.6883106e-02   5.9060678e+00
   1.1303029e-01   7.1983234e+00
   1.2917747e-01   8.4060804e+00
   1.4532466e-01   9.5141679e+00
   1.6147184e-01   1.0522844e+01
   1.7761903e-01   1.1442524e+01
   1.9376621e-01   1.2289129e+01
   2.0991340e-01   1.3080466e+01
   2.2606058e-01   1.3833719e+01
   2.4220777e-01   1.4563948e+01
   2.5835495e-01   1.5283364e+01
   2.7450213e-01   1.6001177e+01
   2.9064932e-01   1.6723774e+01
   3.0679650e-01   1.7455105e+01
   3.2294369e-01   1.8197133e+01
   3.3909087e-01   1.8950285e+01
   3.5523806e-01   1.9713870e+01
   3.7138524e-01   2.0486430e+01
   3.8753242e-01   2.1266024e+01
   4.0367961e-01   2.2050453e+01
   4.1982679e-01   2.2837427e+01
   4.3597398e-01   2.3624686e+01
   4.5212116e-01   2.4410081e+01
   4.6826835e-01   2.5191625e+01
   4.8441553e-01   2.5967527e+01
   5.0056272e-01   2.6736202e+01
   5.1670990e-01   2.7496274e+01
   5.3285708e-01   2.8246574e+01
   5.4900427e-01   2.8986121e+01
   5.6515145e-01   2.9714115e+01
   5.8129864e-01   3.0429916e+01
   5.9744582e-01   3.1133029e+01
   6.1359301e-01   3.1823090e+01
   6.2974019e-01   3.2499846e+01
   6.4588737e-01   3.3163144e+01
   6.6203456e-01   3.3812916e+01
   6.7818174e-01   3.4449167e+01
   6.9432893e-01   3.5071963e+01
   7.1047611e-01   3.5681424e+01
   7.2662330e-01   3.6277710e+01
   7.4277048e-01   3.6861021e+01
   7.5891767e-01   3.7431583e+01
   7.7506485e-01   3.7989645e+01
   7.9121203e-01   3.8535477e+01
   8.0735922e-01   3.9069359e+01
   8.2350640e-01   3.9591585e+01
   8.3965359e-01   4.0102454e+01
   8.5580077e-01   4.0602267e+01
   8.7194796e-01   4.1091332e+01
   8.8809514e-01   4.1569952e+01
   9.0424232e-01   4.2038433e+01
   9.2038951e-01   4.2497073e+01
   9.3653669e-01   4.2946171e+01
   9.5268388e-01   4.3386017e+01
   9.6883106e-01   4.3816899e+01
   9.8497825e-01   4.4239096e+01
   1.0011254e+00   4.4652881e+01
   1.0172726e+00   4.5058521e+01
   1.0334198e+00   4.5456275e+01
   1.0495670e+00   4.5846395e+01
   1.0657142e+00   4.6229126e+01
   1.0818614e+00   4.6604705e+01
   1.0980085e+00   4.6973361e+01
   1.1141557e+00   4.7335316e+01
   1.1303029e+00   4.7690786e+01
   1.1464501e+00   4.8039978e+01
   1.1625973e+00   4.8383093e+01
   1.1787445e+00   4.8720325e+01
   1.1948916e+00   4.9051861e+01
   1.2110388e+00   4.9377880e+01
   1.2271860e+00   4.9698558e+01
   1.2433332e+00   5.0014062e+01
   1.2594804e+00   5.0324553e+01
   1.2756276e+00   5.0630188e+01
   1.2917747e+00   5.0931117e+01
   1.3079219e+00   5.1227485e+01
   1.3240691e+00   5.1519431e+01
   1.3402163e+00   5.1807089e+01
   1.3563635e+00   5.2090589e+01
   1.3725107e+00   5.2370056e+01
   1.3886579e+00   5.2645609e+01
   1.4048050e+00   5.2917365e+01
   1.4209522e+00   5.3185435e+01
   1.4370994e+00   5.3449925e+01
   1.4532466e+00   5.3710941e+01
   1.4693938e+00   5.3968580e+01
   1.4855410e+00   5.4222939e+01
   1.5016881e+00   5.4474111e+01
   1.5178353e+00   5.4722184e+01
   1.5339825e+00   5.4967245e+01
   1.5501297e+00   5.5209375e+01
   1.5662769e+00   5.5448655e+01
   1.5824241e+00   5.5685161e+01
   1.5985713e+00   5.5918967e+01
   1.6147184e+00   5.6150144e+01
   1.6308656e+00   5.6378762e+01
   1.6470128e+00   5.6604886e+01
   1.6631600e+00   5.6828581e+01
   1.6793072e+00   5.7049907e+01
   1.6954544e+00   5.7268924e+01
   1.7116015e+00   5.7485690e+01
   1.7277487e+00   5.7700259e+01
   1.7438959e+00   5.7912686e+01
   1.7600431e+00   5.8123020e+01
   1.7761903e+00   5.8331312e+01
   1.7923375e+00   5.8537610e+01
   1.8084846e+00   5.8741960e+01
   1.8246318e+00   5.8944406e+01
   1.8407790e+00   5.9144991e+01
   1.8569262e+00   5.9343757e+01
   1.8730734e+00   5.9540744e+01
   1.8892206e+00   5.9735991e+01
   1.9053678e+00   5.9929534e+01
   1.9215149e+00   6.0121409e+01
   1.9376621e+00   6.0311653e+01
   1.9538093e+00   6.0500298e+01
   1.9699565e+00   6.0687376e+01
   1.9861037e+00   6.0872920e+01
   2.0022509e+00   6.1056959e+01
   2.0183980e+00   6.1239523e+01
   2.0345452e+00   6.1420640e+01
   2.0506924e+00   6.1600337e+01
   2.0668396e+00   6.1778641e+01
   2.0829868e+00   6.1955577e+01
   2.0991340e+00   6.2131171e+01
   2.1152812e+00   6.2305445e+01
   2.1314283e+00   6.2478424e+01
   2.1475755e+00   6.2650129e+01
   2.1637227e+00   6.2820583e+01
   2.1798699e+00   6.2989805e+01
   2.1960171e+00   6.3157817e+01
   2.2121643e+00   6.3324638e+01
   2.2283114e+00   6.3490286e+01
   2.2444586e+00   6.3654781e+01
   2.2606058e+00   6.3818139e+01
   2.2767530e+00   6.3980379e+01
   2.2929002e+00   6.4141517e+01
   2.3090474e+00   6.4301568e+01
   2.3251945e+00   6.4460549e+01
   2.3413417e+00   6.4618475e+01
   2.3574889e+00   6.4775360e+01
   2.3736361e+00   6.4931219e+01
   2.3897833e+00   6.5086065e+01
   2.4059305e+00   6.5239911e+01
   2.4220777e+00   6.5392772e+01
   2.4382248e+00   6.5544658e+01
   2.4543720e+00   6.5695583e+01
   2.4705192e+00   6.5845557e+01
   2.4866664e+00   6.5994594e+01
   2.5028136e+00   6.6142702e+01
   2.5189608e+00   6.6289895e+01
   2.5351079e+00   6.6436181e+01
   2.5512551e+00   6.6581571e+01
   2.5674023e+00   6.6726075e+01
   2.5835495e+00   6.6869703e+01
   2.5996967e+00   6.7012463e+01
   2.6158439e+00   6.7154365e+01
   2.6319911e+00   6.7295418e+01
   2.6481382e+00   6.7435629e+01
   2.6642854e+00   6.7575009e+01
   2.6804326e+00   6.7713563e+01
   2.6965798e+00   6.7851301e+01
   2.7127270e+00   6.7988230e+01
   2.7288742e+00   6.8124358e+01
   2.7450213e+00   6.8259690e+01
   2.7611685e+00   6.8394236e+01
   2.7773157e+00   6.8528001e+01
   2.7934629e+00   6.8660993e+01
   2.8096101e+00   6.8793217e+01
   2.8257573e+00   6.8924680e+01
   2.8419044e+00   6.9055388e+01
   2.8580516e+00   6.9185348e+01
   2.8741988e+00   6.9314565e+01
   2.8903460e+00   6.9443045e+01
   2.9064932e+00   6.9570793e+01
   2.9226404e+00   6.9697815e+01
   2.9387876e+00   6.9824117e+01
   2.9549347e+00   6.9949703e+01
   2.9710819e+00   7.0074579e+01
   2.9872291e+00   7.0198750e+01
   3.0033763e+00   7.0322220e+01
   3.0195235e+00   7.0444994e+01
   3.0356707e+00   7.0567077e+01
   3.0518178e+00   7.0688474e+01
   3.0679650e+00   7.0809189e+01
   3.0841122e+00   7.0929227e+01
   3.1002594e+00   7.1048591e+01
   3.1164066e+00   7.1167286e+01
   3.1325538e+00   7.1285316e+01
   3.1487010e+00   7.1402686e+01
   3.1648481e+00   7.1519398e+01
   3.1809953e+00   7.1635457e+01
   3.1971425e+00   7.1750868e+01
   3.2132897e+00   7.1865633e+01
   3.2294369e+00   7.1979756e+01
   3.2455841e+00   7.2093242e+01
   3.2617312e+00   7.2206092e+01
   3.2778784e+00   7.2318313e+01
   3.2940256e+00   7.2429905e+01
   3.3101728e+00   7.2540874e+01
   3.3263200e+00   7.2651222e+01
   3.3424672e+00   7.2760953e+01
   3.3586143e+00   7.2870069e+01
   3.3747615e+00   7.2978575e+01
   3.3909087e+00   7.3086473e+01
   3.4070559e+00   7.3193767e+01
   3.4232031e+00   7.3300459e+01
   3.4393503e+00   7.3406553e+01
   3.4554975e+00   7.3512052e+01
   3.4716446e+00   7.3616958e+01
   3.4877918e+00   7.3721275e+01
   3.5039390e+00   7.3825006e+01
   3.5200862e+00   7.3928153e+01
   3.5362334e+00   7.4030719e+01
   3.5523806e+00   7.4132708e+01
   3.5685277e+00   7.4234121e+01
   3.5846749e+00   7.4334962e+01
   3.6008221e+00   7.4435234e+01
   3.6169693e+00   7.4534939e+01
   3.6331165e+00   7.4634079e+01
   3.6492637e+00   7.4732658e+01
   3.6654109e+00   7.4830679e+01
   3.6815580e+00   7.4928143e+01
   3.6977052e+00   7.5025054e+01
   3.7138524e+00   7.5121413e+01
   3.7299996e+00   7.5217224e+01
   3.7461468e+00   7.5312490e+01
   3.7622940e+00   7.5407212e+01
   3.7784411e+00   7.5501393e+01
   3.7945883e+00   7.5595037e+01
   3.8107355e+00   7.5688144e+01
   3.8268827e+00   7.5780718e+01
   3.8430299e+00   7.5872761e+01
   3.8591771e+00   7.5964276e+01
   3.8753242e+00   7.6055265e+01
   3.8914714e+00   7.6145730e+01
   3.9076186e+00   7.6235674e+01
   3.9237658e+00   7.6325100e+01
   3.9399130e+00   7.6414009e+01
   3.9560602e+00   7.6502404e+01
   3.9722074e+00   7.6590288e+01
   3.9883545e+00   7.6677662e+01
   4.0045017e+00   7.6764530e+01
   4.0206489e+00   7.6850893e+01
   4.0367961e+00   7.6936753e+01
   4.0529433e+00   7.7022114e+01
   4.0690905e+00   7.7106977e+01
   4.0852376e+00   7.7191345e+01
   4.1013848e+00   7.7275220e+01
   4.1175320e+00   7.7358605e+01
   4.1336792e+00   7.7441501e+01
   4.1498264e+00   7.7523910e+01
   4.1659736e+00   7.7605836e+01
   4.1821208e+00   7.7687280e+01
   4.1982679e+00   7.7768245e+01
   4.2144151e+00   7.7848733e+01
   4.2305623e+00   7.7928746e+01
   4.2467095e+00   7.8008286e+01
   4.2628567e+00   7.8087356e+01
   4.2790039e+00   7.8165958e+01
   4.2951510e+00   7.8244094e+01
   4.3112982e+00   7.8321766e+01
   4.3274454e+00   7.8398976e+01
   4.3435926e+00   7.8475727e+01
   4.3597398e+00   7.8552021e+01
   4.3758870e+00   7.8627860e+01
   4.3920341e+00   7.8703247e+01
   4.4081813e+00   7.8778183e+01
   4.4243285e+00   7.8852670e+01
   4.4404757e+00   7.8926711e+01
   4.4566229e+00   7.9000308e+01
   4.4727701e+00   7.9073464e+01
   4.4889173e+00   7.9146179e+01
   4.5050644e+00   7.9218457e+01
   4.5212116e+00   7.9290300e+01
   4.5373588e+00   7.9361709e+01
   4.5535060e+00   7.9432687e+01
   4.5696532e+00   7.9503236e+01
   4.5858004e+00   7.9573358e+01
   4.6019475e+00   7.9643056e+01
   4.6180947e+00   7.9712331e+01
   4.6342419e+00   7.9781185e+01
   4.6503891e+00   7.9849621e+01
   4.6665363e+00   7.9917641e+01
   4.6826835e+00   7.9985247e+01
   4.6988307e+00   8.0052440e+01
   4.7149778e+00   8.0119224e+01
   4.7311250e+00   8.0185600e+01
   4.7472722e+00   8.0251570e+01
   4.7634194e+00   8.0317136e+01
   4.7795666e+00   8.0382300e+01
   4.7957138e+00   8.0447066e+01
   4.8118609e+00   8.0511433e+01
   4.8280081e+00   8.0575405e+01
   4.8441553e+00   8.0638984e+01
   4.8603025e+00   8.0702172e+01
   4.8764497e+00   8.0764970e+01
   4.8925969e+00   8.0827381e+01
   4.9087440e+00   8.0889407e+01
   4.9248912e+00   8.0951049e+01
   4.9410384e+00   8.1012311e+01
   4.9571856e+00   8.1073193e+01
   4.9733328e+00   8.1133699e+01
   4.9894800e+00   8.1193829e+01
   5.0056272e+00   8.1253587e+01
   5.0217743e+00   8.1312973e+01
   5.0379215e+00   8.1371990e+01
   5.0540687e+00   8.1430640e+01
   5.0702159e+00   8.1488926e+01
   5.0863631e+00   8.1546848e+01
   5.1025103e+00   8.1604409e+01
   5.1186574e+00   8.1661611e+01
   5.1348046e+00   8.1718455e+01
   5.1509518e+00   8.1774945e+01
   5.1670990e+00   8.1831081e+01
   5.1832462e+00   8.1886866e+01
   5.1993934e+00   8.1942302e+01
   5.2155406e+00   8.1997390e+01
   5.2316877e+00   8.2052133e+01
   5.2478349e+00   8.2106532e+01
   5.2639821e+00   8.2160589e+01
   5.2801293e+00   8.2214307e+01
   5.2962765e+00   8.2267687e+01
   5.3124237e+00   8.2320731e+01
   5.3285708e+00   8.2373442e+01
   5.3447180e+00   8.2425820e+01
   5.3608652e+00   8.2477867e+01
   5.3770124e+00   8.2529587e+01
   5.3931596e+00   8.2580980e+01
   5.4093068e+00   8.2632048e+01
   5.4254539e+00   8.2682794e+01
   5.4416011e+00   8.2733218e+01
   5.4577483e+00   8.2783324e+01
   5.4738955e+00   8.2833112e+01
   5.4900427e+00   8.2882585e+01
   5.5061899e+00   8.2931745e+01
   5.5223371e+00   8.2980593e+01
   5.5384842e+00   8.3029130e+01
   5.5546314e+00   8.3077360e+01
   5.5707786e+00   8.3125283e+01
   5.5869258e+00   8.3172902e+01
   5.6030730e+00   8.3220218e+01
   5.6192202e+00   8.3267234e+01
   5.6353673e+00   8.3313950e+01
   5.6515145e+00   8.3360368e+01
   5.6676617e+00   8.3406491e+01
   5.6838089e+00   8.3452320e+01
   5.6999561e+00   8.3497857e+01
   5.7161033e+00   8.3543104e+01
   5.7322505e+00   8.3588062e+01
   5.7483976e+00   8.3632733e+01
   5.7645448e+00   8.3677118e+01
   5.7806920e+00   8.3721220e+01
   5.7968392e+00   8.3765041e+01
   5.8129864e+00   8.3808581e+01
   5.8291336e+00   8.3851843e+01
   5.8452807e+00   8.3894828e+01
   5.8614279e+00   8.3937538e+01
   5.8775751e+00   8.3979974e+01
   5.8937223e+00   8.4022139e+01
   5.9098695e+00   8.4064034e+01
   5.9260167e+00   8.4105660e+01
   5.9421638e+00   8.4147019e+01
   5.9583110e+00   8.4188114e+01
   5.9744582e+00   8.4228944e+01
   5.9906054e+00   8.4269513e+01
   6.0067526e+00   8.4309822e+01
   6.0228998e+00   8.4349872e+01
   6.0390470e+00   8.4389664e+01
   6.0551941e+00   8.4429201e+01
   6.0713413e+00   8.4468485e+01
   6.0874885e+00   8.4507515e+01
   6.1036357e+00   8.4546295e+01
   6.1197829e+00   8.4584826e+01
   6.1359301e+00   8.4623109e+01
   6.1520772e+00   8.4661146e+01
   6.1682244e+00   8.4698939e+01
   6.1843716e+00   8.4736488e+01
   6.2005188e+00   8.4773795e+01
   6.2166660e+00   8.4810863e+01
   6.2328132e+00   8.4847692e+01
   6.2489603e+00   8.4884284e+01
   6.2651075e+00   8.4920641e+01
   6.2812547e+00   8.4956763e+01
   6.2974019e+00   8.4992653e+01
   6.3135491e+00   8.5028312e+01
   6.3296963e+00   8.5063741e+01
   6.3458435e+00   8.5098941e+01
   6.3619906e+00   8.5133916e+01
   6.3781378e+00   8.5168664e+01
   6.3942850e+00   8.5203189e+01
   6.4104322e+00   8.5237492e+01
   6.4265794e+00   8.5271573e+01
   6.4427266e+00   8.5305435e+01
   6.4588737e+00   8.5339078e+01
   6.4750209e+00   8.5372505e+01
   6.4911681e+00   8.5405716e+01
   6.5073153e+00   8.5438714e+01
   6.5234625e+00   8.5471498e+01
   6.5396097e+00   8.5504071e+01
   6.5557569e+00   8.5536435e+01
   6.5719040e+00   8.5568589e+01
   6.5880512e+00   8.5600537e+01
   6.6041984e+00   8.5632278e+01
   6.6203456e+00   8.5663815e+01
   6.6364928e+00   8.5695149e+01
   6.6526400e+00   8.5726280e+01
   6.6687871e+00   8.5757211e+01
   6.6849343e+00   8.5787943e+01
   6.7010815e+00   8.5818476e+01
   6.7172287e+00   8.5848813e+01
   6.7333759e+00   8.5878954e+01
   6.7495231e+00   8.5908901e+01
   6.7656702e+00   8.5938656e+01
   6.7818174e+00   8.5968218e+01
   6.7979646e+00   8.5997590e+01
   6.8141118e+00   8.6026773e+01
   6.8302590e+00   8.6055768e+01
   6.8464062e+00   8.6084576e+01
   6.8625534e+00   8.6113198e+01
   6.8787005e+00   8.6141636e+01
   6.8948477e+00   8.6169892e+01
   6.9109949e+00   8.6197965e+01
   6.9271421e+00   8.6225857e+01
   6.9432893e+00   8.6253570e+01
   6.9594365e+00   8.6281105e+01
   6.9755836e+00   8.6308463e+01
   6.9917308e+00   8.6335644e+01
   7.0078780e+00   8.6362651e+01
   7.0240252e+00   8.6389484e+01
   7.0401724e+00   8.6416145e+01
   7.0563196e+00   8.6442634e+01
   7.0724668e+00   8.6468952e+01
   7.0886139e+00   8.6495102e+01
   7.1047611e+00   8.6521084e+01
   7.1209083e+00   8.6546899e+01
   7.1370555e+00   8.6572548e+01
   7.1532027e+00   8.6598032e+01
   7.1693499e+00   8.6623353e+01
   7.1854970e+00   8.6648511e+01
   7.2016442e+00   8.6673507e+01
   7.2177914e+00   8.6698344e+01
   7.2339386e+00   8.6723021e+01
   7.2500858e+00   8.6747539e+01
   7.2662330e+00   8.6771901e+01
   7.2823801e+00   8.6796106e+01
   7.2985273e+00   8.6820156e+01
   7.3146745e+00   8.6844053e+01
   7.3308217e+00   8.6867796e+01
   7.3469689e+00   8.6891387e+01
   7.3631161e+00   8.6914827e+01
   7.3792633e+00   8.6938117e+01
   7.3954104e+00   8.6961258e+01
   7.4115576e+00   8.6984251e+01
   7.4277048e+00   8.7007097e+01
   7.4438520e+00   8.7029797e+01
   7.4599992e+00   8.7052352e+01
   7.4761464e+00   8.7074762e+01
   7.4922935e+00   8.7097030e+01
   7.5084407e+00   8.7119155e+01
   7.5245879e+00   8.7141139e+01
   7.5407351e+00   8.7162983e+01
   7.5568823e+00   8.7184688e+01
   7.5730295e+00   8.7206254e+01
   7.5891767e+00   8.7227683e+01
   7.6053238e+00   8.7248975e+01
   7.6214710e+00   8.7270131e+01
   7.6376182e+00   8.7291153e+01
   7.6537654e+00   8.7312041e+01
   7.6699126e+00   8.7332796e+01
   7.6860598e+00   8.7353419e+01
   7.7022069e+00   8.7373911e+01
   7.7183541e+00   8.7394272e+01
   7.7345013e+00   8.7414504e+01
   7.7506485e+00   8.7434608e+01
   7.7667957e+00   8.7454584e+01
   7.7829429e+00   8.7474433e+01
   7.7990900e+00   8.7494156e+01
   7.8152372e+00   8.7513754e+01
   7.8313844e+00   8.7533228e+01
   7.8475316e+00   8.7552579e+01
   7.8636788e+00   8.7571806e+01
   7.8798260e+00   8.7590912e+01
   7.8959732e+00   8.7609898e+01
   7.9121203e+00   8.7628762e+01
   7.9282675e+00   8.7647508e+01
   7.9444147e+00   8.7666135e+01
   7.9605619e+00   8.7684645e+01
   7.9767091e+00   8.7703037e+01
   7.9928563e+00   8.7721313e+01
   8.0090034e+00   8.7739474e+01
   8.0251506e+00   8.7757521e+01
   8.0412978e+00   8.7775453e+01
   8.0574450e+00   8.7793273e+01
   8.0735922e+00   8.7810980e+01
   8.0897394e+00   8.7828576e+01
   8.1058866e+00   8.7846061e+01
   8.1220337e+00   8.7863436e+01
   8.1381809e+00   8.7880701e+01
   8.1543281e+00   8.7897859e+01
   8.1704753e+00   8.7914908e+01
   8.1866225e+00   8.7931850e+01
   8.2027697e+00   8.7948686e+01
   8.2189168e+00   8.7965416e+01
   8.2350640e+00   8.7982041e+01
   8.2512112e+00   8.7998562e+01
   8.2673584e+00   8.8014980e+01
   8.2835056e+00   8.8031295e+01
   8.2996528e+00   8.8047507e+01
   8.3157999e+00   8.8063618e+01
   8.3319471e+00   8.8079629e+01
   8.3480943e+00   8.8095539e+01
   8.3642415e+00   8.8111350e+01
   8.3803887e+00   8.8127062e+01
   8.3965359e+00   8.8142676e+01
   8.4126831e+00   8.8158193e+01
   8.4288302e+00   8.8173613e+01
   8.4449774e+00   8.8188937e+01
   8.4611246e+00   8.8204165e+01
   8.4772718e+00   8.8219299e+01
   8.4934190e+00   8.8234338e+01
   8.5095662e+00   8.8249284e+01
   8.5257133e+00   8.8264137e+01
   8.5418605e+00   8.8278898e+01
   8.5580077e+00   8.8293567e+01
   8.5741549e+00   8.8308145e+01
   8.5903021e+00   8.8322632e+01
   8.6064493e+00   8.8337030e+01
   8.6225965e+00   8.8351339e+01
   8.6387436e+00   8.8365559e+01
   8.6548908e+00   8.8379691e+01
   8.6710380e+00   8.8393735e+01
   8.6871852e+00   8.8407693e+01
   8.7033324e+00   8.8421564e+01
   8.7194796e+00   8.8435350e+01
   8.7356267e+00   8.8449051e+01
   8.7517739e+00   8.8462667e+01
   8.7679211e+00   8.8476199e+01
   8.7840683e+00   8.8489648e+01
   8.8002155e+00   8.8503014e+01
   8.8163627e+00   8.8516298e+01
   8.8325098e+00   8.8529500e+01
   8.8486570e+00   8.8542621e+01
   8.8648042e+00   8.8555662e+01
   8.8809514e+00   8.8568622e+01
   8.8970986e+00   8.8581502e+01
   8.9132458e+00   8.8594304e+01
   8.9293930e+00   8.8607027e+01
   8.9455401e+00   8.8619673e+01
   8.9616873e+00   8.8632240e+01
   8.9778345e+00   8.8644731e+01
   8.9939817e+00   8.8657146e+01
   9.0101289e+00   8.8669485e+01
   9.0262761e+00   8.8681748e+01
   9.0424232e+00   8.8693936e+01
   9.0585704e+00   8.8706050e+01
   9.0747176e+00   8.8718091e+01
   9.0908648e+00   8.8730057e+01
   9.1070120e+00   8.8741951e+01
   9.1231592e+00   8.8753773e+01
   9.1393064e+00   8.8765523e+01
   9.1554535e+00   8.8777201e+01
   9.1716007e+00   8.8788808e+01
   9.1877479e+00   8.8800345e+01
   9.2038951e+00   8.8811812e+01
   9.2200423e+00   8.8823209e+01
   9.2361895e+00   8.8834537e+01
   9.2523366e+00   8.8845797e+01
   9.2684838e+00   8.8856989e+01
   9.2846310e+00   8.8868112e+01
   9.3007782e+00   8.8879169e+01
   9.3169254e+00   8.8890159e+01
   9.3330726e+00   8.8901082e+01
   9.3492197e+00   8.8911940e+01
   9.3653669e+00   8.8922732e+01
   9.3815141e+00   8.8933459e+01
   9.3976613e+00   8.8944121e+01
   9.4138085e+00   8.8954719e+01
   9.4299557e+00   8.8965254e+01
   9.4461029e+00   8.8975725e+01
   9.4622500e+00   8.8986133e+01
   9.4783972e+00   8.8996479e+01
   9.4945444e+00   8.9006763e+01
   9.5106916e+00   8.9016985e+01
   9.5268388e+00   8.9027146e+01
   9.5429860e+00   8.9037246e+01
   9.5591331e+00   8.9047286e+01
   9.5752803e+00   8.9057265e+01
   9.5914275e+00   8.9067185e+01
   9.6075747e+00   8.9077046e+01
   9.6237219e+00   8.9086848e+01
   9.6398691e+00   8.9096591e+01
   9.6560163e+00   8.9106276e+01
   9.6721634e+00   8.9115904e+01
   9.6883106e+00   8.9125475e+01
   9.7044578e+00   8.9134988e+01
   9.7206050e+00   8.9144445e+01
   9.7367522e+00   8.9153846e+01
   9.7528994e+00   8.9163191e+01
   9.7690465e+00   8.9172480e+01
   9.7851937e+00   8.9181715e+01
   9.8013409e+00   8.9190894e+01
   9.8174881e+00   8.9200020e+01
   9.8336353e+00   8.9209091e+01
   9.8497825e+00   8.9218109e+01
   9.8659296e+00   8.9227074e+01
   9.8820768e+00   8.9235985e+01
   9.8982240e+00   8.9244844e+01
   9.9143712e+00   8.9253651e+01
   9.9305184e+00   8.9262406e+01
   9.9466656e+00   8.9271110e+01
   9.9628128e+00   8.9279762e+01
   9.9789599e+00   8.9288363e+01
   9.9951071e+00   8.9296914e+01
   1.0011254e+01   8.9305415e+01
   1.0027401e+01   8.9313865e+01
   1.0043549e+01   8.9322266e+01
   1.0059696e+01   8.9330618e+01
   1.0075843e+01   8.9338922e+01
   1.0091990e+01   8.9347176e+01
   1.0108137e+01   8.9355382e+01
   1.0124285e+01   8.9363541e+01
   1.0140432e+01   8.9371651e+01
   1.0156579e+01   8.9379715e+01
   1.0172726e+01   8.9387731e+01
   1.0188873e+01   8.9395701e+01
   1.0205021e+01   8.9403624e+01
   1.0221168e+01   8.9411501e+01
   1.0237315e+01   8.9419332e+01
   1.0253462e+01   8.9427118e+01
   1.0269609e+01   8.9434859e+01
   1.0285756e+01   8.9442555e+01
   1.0301904e+01   8.9450206e+01
   1.0318051e+01   8.9457812e+01
   1.0334198e+01   8.9465375e+01
   1.0350345e+01   8.9472894e+01
   1.0366492e+01   8.9480370e+01
   1.0382640e+01   8.9487802e+01
   1.0398787e+01   8.9495192e+01
   1.0414934e+01   8.9502539e+01
   1.0431081e+01   8.9509843e+01
   1.0447228e+01   8.9517105e+01
   1.0463375e+01   8.9524326e+01
   1.0479523e+01   8.9531505e+01
   1.0495670e+01   8.9538643e+01
   1.0511817e+01   8.9545740e+01
   1.0527964e+01   8.9552796e+01
   1.0544111e+01   8.9559812e+01
   1.0560259e+01   8.9566787e+01
   1.0576406e+01   8.9573723e+01
   1.0592553e+01   8.9580618e+01
   1.0608700e+01   8.9587475e+01
   1.0624847e+01   8.9594292e+01
   1.0640994e+01   8.9601070e+01
   1.0657142e+01   8.9607810e+01
   1.0673289e+01   8.9614511e+01
   1.0689436e+01   8.9621174e+01
   1.0705583e+01   8.9627799e+01
   1.0721730e+01   8.9634387e+01
   1.0737878e+01   8.9640937e+01
   1.0754025e+01   8.9647449e+01
   1.0770172e+01   8.9653925e+01
   1.0786319e+01   8.9660364e+01
   1.0802466e+01   8.9666767e+01
   1.0818614e+01   8.9673133e+01
   1.0834761e+01   8.9679463e+01
   1.0850908e+01   8.9685758e+01
   1.0867055e+01   8.9692016e+01
   1.0883202e+01   8.9698240e+01
   1.0899349e+01   8.9704428e+01
   1.0915497e+01   8.9710582e+01
   1.0931644e+01   8.9716701e+01
   1.0947791e+01   8.9722785e+01
   1.0963938e+01   8.9728835e+01
   1.0980085e+01   8.9734851e+01
   1.0996233e+01   8.9740834e+01
   1.1012380e+01   8.9746782e+01
   1.1028527e+01   8.9752698e+01
   1.1044674e+01   8.9758580e+01
   1.1060821e+01   8.9764429e+01
   1.1076968e+01   8.9770246e+01
   1.1093116e+01   8.9776030e+01
   1.1109263e+01   8.9781782e+01
   1.1125410e+01   8.9787501e+01
   1.1141557e+01   8.9793189e+01
   1.1157704e+01   8.9798845e+01
   1.1173852e+01   8.9804469e+01
   1.1189999e+01   8.9810062e+01
   1.1206146e+01   8.9815624e+01
   1.1222293e+01   8.9821155e+01
   1.1238440e+01   8.9826656e+01
   1.1254588e+01   8.9832126e+01
   1.1270735e+01   8.9837565e+01
   1.1286882e+01   8.9842974e+01
   1.1303029e+01   8.9848354e+01
   1.1319176e+01   8.9853703e+01
   1.1335323e+01   8.9859023e+01
   1.1351471e+01   8.9864314e+01
   1.1367618e+01   8.9869576e+01
   1.1383765e+01   8.9874808e+01
   1.1399912e+01   8.9880011e+01
   1.1416059e+01   8.9885186e+01
   1.1432207e+01   8.9890333e+01
   1.1448354e+01   8.9895451e+01
   1.1464501e+01   8.9900541e+01
   1.1480648e+01   8.9905603e+01
   1.1496795e+01   8.9910637e+01
   1.1512942e+01   8.9915644e+01
   1.1529090e+01   8.9920623e+01
   1.1545237e+01   8.9925575e+01
   1.1561384e+01   8.9930500e+01
   1.1577531e+01   8.9935397e+01
   1.1593678e+01   8.9940269e+01
   1.1609826e+01   8.9945113e+01
   1.1625973e+01   8.9949931e+01
   1.1642120e+01   8.9954723e+01
   1.1658267e+01   8.9959489e+01
   1.1674414e+01   8.9964229e+01
   1.1690561e+01   8.9968943e+01
   1.1706709e+01   8.9973631e+01
   1.1722856e+01   8.9978294e+01
   1.1739003e+01   8.9982932e+01
   1.1755150e+01   8.9987545e+01
   1.1771297e+01   8.9992132e+01
   1.1787445e+01   8.9996695e+01
   1.1803592e+01   9.0001233e+01
   1.1819739e+01   9.0005747e+01
   1.1835886e+01   9.0010236e+01
   1.1852033e+01   9.0014701e+01
   1.1868181e+01   9.0019141e+01
   1.1884328e+01   9.0023558e+01
   1.1900475e+01   9.0027952e+01
   1.1916622e+01   9.0032321e+01
   1.1932769e+01   9.0036667e+01
   1.1948916e+01   9.0040990e+01
   1.1965064e+01   9.0045289e+01
   1.1981211e+01   9.0049566e+01
   1.1997358e+01   9.0053819e+01
   1.2013505e+01   9.0058050e+01
   1.2029652e+01   9.0062258e+01
   1.2045800e+01   9.0066444e+01
   1.2061947e+01   9.0070607e+01
   1.2078094e+01   9.0074748e+01
   1.2094241e+01   9.0078867e+01
   1.2110388e+01   9.0082964e+01
   1.2126535e+01   9.0087039e+01
   1.2142683e+01   9.0091092e+01
   1.2158830e+01   9.0095124e+01
   1.2174977e+01   9.0099135e+01
   1.2191124e+01   9.0103124e+01
   1.2207271e+01   9.0107092e+01
   1.2223419e+01   9.0111039e+01
   1.2239566e+01   9.0114965e+01
   1.2255713e+01   9.0118871e+01
   1.2271860e+01   9.0122755e+01
   1.2288007e+01   9.0126619e+01
   1.2304154e+01   9.0130463e+01
   1.2320302e+01   9.0134286e+01
   1.2336449e+01   9.0138090e+01
   1.2352596e+01   9.0141873e+01
   1.2368743e+01   9.0145636e+01
   1.2384890e+01   9.0149380e+01
   1.2401038e+01   9.0153104e+01
   1.2417185e+01   9.0156808e+01
   1.2433332e+01   9.0160493e+01
   1.2449479e+01   9.0164158e+01
   1.2465626e+01   9.0167805e+01
   1.2481774e+01   9.0171432e+01
   1.2497921e+01   9.0175040e+01
   1.2514068e+01   9.0178630e+01
   1.2530215e+01   9.0182200e+01
   1.2546362e+01   9.0185752e+01
   1.2562509e+01   9.0189286e+01
   1.2578657e+01   9.0192801e+01
   1.2594804e+01   9.0196298e+01
   1.2610951e+01   9.0199776e+01
   1.2627098e+01   9.0203237e+01
   1.2643245e+01   9.0206679e+01
   1.2659393e+01   9.0210104e+01
   1.2675540e+01   9.0213511e+01
   1.2691687e+01   9.0216900e+01
   1.2707834e+01   9.0220272e+01
   1.2723981e+01   9.0223626e+01
   1.2740128e+01   9.0226963e+01
   1.2756276e+01   9.0230282e+01
   1.2772423e+01   9.0233585e+01
   1.2788570e+01   9.0236870e+01
   1.2804717e+01   9.0240139e+01
   1.2820864e+01   9.0243391e+01
   1.2837012e+01   9.0246625e+01
   1.2853159e+01   9.0249844e+01
   1.2869306e+01   9.0253046e+01
   1.2885453e+01   9.0256231e+01
   1.2901600e+01   9.0259400e+01
   1.2917747e+01   9.0262553e+01
   1.2933895e+01   9.0265689e+01
   1.2950042e+01   9.0268810e+01
   1.2966189e+01   9.0271914e+01
   1.2982336e+01   9.0275003e+01
   1.2998483e+01   9.0278076e+01
   1.3014631e+01   9.0281133e+01
   1.3030778e+01   9.0284175e+01
   1.3046925e+01   9.0287201e+01
   1.3063072e+01   9.0290212e+01
   1.3079219e+01   9.0293207e+01
   1.3095367e+01   9.0296188e+01
   1.3111514e+01   9.0299153e+01
   1.3127661e+01   9.0302103e+01
   1.3143808e+01   9.0305038e+01
   1.3159955e+01   9.0307958e+01
   1.3176102e+01   9.0310863e+01
   1.3192250e+01   9.0313754e+01
   1.3208397e+01   9.0316630e+01
   1.3224544e+01   9.0319492e+01
   1.3240691e+01   9.0322339e+01
   1.3256838e+01   9.0325172e+01
   1.3272986e+01   9.0327990e+01
   1.3289133e+01   9.0330795e+01
   1.3305280e+01   9.0333585e+01
   1.3321427e+01   9.0336361e+01
   1.3337574e+01   9.0339123e+01
   1.3353721e+01   9.0341871e+01
   1.3369869e+01   9.0344606e+01
   1.3386016e+01   9.0347327e+01
   1.3402163e+01   9.0350034e+01
   1.3418310e+01   9.0352728e+01
   1.3434457e+01   9.0355408e+01
   1.3450605e+01   9.0358075e+01
   1.3466752e+01   9.0360728e+01
   1.3482899e+01   9.0363369e+01
   1.3499046e+01   9.0365996e+01
   1.3515193e+01   9.0368610e+01
   1.3531340e+01   9.0371211e+01
   1.3547488e+01   9.0373799e+01
   1.3563635e+01   9.0376374e+01
   1.3579782e+01   9.0378937e+01
   1.3595929e+01   9.0381486e+01
   1.3612076e+01   9.0384023e+01
   1.3628224e+01   9.0386548e+01
   1.3644371e+01   9.0389060e+01
   1.3660518e+01   9.0391560e+01
   1.3676665e+01   9.0394047e+01
   1.3692812e+01   9.0396522e+01
   1.3708960e+01   9.0398984e+01
   1.3725107e+01   9.0401435e+01
   1.3741254e+01   9.0403874e+01
   1.3757401e+01   9.0406300e+01
   1.3773548e+01   9.0408715e+01
   1.3789695e+01   9.0411117e+01
   1.3805843e+01   9.0413508e+01
   1.3821990e+01   9.0415887e+01
   1.3838137e+01   9.0418255e+01
   1.3854284e+01   9.0420611e+01
   1.3870431e+01   9.0422955e+01
   1.3886579e+01   9.0425288e+01
   1.3902726e+01   9.0427610e+01
   1.3918873e+01   9.0429920e+01
   1.3935020e+01   9.0432219e+01
   1.3951167e+01   9.0434506e+01
   1.3967314e+01   9.0436783e+01
   1.3983462e+01   9.0439048e+01
   1.3999609e+01   9.0441303e+01
   1.4015756e+01   9.0443546e+01
   1.4031903e+01   9.0445779e+01
   1.4048050e+01   9.0448000e+01
   1.4064198e+01   9.0450211e+01
   1.4080345e+01   9.0452412e+01
   1.4096492e+01   9.0454601e+01
   1.4112639e+01   9.0456780e+01
   1.4128786e+01   9.0458949e+01
   1.4144934e+01   9.0461106e+01
   1.4161081e+01   9.0463254e+01
   1.4177228e+01   9.0465391e+01
   1.4193375e+01   9.0467518e+01
   1.4209522e+01   9.0469635e+01
   1.4225669e+01   9.0471741e+01
   1.4241817e+01   9.0473837e+01
   1.4257964e+01   9.0475924e+01
   1.4274111e+01   9.0478000e+01
   1.4290258e+01   9.0480066e+01
   1.4306405e+01   9.0482122e+01
   1.4322553e+01   9.0484169e+01
   1.4338700e+01   9.0486205e+01
   1.4354847e+01   9.0488232e+01
   1.4370994e+01   9.0490250e+01
   1.4387141e+01   9.0492257e+01
   1.4403288e+01   9.0494255e+01
   1.4419436e+01   9.0496244e+01
   1.4435583e+01   9.0498223e+01
   1.4451730e+01   9.0500192e+01
   1.4467877e+01   9.0502153e+01
   1.4484024e+01   9.0504104e+01
   1.4500172e+01   9.0506045e+01
   1.4516319e+01   9.0507978e+01
   1.4532466e+01   9.0509901e+01
   1.4548613e+01   9.0511815e+01
   1.4564760e+01   9.0513720e+01
   1.4580907e+01   9.0515616e+01
   1.4597055e+01   9.0517503e+01
   1.4613202e+01   9.0519381e+01
   1.4629349e+01   9.0521251e+01
   1.4645496e+01   9.0523111e+01
   1.4661643e+01   9.0524963e+01
   1.4677791e+01   9.0526806e+01
   1.4693938e+01   9.0528640e+01
   1.4710085e+01   9.0530466e+01
   1.4726232e+01   9.0532283e+01
   1.4742379e+01   9.0534092e+01
   1.4758527e+01   9.0535892e+01
   1.4774674e+01   9.0537683e+01
   1.4790821e+01   9.0539467e+01
   1.4806968e+01   9.0541241e+01
   1.4823115e+01   9.0543008e+01
   1.4839262e+01   9.0544766e+01
   1.4855410e+01   9.0546517e+01
   1.4871557e+01   9.0548258e+01
   1.4887704e+01   9.0549992e+01
   1.4903851e+01   9.0551718e+01
   1.4919998e+01   9.0553436e+01
   1.4936146e+01   9.0555145e+01
   1.4952293e+01   9.0556847e+01
   1.4968440e+01   9.0558541e+01
   1.4984587e+01   9.0560227e+01
   1.5000734e+01   9.0561905e+01
   1.5016881e+01   9.0563576e+01
   1.5033029e+01   9.0565238e+01
   1.5049176e+01   9.0566893e+01
   1.5065323e+01   9.0568541e+01
   1.5081470e+01   9.0570180e+01
   1.5097617e+01   9.0571813e+01
   1.5113765e+01   9.0573437e+01
   1.5129912e+01   9.0575054e+01
   1.5146059e+01   9.0576664e+01
   1.5162206e+01   9.0578266e+01
   1.5178353e+01   9.0579861e+01
   1.5194500e+01   9.0581449e+01
   1.5210648e+01   9.0583029e+01
   1.5226795e+01   9.0584602e+01
   1.5242942e+01   9.0586168e+01
   1.5259089e+01   9.0587726e+01
   1.5275236e+01   9.0589278e+01
   1.5291384e+01   9.0590822e+01
   1.5307531e+01   9.0592359e+01
   1.5323678e+01   9.0593890e+01
   1.5339825e+01   9.0595413e+01
   1.5355972e+01   9.0596929e+01
   1.5372120e+01   9.0598439e+01
   1.5388267e+01   9.0599941e+01
   1.5404414e+01   9.0601437e+01
   1.5420561e+01   9.0602926e+01
   1.5436708e+01   9.0604408e+01
   1.5452855e+01   9.0605884e+01
   1.5469003e+01   9.0607352e+01
   1.5485150e+01   9.0608814e+01
   1.5501297e+01   9.0610270e+01
   1.5517444e+01   9.0611719e+01
   1.5533591e+01   9.0613161e+01
   1.5549739e+01   9.0614597e+01
   1.5565886e+01   9.0616026e+01
   1.5582033e+01   9.0617449e+01
   1.5598180e+01   9.0618865e+01
   1.5614327e+01   9.0620275e+01
   1.5630474e+01   9.0621679e+01
   1.5646622e+01   9.0623076e+01
   1.5662769e+01   9.0624468e+01
   1.5678916e+01   9.0625852e+01
   1.5695063e+01   9.0627231e+01
   1.5711210e+01   9.0628603e+01
   1.5727358e+01   9.0629970e+01
   1.5743505e+01   9.0631330e+01
   1.5759652e+01   9.0632684e+01
   1.5775799e+01   9.0634032e+01
   1.5791946e+01   9.0635374e+01
   1.5808093e+01   9.0636710e+01
   1.5824241e+01   9.0638040e+01
   1.5840388e+01   9.0639364e+01
   1.5856535e+01   9.0640682e+01
   1.5872682e+01   9.0641995e+01
   1.5888829e+01   9.0643301e+01
   1.5904977e+01   9.0644602e+01
   1.5921124e+01   9.0645897e+01
   1.5937271e+01   9.0647186e+01
   1.5953418e+01   9.0648469e+01
   1.5969565e+01   9.0649747e+01
   1.5985713e+01   9.0651019e+01
   1.6001860e+01   9.0652286e+01
   1.6018007e+01   9.0653547e+01
   1.6034154e+01   9.0654802e+01
   1.6050301e+01   9.0656052e+01
   1.6066448e+01   9.0657296e+01
   1.6082596e+01   9.0658535e+01
   1.6098743e+01   9.0659768e+01
   1.6114890e+01   9.0660996e+01
   1.6131037e+01   9.0662218e+01
