# Al
# rho 2.6941
   1.5600000e+00   2.0150000e+00   2.5940000e-02   3.9550000e+03
   2.1440313e+00   1.7870918e+00   3.5951810e-02   1.9509765e+03
   2.7280626e+00   1.5990168e+00   4.3966023e-02   1.0279885e+03
   3.3120939e+00   1.4446083e+00   5.0902291e-02   6.0580647e+02
   3.8961252e+00   1.3160405e+00   5.7036368e-02   3.8559355e+02
   4.4801566e+00   1.2045197e+00   6.2895654e-02   2.6219692e+02
   5.0641879e+00   1.1054768e+00   6.8473931e-02   1.8549233e+02
   5.6482192e+00   1.0139939e+00   7.3866831e-02   1.3500686e+02
   6.2322505e+00   9.3247823e-01   7.8939050e-02   1.0359553e+02
   6.8162818e+00   8.5697398e-01   8.3808038e-02   8.0460487e+01
   7.4003131e+00   7.8719566e-01   8.8458153e-02   6.2584730e+01
   7.9843444e+00   7.2447193e-01   9.2808273e-02   4.9775433e+01
   8.5683757e+00   6.6739133e-01   9.6923830e-02   4.0401902e+01
   9.1524070e+00   6.1484789e-01   1.0083237e-01   3.2886713e+01
   9.7364384e+00   5.6910729e-01   1.0436945e-01   2.7363818e+01
   1.0320470e+01   5.3116248e-01   1.0745041e-01   2.3688359e+01
   1.0904501e+01   4.9606985e-01   1.1036788e-01   2.0547257e+01
   1.1488532e+01   4.6310832e-01   1.1315763e-01   1.7746180e+01
   1.2072564e+01   4.3234442e-01   1.1580656e-01   1.5275219e+01
   1.2656595e+01   4.0384467e-01   1.1830153e-01   1.3124466e+01
   1.3240626e+01   3.7767560e-01   1.2062943e-01   1.1284011e+01
   1.3824658e+01   3.5390375e-01   1.2277716e-01   9.7439457e+00
   1.4408689e+01   3.3259564e-01   1.2473157e-01   8.4943617e+00
   1.4992720e+01   3.1381781e-01   1.2647957e-01   7.5253501e+00
   1.5576751e+01   2.9690605e-01   1.2807672e-01   6.7343200e+00
   1.6160783e+01   2.8111095e-01   1.2958807e-01   6.0194426e+00
   1.6744814e+01   2.6642572e-01   1.3100957e-01   5.3790806e+00
   1.7328845e+01   2.5284372e-01   1.3233721e-01   4.8116120e+00
   1.7912877e+01   2.4035828e-01   1.3356692e-01   4.3154145e+00
   1.8496908e+01   2.2896274e-01   1.3469469e-01   3.8888662e+00
   1.9080939e+01   2.1865044e-01   1.3571646e-01   3.5303447e+00
   1.9664971e+01   2.0941472e-01   1.3662821e-01   3.2382281e+00
   2.0249002e+01   2.0118231e-01   1.3743423e-01   3.0062146e+00
   2.0833033e+01   1.9340092e-01   1.3820004e-01   2.7948139e+00
   2.1417065e+01   1.8594341e-01   1.3893991e-01   2.5952389e+00
   2.2001096e+01   1.7880325e-01   1.3965318e-01   2.4072495e+00
   2.2585127e+01   1.7197386e-01   1.4033921e-01   2.2306058e+00
   2.3169159e+01   1.6544873e-01   1.4099732e-01   2.0650681e+00
   2.3753190e+01   1.5922128e-01   1.4162686e-01   1.9103965e+00
   2.4337221e+01   1.5328498e-01   1.4222719e-01   1.7663509e+00
   2.4921252e+01   1.4763328e-01   1.4279763e-01   1.6326917e+00
   2.5505284e+01   1.4225963e-01   1.4333754e-01   1.5091788e+00
   2.6089315e+01   1.3715748e-01   1.4384627e-01   1.3955724e+00
   2.6673346e+01   1.3232029e-01   1.4432314e-01   1.2916326e+00
   2.7257378e+01   1.2774150e-01   1.4476751e-01   1.1971196e+00
   2.7841409e+01   1.2341457e-01   1.4517873e-01   1.1117935e+00
   2.8425440e+01   1.1933296e-01   1.4555612e-01   1.0354143e+00
   2.9009472e+01   1.1549011e-01   1.4589905e-01   9.6774221e-01
   2.9593503e+01   1.1187948e-01   1.4620685e-01   9.0853735e-01
   3.0177534e+01   1.0849066e-01   1.4648039e-01   8.5731166e-01
   3.0761566e+01   1.0525823e-01   1.4674241e-01   8.1004803e-01
   3.1345597e+01   1.0215721e-01   1.4699967e-01   7.6535126e-01
   3.1929628e+01   9.9183012e-02   1.4725088e-01   7.2313999e-01
   3.2513659e+01   9.6331043e-02   1.4749474e-01   6.8333285e-01
   3.3097691e+01   9.3596711e-02   1.4772994e-01   6.4584849e-01
   3.3681722e+01   9.0975426e-02   1.4795518e-01   6.1060555e-01
   3.4265753e+01   8.8462595e-02   1.4816916e-01   5.7752267e-01
   3.4849785e+01   8.6053628e-02   1.4837058e-01   5.4651849e-01
   3.5433816e+01   8.3743933e-02   1.4855814e-01   5.1751166e-01
   3.6017847e+01   8.1528918e-02   1.4873054e-01   4.9042081e-01
   3.6601879e+01   7.9403992e-02   1.4888648e-01   4.6516460e-01
   3.7185910e+01   7.7364564e-02   1.4902466e-01   4.4166165e-01
   3.7769941e+01   7.5406042e-02   1.4914377e-01   4.1983062e-01
   3.8353973e+01   7.3523834e-02   1.4924252e-01   3.9959014e-01
   3.8938004e+01   7.1713350e-02   1.4931960e-01   3.8085885e-01
   3.9522035e+01   6.9969998e-02   1.4937371e-01   3.6355540e-01
   4.0106067e+01   6.8289087e-02   1.4940396e-01   3.4758900e-01
   4.0690098e+01   6.6662876e-02   1.4942516e-01   3.3252184e-01
   4.1274129e+01   6.5087702e-02   1.4944529e-01   3.1813662e-01
   4.1858160e+01   6.3562300e-02   1.4946434e-01   3.0441458e-01
   4.2442192e+01   6.2085404e-02   1.4948227e-01   2.9133694e-01
   4.3026223e+01   6.0655748e-02   1.4949905e-01   2.7888496e-01
   4.3610254e+01   5.9272067e-02   1.4951466e-01   2.6703985e-01
   4.4194286e+01   5.7933095e-02   1.4952905e-01   2.5578286e-01
   4.4778317e+01   5.6637567e-02   1.4954221e-01   2.4509522e-01
   4.5362348e+01   5.5384215e-02   1.4955410e-01   2.3495818e-01
   4.5946380e+01   5.4171776e-02   1.4956469e-01   2.2535295e-01
   4.6530411e+01   5.2998982e-02   1.4957396e-01   2.1626079e-01
   4.7114442e+01   5.1864569e-02   1.4958187e-01   2.0766291e-01
   4.7698474e+01   5.0767271e-02   1.4958839e-01   1.9954057e-01
   4.8282505e+01   4.9705822e-02   1.4959349e-01   1.9187500e-01
   4.8866536e+01   4.8678955e-02   1.4959715e-01   1.8464742e-01
   4.9450568e+01   4.7685407e-02   1.4959932e-01   1.7783908e-01
   5.0034599e+01   4.6723892e-02   1.4959997e-01   1.7143089e-01
   5.0618630e+01   4.5787721e-02   1.4959139e-01   1.6530609e-01
   5.1202661e+01   4.4872451e-02   1.4956833e-01   1.5938228e-01
   5.1786693e+01   4.3978439e-02   1.4953199e-01   1.5366116e-01
   5.2370724e+01   4.3106043e-02   1.4948358e-01   1.4814445e-01
   5.2954755e+01   4.2255619e-02   1.4942431e-01   1.4283384e-01
   5.3538787e+01   4.1427525e-02   1.4935539e-01   1.3773104e-01
   5.4122818e+01   4.0622118e-02   1.4927802e-01   1.3283776e-01
   5.4706849e+01   3.9839755e-02   1.4919342e-01   1.2815569e-01
   5.5290881e+01   3.9080792e-02   1.4910280e-01   1.2368655e-01
   5.5874912e+01   3.8345588e-02   1.4900735e-01   1.1943203e-01
   5.6458943e+01   3.7634500e-02   1.4890830e-01   1.1539384e-01
   5.7042975e+01   3.6947884e-02   1.4880685e-01   1.1157369e-01
   5.7627006e+01   3.6286098e-02   1.4870420e-01   1.0797327e-01
   5.8211037e+01   3.5649498e-02   1.4860157e-01   1.0459430e-01
   5.8795068e+01   3.5038443e-02   1.4850017e-01   1.0143847e-01
   5.9379100e+01   3.4453289e-02   1.4840120e-01   9.8507501e-02
   5.9963131e+01   3.3894393e-02   1.4830587e-01   9.5803083e-02
   6.0547162e+01   3.3354074e-02   1.4821149e-01   9.3250457e-02
   6.1131194e+01   3.2822211e-02   1.4811365e-01   9.0752676e-02
   6.1715225e+01   3.2298749e-02   1.4801244e-01   8.8309143e-02
   6.2299256e+01   3.1783668e-02   1.4790802e-01   8.5919608e-02
   6.2883288e+01   3.1276949e-02   1.4780050e-01   8.3583817e-02
   6.3467319e+01   3.0778573e-02   1.4769004e-01   8.1301519e-02
   6.4051350e+01   3.0288520e-02   1.4757675e-01   7.9072463e-02
   6.4635382e+01   2.9806771e-02   1.4746078e-01   7.6896398e-02
   6.5219413e+01   2.9333307e-02   1.4734225e-01   7.4773070e-02
   6.5803444e+01   2.8868107e-02   1.4722131e-01   7.2702229e-02
   6.6387476e+01   2.8411153e-02   1.4709809e-01   7.0683623e-02
   6.6971507e+01   2.7962425e-02   1.4697272e-01   6.8717000e-02
   6.7555538e+01   2.7521904e-02   1.4684533e-01   6.6802109e-02
   6.8139569e+01   2.7089570e-02   1.4671607e-01   6.4938697e-02
   6.8723601e+01   2.6665404e-02   1.4658506e-01   6.3126514e-02
   6.9307632e+01   2.6249387e-02   1.4645243e-01   6.1365308e-02
   6.9891663e+01   2.5841499e-02   1.4631833e-01   5.9654826e-02
   7.0475695e+01   2.5441721e-02   1.4618289e-01   5.7994817e-02
   7.1059726e+01   2.5050033e-02   1.4604623e-01   5.6385030e-02
   7.1643757e+01   2.4666417e-02   1.4590850e-01   5.4825213e-02
   7.2227789e+01   2.4290851e-02   1.4576983e-01   5.3315114e-02
   7.2811820e+01   2.3923319e-02   1.4563035e-01   5.1854481e-02
   7.3395851e+01   2.3563799e-02   1.4549020e-01   5.0443063e-02
   7.3979883e+01   2.3212272e-02   1.4534951e-01   4.9080609e-02
   7.4563914e+01   2.2868719e-02   1.4520842e-01   4.7766865e-02
   7.5147945e+01   2.2533121e-02   1.4506706e-01   4.6501582e-02
   7.5731977e+01   2.2205458e-02   1.4492556e-01   4.5284506e-02
   7.6316008e+01   2.1885711e-02   1.4478405e-01   4.4115387e-02
   7.6900039e+01   2.1573861e-02   1.4464268e-01   4.2993973e-02
   7.7484070e+01   2.1269887e-02   1.4450158e-01   4.1920012e-02
   7.8068102e+01   2.0973772e-02   1.4436088e-01   4.0893252e-02
   7.8652133e+01   2.0685494e-02   1.4422071e-01   3.9913442e-02
   7.9236164e+01   2.0405035e-02   1.4408121e-01   3.8980330e-02
   7.9820196e+01   2.0132376e-02   1.4394252e-01   3.8093664e-02
   8.0404227e+01   1.9866487e-02   1.4380417e-01   3.7245853e-02
   8.0988258e+01   1.9604368e-02   1.4366451e-01   3.6414958e-02
   8.1572290e+01   1.9345855e-02   1.4352349e-01   3.5599617e-02
   8.2156321e+01   1.9090981e-02   1.4338120e-01   3.4799922e-02
   8.2740352e+01   1.8839782e-02   1.4323770e-01   3.4015968e-02
   8.3324384e+01   1.8592292e-02   1.4309306e-01   3.3247848e-02
   8.3908415e+01   1.8348546e-02   1.4294737e-01   3.2495657e-02
   8.4492446e+01   1.8108578e-02   1.4280068e-01   3.1759488e-02
   8.5076477e+01   1.7872424e-02   1.4265309e-01   3.1039435e-02
   8.5660509e+01   1.7640118e-02   1.4250465e-01   3.0335591e-02
   8.6244540e+01   1.7411694e-02   1.4235545e-01   2.9648052e-02
   8.6828571e+01   1.7187189e-02   1.4220555e-01   2.8976911e-02
   8.7412603e+01   1.6966635e-02   1.4205503e-01   2.8322261e-02
   8.7996634e+01   1.6750069e-02   1.4190397e-01   2.7684197e-02
   8.8580665e+01   1.6537525e-02   1.4175243e-01   2.7062812e-02
   8.9164697e+01   1.6329038e-02   1.4160049e-01   2.6458200e-02
   8.9748728e+01   1.6124641e-02   1.4144822e-01   2.5870456e-02
   9.0332759e+01   1.5924371e-02   1.4129570e-01   2.5299672e-02
   9.0916791e+01   1.5728262e-02   1.4114300e-01   2.4745944e-02
   9.1500822e+01   1.5536348e-02   1.4099019e-01   2.4209364e-02
   9.2084853e+01   1.5348665e-02   1.4083734e-01   2.3690027e-02
   9.2668885e+01   1.5165247e-02   1.4068454e-01   2.3188027e-02
   9.3252916e+01   1.4986129e-02   1.4053184e-01   2.2703457e-02
   9.3836947e+01   1.4811345e-02   1.4037934e-01   2.2236411e-02
   9.4420978e+01   1.4640931e-02   1.4022709e-01   2.1786983e-02
   9.5005010e+01   1.4474920e-02   1.4007517e-01   2.1355268e-02
   9.5589041e+01   1.4313349e-02   1.3992366e-01   2.0941358e-02
   9.6173072e+01   1.4156251e-02   1.3977263e-01   2.0545349e-02
   9.6757104e+01   1.4003662e-02   1.3962215e-01   2.0167333e-02
   9.7341135e+01   1.3855615e-02   1.3947230e-01   1.9807404e-02
   9.7925166e+01   1.3712147e-02   1.3932314e-01   1.9465657e-02
   9.8509198e+01   1.3573291e-02   1.3917476e-01   1.9142186e-02
   9.9093229e+01   1.3439082e-02   1.3902722e-01   1.8837083e-02
   9.9677260e+01   1.3309556e-02   1.3888060e-01   1.8550444e-02
   1.0026129e+02   1.3184376e-02   1.3873486e-01   1.8280782e-02
   1.0084532e+02   1.3060795e-02   1.3858916e-01   1.8016360e-02
   1.0142935e+02   1.2938249e-02   1.3844334e-01   1.7754764e-02
   1.0201339e+02   1.2816734e-02   1.3829741e-01   1.7495986e-02
   1.0259742e+02   1.2696248e-02   1.3815138e-01   1.7240015e-02
   1.0318145e+02   1.2576789e-02   1.3800525e-01   1.6986844e-02
   1.0376548e+02   1.2458354e-02   1.3785903e-01   1.6736463e-02
   1.0434951e+02   1.2340940e-02   1.3771273e-01   1.6488863e-02
   1.0493354e+02   1.2224546e-02   1.3756636e-01   1.6244034e-02
   1.0551757e+02   1.2109169e-02   1.3741993e-01   1.6001969e-02
   1.0610160e+02   1.1994806e-02   1.3727344e-01   1.5762658e-02
   1.0668564e+02   1.1881455e-02   1.3712690e-01   1.5526091e-02
   1.0726967e+02   1.1769113e-02   1.3698033e-01   1.5292261e-02
   1.0785370e+02   1.1657778e-02   1.3683372e-01   1.5061157e-02
   1.0843773e+02   1.1547448e-02   1.3668709e-01   1.4832771e-02
   1.0902176e+02   1.1438120e-02   1.3654045e-01   1.4607094e-02
   1.0960579e+02   1.1329791e-02   1.3639379e-01   1.4384116e-02
   1.1018982e+02   1.1222460e-02   1.3624714e-01   1.4163830e-02
   1.1077386e+02   1.1116124e-02   1.3610050e-01   1.3946225e-02
   1.1135789e+02   1.1010779e-02   1.3595388e-01   1.3731292e-02
   1.1194192e+02   1.0906425e-02   1.3580728e-01   1.3519024e-02
   1.1252595e+02   1.0803058e-02   1.3566071e-01   1.3309410e-02
   1.1310998e+02   1.0700676e-02   1.3551419e-01   1.3102441e-02
   1.1369401e+02   1.0599277e-02   1.3536772e-01   1.2898109e-02
   1.1427804e+02   1.0498857e-02   1.3522130e-01   1.2696405e-02
   1.1486207e+02   1.0399416e-02   1.3507495e-01   1.2497319e-02
   1.1544611e+02   1.0300949e-02   1.3492867e-01   1.2300842e-02
   1.1603014e+02   1.0203455e-02   1.3478248e-01   1.2106966e-02
   1.1661417e+02   1.0106932e-02   1.3463638e-01   1.1915681e-02
   1.1719820e+02   1.0011376e-02   1.3449037e-01   1.1726979e-02
   1.1778223e+02   9.9167854e-03   1.3434447e-01   1.1540849e-02
   1.1836626e+02   9.8231580e-03   1.3419869e-01   1.1357285e-02
   1.1895029e+02   9.7304910e-03   1.3405303e-01   1.1176275e-02
   1.1953432e+02   9.6387821e-03   1.3390750e-01   1.0997812e-02
   1.2011836e+02   9.5480287e-03   1.3376211e-01   1.0821886e-02
   1.2070239e+02   9.4582285e-03   1.3361686e-01   1.0648488e-02
   1.2128642e+02   9.3693790e-03   1.3347177e-01   1.0477609e-02
   1.2187045e+02   9.2814777e-03   1.3332684e-01   1.0309240e-02
   1.2245448e+02   9.1945222e-03   1.3318209e-01   1.0143372e-02
   1.2303851e+02   9.1085101e-03   1.3303751e-01   9.9799967e-03
   1.2362254e+02   9.0234388e-03   1.3289312e-01   9.8191041e-03
   1.2420658e+02   8.9393060e-03   1.3274893e-01   9.6606855e-03
   1.2479061e+02   8.8561092e-03   1.3260494e-01   9.5047318e-03
   1.2537464e+02   8.7738460e-03   1.3246116e-01   9.3512340e-03
   1.2595867e+02   8.6925139e-03   1.3231760e-01   9.2001832e-03
   1.2654270e+02   8.6121104e-03   1.3217427e-01   9.0515702e-03
   1.2712673e+02   8.5326331e-03   1.3203118e-01   8.9053860e-03
   1.2771076e+02   8.4540796e-03   1.3188833e-01   8.7616216e-03
   1.2829479e+02   8.3764474e-03   1.3174573e-01   8.6202680e-03
   1.2887883e+02   8.2997340e-03   1.3160339e-01   8.4813162e-03
   1.2946286e+02   8.2239371e-03   1.3146132e-01   8.3447570e-03
   1.3004689e+02   8.1490542e-03   1.3131953e-01   8.2105815e-03
   1.3063092e+02   8.0750827e-03   1.3117802e-01   8.0787807e-03
   1.3121495e+02   8.0020204e-03   1.3103681e-01   7.9493455e-03
   1.3179898e+02   7.9298646e-03   1.3089589e-01   7.8222668e-03
   1.3238301e+02   7.8586130e-03   1.3075529e-01   7.6975357e-03
   1.3296705e+02   7.7882632e-03   1.3061500e-01   7.5751432e-03
   1.3355108e+02   7.7188126e-03   1.3047504e-01   7.4550801e-03
   1.3413511e+02   7.6502589e-03   1.3033541e-01   7.3373375e-03
   1.3471914e+02   7.5825996e-03   1.3019612e-01   7.2219063e-03
   1.3530317e+02   7.5158321e-03   1.3005718e-01   7.1087775e-03
   1.3588720e+02   7.4499542e-03   1.2991860e-01   6.9979421e-03
   1.3647123e+02   7.3849633e-03   1.2978038e-01   6.8893910e-03
   1.3705526e+02   7.3208570e-03   1.2964254e-01   6.7831153e-03
   1.3763930e+02   7.2576329e-03   1.2950507e-01   6.6791058e-03
   1.3822333e+02   7.1952884e-03   1.2936800e-01   6.5773535e-03
   1.3880736e+02   7.1338212e-03   1.2923133e-01   6.4778495e-03
   1.3939139e+02   7.0732287e-03   1.2909506e-01   6.3805847e-03
   1.3997542e+02   7.0135087e-03   1.2895921e-01   6.2855500e-03
   1.4055945e+02   6.9546585e-03   1.2882378e-01   6.1927364e-03
   1.4114348e+02   6.8966758e-03   1.2868878e-01   6.1021349e-03
   1.4172751e+02   6.8395581e-03   1.2855422e-01   6.0137365e-03
   1.4231155e+02   6.7833029e-03   1.2842010e-01   5.9275321e-03
   1.4289558e+02   6.7279079e-03   1.2828644e-01   5.8435127e-03
   1.4347961e+02   6.6733705e-03   1.2815324e-01   5.7616693e-03
   1.4406364e+02   6.6196883e-03   1.2802052e-01   5.6819929e-03
   1.4464767e+02   6.5668589e-03   1.2788827e-01   5.6044743e-03
   1.4523170e+02   6.5148798e-03   1.2775651e-01   5.5291046e-03
   1.4581573e+02   6.4637486e-03   1.2762524e-01   5.4558748e-03
   1.4639977e+02   6.4134628e-03   1.2749448e-01   5.3847757e-03
   1.4698380e+02   6.3640199e-03   1.2736423e-01   5.3157985e-03
   1.4756783e+02   6.3154176e-03   1.2723450e-01   5.2489340e-03
   1.4815186e+02   6.2676534e-03   1.2710529e-01   5.1841733e-03
   1.4873589e+02   6.2207248e-03   1.2697662e-01   5.1215072e-03
   1.4931992e+02   6.1746293e-03   1.2684850e-01   5.0609268e-03
   1.4990395e+02   6.1293646e-03   1.2672093e-01   5.0024230e-03
   1.5048798e+02   6.0847618e-03   1.2659378e-01   4.9454613e-03
   1.5107202e+02   6.0405156e-03   1.2646682e-01   4.8890770e-03
   1.5165605e+02   5.9966188e-03   1.2634005e-01   4.8332484e-03
   1.5224008e+02   5.9530707e-03   1.2621346e-01   4.7779741e-03
   1.5282411e+02   5.9098705e-03   1.2608707e-01   4.7232528e-03
   1.5340814e+02   5.8670176e-03   1.2596087e-01   4.6690829e-03
   1.5399217e+02   5.8245112e-03   1.2583487e-01   4.6154632e-03
   1.5457620e+02   5.7823507e-03   1.2570906e-01   4.5623922e-03
   1.5516023e+02   5.7405352e-03   1.2558347e-01   4.5098685e-03
   1.5574427e+02   5.6990641e-03   1.2545808e-01   4.4578907e-03
   1.5632830e+02   5.6579366e-03   1.2533290e-01   4.4064575e-03
   1.5691233e+02   5.6171521e-03   1.2520794e-01   4.3555674e-03
   1.5749636e+02   5.5767098e-03   1.2508319e-01   4.3052190e-03
   1.5808039e+02   5.5366089e-03   1.2495866e-01   4.2554110e-03
   1.5866442e+02   5.4968489e-03   1.2483436e-01   4.2061420e-03
   1.5924845e+02   5.4574289e-03   1.2471028e-01   4.1574105e-03
   1.5983249e+02   5.4183482e-03   1.2458644e-01   4.1092151e-03
   1.6041652e+02   5.3796061e-03   1.2446282e-01   4.0615545e-03
   1.6100055e+02   5.3412020e-03   1.2433944e-01   4.0144273e-03
   1.6158458e+02   5.3031350e-03   1.2421631e-01   3.9678321e-03
   1.6216861e+02   5.2654044e-03   1.2409341e-01   3.9217674e-03
   1.6275264e+02   5.2280096e-03   1.2397076e-01   3.8762319e-03
   1.6333667e+02   5.1909498e-03   1.2384836e-01   3.8312242e-03
   1.6392070e+02   5.1542243e-03   1.2372621e-01   3.7867429e-03
   1.6450474e+02   5.1178324e-03   1.2360431e-01   3.7427866e-03
   1.6508877e+02   5.0817733e-03   1.2348268e-01   3.6993538e-03
   1.6567280e+02   5.0460464e-03   1.2336130e-01   3.6564433e-03
   1.6625683e+02   5.0106509e-03   1.2324019e-01   3.6140536e-03
   1.6684086e+02   4.9755860e-03   1.2311935e-01   3.5721832e-03
   1.6742489e+02   4.9408512e-03   1.2299878e-01   3.5308309e-03
   1.6800892e+02   4.9064456e-03   1.2287848e-01   3.4899952e-03
   1.6859295e+02   4.8723685e-03   1.2275846e-01   3.4496748e-03
   1.6917699e+02   4.8386193e-03   1.2263872e-01   3.4098681e-03
   1.6976102e+02   4.8051971e-03   1.2251927e-01   3.3705739e-03
   1.7034505e+02   4.7721013e-03   1.2240010e-01   3.3317907e-03
   1.7092908e+02   4.7393312e-03   1.2228122e-01   3.2935171e-03
   1.7151311e+02   4.7068860e-03   1.2216264e-01   3.2557518e-03
   1.7209714e+02   4.6747651e-03   1.2204435e-01   3.2184934e-03
   1.7268117e+02   4.6429676e-03   1.2192636e-01   3.1817404e-03
   1.7326521e+02   4.6114929e-03   1.2180868e-01   3.1454914e-03
   1.7384924e+02   4.5803403e-03   1.2169130e-01   3.1097451e-03
   1.7443327e+02   4.5495090e-03   1.2157423e-01   3.0745000e-03
   1.7501730e+02   4.5189983e-03   1.2145747e-01   3.0397549e-03
   1.7560133e+02   4.4888076e-03   1.2134103e-01   3.0055082e-03
   1.7618536e+02   4.4589360e-03   1.2122491e-01   2.9717585e-03
   1.7676939e+02   4.4293828e-03   1.2110911e-01   2.9385046e-03
   1.7735342e+02   4.4001474e-03   1.2099363e-01   2.9057449e-03
   1.7793746e+02   4.3712291e-03   1.2087848e-01   2.8734781e-03
   1.7852149e+02   4.3426270e-03   1.2076367e-01   2.8417028e-03
   1.7910552e+02   4.3143405e-03   1.2064919e-01   2.8104176e-03
   1.7968955e+02   4.2863689e-03   1.2053504e-01   2.7796211e-03
   1.8027358e+02   4.2587114e-03   1.2042124e-01   2.7493119e-03
   1.8085761e+02   4.2313673e-03   1.2030778e-01   2.7194886e-03
   1.8144164e+02   4.2043359e-03   1.2019467e-01   2.6901499e-03
   1.8202568e+02   4.1776165e-03   1.2008191e-01   2.6612942e-03
   1.8260971e+02   4.1512084e-03   1.1996951e-01   2.6329203e-03
   1.8319374e+02   4.1251108e-03   1.1985746e-01   2.6050267e-03
   1.8377777e+02   4.0993231e-03   1.1974577e-01   2.5776120e-03
   1.8436180e+02   4.0738444e-03   1.1963444e-01   2.5506748e-03
   1.8494583e+02   4.0486741e-03   1.1952348e-01   2.5242138e-03
   1.8552986e+02   4.0238115e-03   1.1941289e-01   2.4982275e-03
   1.8611389e+02   3.9992559e-03   1.1930268e-01   2.4727146e-03
   1.8669793e+02   3.9750064e-03   1.1919283e-01   2.4476736e-03
   1.8728196e+02   3.9510625e-03   1.1908337e-01   2.4231032e-03
   1.8786599e+02   3.9274233e-03   1.1897429e-01   2.3990019e-03
   1.8845002e+02   3.9040882e-03   1.1886560e-01   2.3753684e-03
   1.8903405e+02   3.8810565e-03   1.1875730e-01   2.3522013e-03
   1.8961808e+02   3.8583274e-03   1.1864938e-01   2.3294991e-03
   1.9020211e+02   3.8359002e-03   1.1854186e-01   2.3072605e-03
   1.9078614e+02   3.8137741e-03   1.1843475e-01   2.2854841e-03
   1.9137018e+02   3.7919486e-03   1.1832803e-01   2.2641684e-03
   1.9195421e+02   3.7704228e-03   1.1822171e-01   2.2433122e-03
   1.9253824e+02   3.7491960e-03   1.1811581e-01   2.2229139e-03
   1.9312227e+02   3.7282675e-03   1.1801031e-01   2.2029722e-03
   1.9370630e+02   3.7076366e-03   1.1790523e-01   2.1834858e-03
   1.9429033e+02   3.6873026e-03   1.1780057e-01   2.1644531e-03
   1.9487436e+02   3.6672647e-03   1.1769633e-01   2.1458728e-03
   1.9545840e+02   3.6475223e-03   1.1759251e-01   2.1277436e-03
   1.9604243e+02   3.6280745e-03   1.1748912e-01   2.1100640e-03
   1.9662646e+02   3.6089208e-03   1.1738616e-01   2.0928326e-03
   1.9721049e+02   3.5900603e-03   1.1728363e-01   2.0760480e-03
   1.9779452e+02   3.5714923e-03   1.1718154e-01   2.0597088e-03
   1.9837855e+02   3.5532162e-03   1.1707989e-01   2.0438137e-03
   1.9896258e+02   3.5352312e-03   1.1697868e-01   2.0283612e-03
   1.9954661e+02   3.5175366e-03   1.1687791e-01   2.0133500e-03
   2.0013065e+02   3.5001265e-03   1.1677759e-01   1.9987696e-03
   2.0071468e+02   3.4828593e-03   1.1667752e-01   1.9843786e-03
   2.0129871e+02   3.4656720e-03   1.1657762e-01   1.9700689e-03
   2.0188274e+02   3.4485644e-03   1.1647789e-01   1.9558405e-03
   2.0246677e+02   3.4315362e-03   1.1637832e-01   1.9416931e-03
   2.0305080e+02   3.4145875e-03   1.1627892e-01   1.9276266e-03
   2.0363483e+02   3.3977179e-03   1.1617968e-01   1.9136408e-03
   2.0421886e+02   3.3809274e-03   1.1608062e-01   1.8997355e-03
   2.0480290e+02   3.3642157e-03   1.1598172e-01   1.8859105e-03
   2.0538693e+02   3.3475828e-03   1.1588298e-01   1.8721656e-03
   2.0597096e+02   3.3310285e-03   1.1578442e-01   1.8585008e-03
   2.0655499e+02   3.3145526e-03   1.1568602e-01   1.8449157e-03
   2.0713902e+02   3.2981550e-03   1.1558778e-01   1.8314102e-03
   2.0772305e+02   3.2818355e-03   1.1548972e-01   1.8179842e-03
   2.0830708e+02   3.2655939e-03   1.1539182e-01   1.8046374e-03
   2.0889112e+02   3.2494301e-03   1.1529409e-01   1.7913697e-03
   2.0947515e+02   3.2333440e-03   1.1519652e-01   1.7781808e-03
   2.1005918e+02   3.2173353e-03   1.1509913e-01   1.7650707e-03
   2.1064321e+02   3.2014040e-03   1.1500190e-01   1.7520391e-03
   2.1122724e+02   3.1855499e-03   1.1490483e-01   1.7390859e-03
   2.1181127e+02   3.1697728e-03   1.1480794e-01   1.7262109e-03
   2.1239530e+02   3.1540725e-03   1.1471121e-01   1.7134138e-03
   2.1297933e+02   3.1384490e-03   1.1461464e-01   1.7006946e-03
   2.1356337e+02   3.1229020e-03   1.1451825e-01   1.6880530e-03
   2.1414740e+02   3.1074313e-03   1.1442202e-01   1.6754888e-03
   2.1473143e+02   3.0920370e-03   1.1432596e-01   1.6630020e-03
   2.1531546e+02   3.0767187e-03   1.1423007e-01   1.6505922e-03
   2.1589949e+02   3.0614763e-03   1.1413434e-01   1.6382594e-03
   2.1648352e+02   3.0463097e-03   1.1403878e-01   1.6260033e-03
   2.1706755e+02   3.0312187e-03   1.1394339e-01   1.6138238e-03
   2.1765159e+02   3.0162032e-03   1.1384816e-01   1.6017206e-03
   2.1823562e+02   3.0012630e-03   1.1375311e-01   1.5896937e-03
   2.1881965e+02   2.9863979e-03   1.1365822e-01   1.5777427e-03
   2.1940368e+02   2.9716078e-03   1.1356349e-01   1.5658677e-03
   2.1998771e+02   2.9568926e-03   1.1346894e-01   1.5540683e-03
   2.2057174e+02   2.9422520e-03   1.1337455e-01   1.5423443e-03
   2.2115577e+02   2.9276860e-03   1.1328033e-01   1.5306957e-03
   2.2173980e+02   2.9131943e-03   1.1318627e-01   1.5191222e-03
   2.2232384e+02   2.8987768e-03   1.1309238e-01   1.5076237e-03
   2.2290787e+02   2.8844334e-03   1.1299866e-01   1.4961999e-03
   2.2349190e+02   2.8701639e-03   1.1290511e-01   1.4848507e-03
   2.2407593e+02   2.8559681e-03   1.1281172e-01   1.4735760e-03
   2.2465996e+02   2.8418459e-03   1.1271851e-01   1.4623754e-03
   2.2524399e+02   2.8277972e-03   1.1262546e-01   1.4512490e-03
   2.2582802e+02   2.8138217e-03   1.1253257e-01   1.4401963e-03
   2.2641205e+02   2.7999193e-03   1.1243986e-01   1.4292174e-03
   2.2699609e+02   2.7860899e-03   1.1234731e-01   1.4183120e-03
   2.2758012e+02   2.7723333e-03   1.1225493e-01   1.4074800e-03
   2.2816415e+02   2.7586494e-03   1.1216271e-01   1.3967211e-03
   2.2874818e+02   2.7450380e-03   1.1207066e-01   1.3860351e-03
   2.2933221e+02   2.7314988e-03   1.1197879e-01   1.3754220e-03
   2.2991624e+02   2.7180319e-03   1.1188707e-01   1.3648815e-03
   2.3050027e+02   2.7046370e-03   1.1179553e-01   1.3544134e-03
   2.3108431e+02   2.6913140e-03   1.1170415e-01   1.3440176e-03
   2.3166834e+02   2.6780627e-03   1.1161294e-01   1.3336938e-03
   2.3225237e+02   2.6648829e-03   1.1152190e-01   1.3234420e-03
   2.3283640e+02   2.6517746e-03   1.1143102e-01   1.3132619e-03
   2.3342043e+02   2.6387375e-03   1.1134032e-01   1.3031533e-03
   2.3400446e+02   2.6257715e-03   1.1124978e-01   1.2931161e-03
   2.3458849e+02   2.6128764e-03   1.1115940e-01   1.2831501e-03
   2.3517252e+02   2.6000521e-03   1.1106920e-01   1.2732551e-03
   2.3575656e+02   2.5872984e-03   1.1097916e-01   1.2634309e-03
   2.3634059e+02   2.5746152e-03   1.1088929e-01   1.2536773e-03
   2.3692462e+02   2.5620023e-03   1.1079959e-01   1.2439942e-03
   2.3750865e+02   2.5494596e-03   1.1071005e-01   1.2343815e-03
   2.3809268e+02   2.5369868e-03   1.1062069e-01   1.2248388e-03
   2.3867671e+02   2.5245839e-03   1.1053149e-01   1.2153660e-03
   2.3926074e+02   2.5122507e-03   1.1044245e-01   1.2059630e-03
   2.3984477e+02   2.4999870e-03   1.1035359e-01   1.1966296e-03
   2.4042881e+02   2.4877927e-03   1.1026489e-01   1.1873655e-03
   2.4101284e+02   2.4756676e-03   1.1017636e-01   1.1781707e-03
   2.4159687e+02   2.4636116e-03   1.1008800e-01   1.1690449e-03
   2.4218090e+02   2.4516245e-03   1.0999981e-01   1.1599880e-03
   2.4276493e+02   2.4397061e-03   1.0991178e-01   1.1509997e-03
   2.4334896e+02   2.4278564e-03   1.0982392e-01   1.1420799e-03
   2.4393299e+02   2.4160750e-03   1.0973623e-01   1.1332285e-03
   2.4451703e+02   2.4043620e-03   1.0964871e-01   1.1244451e-03
   2.4510106e+02   2.3927171e-03   1.0956135e-01   1.1157298e-03
   2.4568509e+02   2.3811401e-03   1.0947416e-01   1.1070822e-03
   2.4626912e+02   2.3696310e-03   1.0938714e-01   1.0985022e-03
   2.4685315e+02   2.3581895e-03   1.0930029e-01   1.0899896e-03
   2.4743718e+02   2.3468156e-03   1.0921360e-01   1.0815443e-03
   2.4802121e+02   2.3355090e-03   1.0912708e-01   1.0731660e-03
   2.4860524e+02   2.3242695e-03   1.0904073e-01   1.0648547e-03
   2.4918928e+02   2.3130972e-03   1.0895455e-01   1.0566100e-03
   2.4977331e+02   2.3019916e-03   1.0886854e-01   1.0484318e-03
   2.5035734e+02   2.2909529e-03   1.0878269e-01   1.0403200e-03
   2.5094137e+02   2.2799806e-03   1.0869701e-01   1.0322744e-03
   2.5152540e+02   2.2690748e-03   1.0861150e-01   1.0242947e-03
   2.5210943e+02   2.2582353e-03   1.0852616e-01   1.0163808e-03
   2.5269346e+02   2.2474618e-03   1.0844098e-01   1.0085326e-03
   2.5327750e+02   2.2367543e-03   1.0835597e-01   1.0007498e-03
   2.5386153e+02   2.2261126e-03   1.0827113e-01   9.9303229e-04
   2.5444556e+02   2.2155365e-03   1.0818646e-01   9.8537986e-04
   2.5502959e+02   2.2050259e-03   1.0810196e-01   9.7779234e-04
   2.5561362e+02   2.1945806e-03   1.0801762e-01   9.7026955e-04
   2.5619765e+02   2.1842005e-03   1.0793345e-01   9.6281131e-04
   2.5678168e+02   2.1738854e-03   1.0784945e-01   9.5541744e-04
   2.5736571e+02   2.1636351e-03   1.0776562e-01   9.4808777e-04
   2.5794975e+02   2.1534496e-03   1.0768195e-01   9.4082211e-04
   2.5853378e+02   2.1433285e-03   1.0759846e-01   9.3362028e-04
   2.5911781e+02   2.1332719e-03   1.0751513e-01   9.2648211e-04
   2.5970184e+02   2.1232795e-03   1.0743197e-01   9.1940741e-04
   2.6028587e+02   2.1133511e-03   1.0734897e-01   9.1239601e-04
   2.6086990e+02   2.1034867e-03   1.0726615e-01   9.0544773e-04
   2.6145393e+02   2.0936860e-03   1.0718349e-01   8.9856238e-04
   2.6203796e+02   2.0839490e-03   1.0710100e-01   8.9173979e-04
   2.6262200e+02   2.0742754e-03   1.0701868e-01   8.8497979e-04
   2.6320603e+02   2.0646651e-03   1.0693653e-01   8.7828218e-04
   2.6379006e+02   2.0551179e-03   1.0685454e-01   8.7164679e-04
   2.6437409e+02   2.0456337e-03   1.0677272e-01   8.6507344e-04
   2.6495812e+02   2.0362123e-03   1.0669108e-01   8.5856195e-04
   2.6554215e+02   2.0268536e-03   1.0660959e-01   8.5211215e-04
   2.6612618e+02   2.0175574e-03   1.0652828e-01   8.4572385e-04
   2.6671022e+02   2.0083235e-03   1.0644714e-01   8.3939688e-04
   2.6729425e+02   1.9991519e-03   1.0636616e-01   8.3313105e-04
   2.6787828e+02   1.9900423e-03   1.0628535e-01   8.2692618e-04
   2.6846231e+02   1.9809946e-03   1.0620471e-01   8.2078210e-04
   2.6904634e+02   1.9720086e-03   1.0612424e-01   8.1469863e-04
   2.6963037e+02   1.9630842e-03   1.0604393e-01   8.0867559e-04
   2.7021440e+02   1.9542213e-03   1.0596380e-01   8.0271279e-04
   2.7079843e+02   1.9454196e-03   1.0588383e-01   7.9681006e-04
   2.7138247e+02   1.9366790e-03   1.0580403e-01   7.9096723e-04
   2.7196650e+02   1.9279993e-03   1.0572439e-01   7.8518410e-04
   2.7255053e+02   1.9193805e-03   1.0564493e-01   7.7946051e-04
   2.7313456e+02   1.9108223e-03   1.0556563e-01   7.7379626e-04
   2.7371859e+02   1.9023245e-03   1.0548651e-01   7.6819119e-04
   2.7430262e+02   1.8938871e-03   1.0540755e-01   7.6264512e-04
   2.7488665e+02   1.8855099e-03   1.0532876e-01   7.5715786e-04
   2.7547068e+02   1.8771927e-03   1.0525013e-01   7.5172923e-04
   2.7605472e+02   1.8689354e-03   1.0517168e-01   7.4635906e-04
   2.7663875e+02   1.8607377e-03   1.0509339e-01   7.4104716e-04
   2.7722278e+02   1.8525996e-03   1.0501527e-01   7.3579337e-04
   2.7780681e+02   1.8445210e-03   1.0493732e-01   7.3059749e-04
   2.7839084e+02   1.8365015e-03   1.0485954e-01   7.2545935e-04
   2.7897487e+02   1.8285411e-03   1.0478193e-01   7.2037876e-04
   2.7955890e+02   1.8206397e-03   1.0470448e-01   7.1535556e-04
   2.8014294e+02   1.8127970e-03   1.0462721e-01   7.1038956e-04
   2.8072697e+02   1.8050129e-03   1.0455010e-01   7.0548058e-04
   2.8131100e+02   1.7972873e-03   1.0447316e-01   7.0062845e-04
   2.8189503e+02   1.7896200e-03   1.0439638e-01   6.9583297e-04
   2.8247906e+02   1.7820108e-03   1.0431978e-01   6.9109398e-04
   2.8306309e+02   1.7744597e-03   1.0424335e-01   6.8641130e-04
   2.8364712e+02   1.7669663e-03   1.0416708e-01   6.8178474e-04
   2.8423115e+02   1.7595307e-03   1.0409098e-01   6.7721412e-04
   2.8481519e+02   1.7521525e-03   1.0401505e-01   6.7269927e-04
   2.8539922e+02   1.7448317e-03   1.0393929e-01   6.6824001e-04
   2.8598325e+02   1.7375682e-03   1.0386369e-01   6.6383616e-04
   2.8656728e+02   1.7303617e-03   1.0378827e-01   6.5948753e-04
   2.8715131e+02   1.7232121e-03   1.0371301e-01   6.5519396e-04
   2.8773534e+02   1.7161192e-03   1.0363792e-01   6.5095526e-04
   2.8831937e+02   1.7090829e-03   1.0356300e-01   6.4677124e-04
   2.8890341e+02   1.7021030e-03   1.0348825e-01   6.4264174e-04
   2.8948744e+02   1.6951795e-03   1.0341367e-01   6.3856657e-04
   2.9007147e+02   1.6883120e-03   1.0333926e-01   6.3454556e-04
   2.9065550e+02   1.6815005e-03   1.0326501e-01   6.3057851e-04
   2.9123953e+02   1.6747448e-03   1.0319093e-01   6.2666527e-04
   2.9182356e+02   1.6680447e-03   1.0311702e-01   6.2280563e-04
   2.9240759e+02   1.6614002e-03   1.0304328e-01   6.1899944e-04
   2.9299162e+02   1.6548110e-03   1.0296971e-01   6.1524650e-04
   2.9357566e+02   1.6482769e-03   1.0289631e-01   6.1154664e-04
   2.9415969e+02   1.6417979e-03   1.0282307e-01   6.0789967e-04
   2.9474372e+02   1.6353738e-03   1.0275001e-01   6.0430543e-04
   2.9532775e+02   1.6290044e-03   1.0267711e-01   6.0076372e-04
   2.9591178e+02   1.6226895e-03   1.0260438e-01   5.9727438e-04
   2.9649581e+02   1.6164291e-03   1.0253182e-01   5.9383722e-04
   2.9707984e+02   1.6102228e-03   1.0245943e-01   5.9045205e-04
   2.9766387e+02   1.6040707e-03   1.0238721e-01   5.8711872e-04
   2.9824791e+02   1.5979725e-03   1.0231515e-01   5.8383702e-04
   2.9883194e+02   1.5919281e-03   1.0224327e-01   5.8060679e-04
   2.9941597e+02   1.5859373e-03   1.0217155e-01   5.7742784e-04
   3.0000000e+02   1.5800000e-03   1.0210000e-01   5.7430000e-04
