   0.0000000e+00   0.0000000e+00
   3.3155891e-04   6.1215206e-02
   6.2085380e-04   6.2053771e-02
   9.2020004e-04   6.2892335e-02
   1.2735163e-03   6.3730899e-02
   1.6339576e-03   6.4569464e-02
   2.0001411e-03   6.5408028e-02
   2.3584031e-03   6.6246593e-02
   2.6763275e-03   6.7085157e-02
   3.0777931e-03   6.7923722e-02
   3.4332034e-03   6.9181569e-02
   3.8119682e-03   7.0439415e-02
   4.3251799e-03   7.1277980e-02
   4.8385710e-03   7.2116544e-02
   5.2726496e-03   7.2955108e-02
   5.7612737e-03   7.3793673e-02
   6.1245641e-03   7.4481809e-02
   6.4821998e-03   7.5410209e-02
   6.8555497e-03   7.6338610e-02
   7.2387196e-03   7.7267012e-02
   7.6825132e-03   7.8195413e-02
   8.0931517e-03   7.9123815e-02
   8.5435472e-03   8.0261854e-02
   9.0879234e-03   8.1340749e-02
   9.4979726e-03   8.1459049e-02
   9.9922024e-03   8.2537944e-02
   1.0393205e-02   8.3495524e-02
   1.0859501e-02   8.4394742e-02
   1.1297644e-02   8.5532787e-02
   1.1752146e-02   8.6670832e-02
   1.2131093e-02   8.7507613e-02
   1.2682008e-02   8.8317990e-02
   1.3155105e-02   8.8975889e-02
   1.3520435e-02   8.9723750e-02
   1.4051217e-02   9.0742867e-02
   1.4618422e-02   9.1900863e-02
   1.5175540e-02   9.2870156e-02
   1.5606413e-02   9.3557085e-02
   1.6207157e-02   9.4556267e-02
   1.6754926e-02   9.5714263e-02
   1.7288509e-02   9.7041965e-02
   1.7792946e-02   9.8169952e-02
   1.8368108e-02   9.9188249e-02
   1.8971221e-02   1.0029645e-01
   1.9458510e-02   1.0074396e-01
   1.9933284e-02   1.0188016e-01
   2.0519646e-02   1.0255242e-01
   2.1057250e-02   1.0357976e-01
   2.1594077e-02   1.0457726e-01
   2.2113140e-02   1.0540145e-01
   2.2625469e-02   1.0625432e-01
   2.3229435e-02   1.0723340e-01
   2.3853182e-02   1.0814274e-01
   2.4387338e-02   1.0894962e-01
   2.4983806e-02   1.1005814e-01
   2.5526534e-02   1.1069051e-01
   2.6115967e-02   1.1150313e-01
   2.6822201e-02   1.1273847e-01
   2.7390792e-02   1.1344038e-01
   2.8119286e-02   1.1433319e-01
   2.8655866e-02   1.1538780e-01
   2.9395634e-02   1.1627866e-01
   2.9954990e-02   1.1709325e-01
   3.0576588e-02   1.1813056e-01
   3.1270918e-02   1.1910500e-01
   3.1820380e-02   1.1988831e-01
   3.2509257e-02   1.2060117e-01
   3.2994134e-02   1.2142560e-01
   3.3572930e-02   1.2247900e-01
   3.4133621e-02   1.2314333e-01
   3.4727691e-02   1.2419055e-01
   3.5168353e-02   1.2535711e-01
   3.5821601e-02   1.2588801e-01
   3.6458816e-02   1.2693371e-01
   3.7106862e-02   1.2779263e-01
   3.7765644e-02   1.2885901e-01
   3.8512454e-02   1.2943152e-01
   3.9200545e-02   1.3046613e-01
   3.9964216e-02   1.3151902e-01
   4.0726262e-02   1.3236587e-01
   4.1524418e-02   1.3342813e-01
   4.2447273e-02   1.3436308e-01
   4.3147666e-02   1.3545719e-01
   4.4005398e-02   1.3623111e-01
   4.4585655e-02   1.3723401e-01
   4.5742237e-02   1.3835754e-01
   4.6374147e-02   1.3861452e-01
   4.7203820e-02   1.3992431e-01
   4.7884902e-02   1.4056939e-01
   4.8668231e-02   1.4175103e-01
   4.9434234e-02   1.4251592e-01
   5.0307026e-02   1.4352099e-01
   5.1174741e-02   1.4443360e-01
   5.1853448e-02   1.4521316e-01
   5.2759216e-02   1.4601440e-01
   5.3664610e-02   1.4666771e-01
   5.4619256e-02   1.4769418e-01
   5.5704339e-02   1.4871649e-01
   5.6744995e-02   1.4956582e-01
   5.7902592e-02   1.5094441e-01
   5.9033714e-02   1.5134411e-01
   5.9773177e-02   1.5283877e-01
   6.1022892e-02   1.5318826e-01
   6.1980803e-02   1.5455239e-01
   6.3407124e-02   1.5510198e-01
   6.4394064e-02   1.5601974e-01
   6.5741273e-02   1.5696137e-01
   6.6896306e-02   1.5808604e-01
   6.8455852e-02   1.5900053e-01
   6.9703300e-02   1.5946717e-01
   7.1842905e-02   1.6074832e-01
   7.3611702e-02   1.6139445e-01
   7.6326131e-02   1.6321657e-01
   8.0091206e-02   1.6411240e-01
   8.5005032e-02   1.6506053e-01
   8.9447230e-02   1.6587941e-01
   9.5819684e-02   1.6661768e-01
   1.0283587e-01   1.6790550e-01
   1.1061584e-01   1.6860189e-01
   1.2013664e-01   1.6977465e-01
   1.2947053e-01   1.7039334e-01
   1.3866586e-01   1.7118751e-01
   1.4879534e-01   1.7225963e-01
   1.6169303e-01   1.7289434e-01
   1.7280044e-01   1.7417280e-01
   1.8463848e-01   1.7509784e-01
   1.9617217e-01   1.7619741e-01
   2.0690449e-01   1.7715403e-01
   2.1982112e-01   1.7771848e-01
   2.3140539e-01   1.7865358e-01
   2.4469834e-01   1.7965054e-01
   2.5637830e-01   1.8028523e-01
   2.7020644e-01   1.8167538e-01
   2.8021695e-01   1.8215713e-01
   2.9037639e-01   1.8311541e-01
   2.9822269e-01   1.8429858e-01
   3.0790639e-01   1.8469599e-01
   3.1688732e-01   1.8593026e-01
   3.2178034e-01   1.8657412e-01
   3.3116278e-01   1.8752087e-01
   3.3783177e-01   1.8874965e-01
   3.4120965e-01   1.8904060e-01
   3.4995093e-01   1.9024830e-01
   3.5871509e-01   1.9137353e-01
   3.7123959e-01   1.9245552e-01
   3.8353970e-01   1.9297343e-01
   3.9479798e-01   1.9409269e-01
   4.0990877e-01   1.9478734e-01
   4.2738129e-01   1.9554309e-01
   4.4445574e-01   1.9685050e-01
   4.6811026e-01   1.9798384e-01
   4.8703459e-01   1.9852533e-01
   5.0342564e-01   1.9953231e-01
   5.2744707e-01   2.0033828e-01
   5.4809182e-01   2.0113444e-01
   5.6811671e-01   2.0248573e-01
   5.9113533e-01   2.0325824e-01
   6.1428389e-01   2.0395314e-01
   6.3956829e-01   2.0479862e-01
   6.6077472e-01   2.0586198e-01
   6.8183600e-01   2.0690147e-01
   7.0075069e-01   2.0867204e-01
   7.2004353e-01   2.0931730e-01
   7.3442496e-01   2.1023755e-01
   7.4600059e-01   2.1138075e-01
   7.6009338e-01   2.1183369e-01
   7.7140682e-01   2.1302765e-01
   7.7620571e-01   2.1376081e-01
   7.8595785e-01   2.1469348e-01
   7.8945624e-01   2.1582093e-01
   7.9505662e-01   2.1669155e-01
   7.9834935e-01   2.1720731e-01
   8.0131335e-01   2.1832585e-01
   8.0460757e-01   2.1963446e-01
   8.0564955e-01   2.2007825e-01
   8.0701470e-01   2.2103725e-01
   8.0818616e-01   2.2231093e-01
   8.0972759e-01   2.2294989e-01
   8.1062781e-01   2.2401082e-01
   8.1146631e-01   2.2581439e-01
   8.1264863e-01   2.2636620e-01
   8.1353939e-01   2.2732145e-01
   8.1430212e-01   2.2850678e-01
   8.1514476e-01   2.2922488e-01
   8.1594255e-01   2.3089949e-01
   8.1655887e-01   2.3210511e-01
   8.1751004e-01   2.3269296e-01
   8.1833345e-01   2.3380129e-01
   8.1908978e-01   2.3446401e-01
   8.2001858e-01   2.3565827e-01
   8.2077759e-01   2.3644064e-01
   8.2151526e-01   2.3804212e-01
   8.2231766e-01   2.3927583e-01
   8.2317688e-01   2.4141578e-01
   8.2406435e-01   2.4208526e-01
   8.2483751e-01   2.4278885e-01
   8.2563824e-01   2.4488940e-01
   8.2651244e-01   2.4542938e-01
   8.2717417e-01   2.4668050e-01
   8.2802885e-01   2.4721612e-01
   8.2880468e-01   2.4836851e-01
   8.2969124e-01   2.4915209e-01
   8.3042103e-01   2.5025861e-01
   8.3120747e-01   2.5104893e-01
   8.3208505e-01   2.5183661e-01
   8.3303810e-01   2.5270543e-01
   8.3378955e-01   2.5383672e-01
   8.3459868e-01   2.5488174e-01
   8.3546317e-01   2.5551009e-01
   8.3640978e-01   2.5639821e-01
   8.3717941e-01   2.5778264e-01
   8.3807195e-01   2.5899336e-01
   8.3882323e-01   2.6063095e-01
   8.3983950e-01   2.6173159e-01
   8.4064640e-01   2.6268612e-01
   8.4136043e-01   2.6446376e-01
   8.4239373e-01   2.6514488e-01
   8.4332077e-01   2.6630918e-01
   8.4421131e-01   2.6829122e-01
   8.4547835e-01   2.6883047e-01
   8.4651737e-01   2.7008211e-01
   8.4737380e-01   2.7212938e-01
   8.4867860e-01   2.7249546e-01
   8.4984233e-01   2.7404578e-01
   8.5099540e-01   2.7438821e-01
   8.5207478e-01   2.7627589e-01
   8.5330109e-01   2.7761591e-01
   8.5417773e-01   2.7787859e-01
   8.5538349e-01   2.7876579e-01
   8.5657875e-01   2.7983665e-01
   8.5774045e-01   2.8094549e-01
   8.5897755e-01   2.8171140e-01
   8.6015404e-01   2.8295775e-01
   8.6150709e-01   2.8356090e-01
   8.6293693e-01   2.8444253e-01
   8.6422457e-01   2.8505374e-01
   8.6542164e-01   2.8719661e-01
   8.6684330e-01   2.8785584e-01
   8.6799585e-01   2.8924570e-01
   8.6933125e-01   2.9092612e-01
   8.7057292e-01   2.9130542e-01
   8.7183222e-01   2.9349118e-01
   8.7293544e-01   2.9553365e-01
   8.7421491e-01   2.9582825e-01
   8.7525750e-01   2.9786270e-01
   8.7649696e-01   2.9962225e-01
   8.7763915e-01   3.0037131e-01
   8.7905283e-01   3.0182160e-01
   8.8017841e-01   3.0264685e-01
   8.8142648e-01   3.0320148e-01
   8.8268327e-01   3.0391758e-01
   8.8414405e-01   3.0492239e-01
   8.8545931e-01   3.0601358e-01
   8.8689994e-01   3.0704102e-01
   8.8834750e-01   3.0810956e-01
   8.8996187e-01   3.0947348e-01
   8.9180991e-01   3.1056670e-01
   8.9395578e-01   3.1174901e-01
   8.9652126e-01   3.1413693e-01
   8.9997643e-01   3.1630009e-01
   9.0303678e-01   3.1670439e-01
   9.0686957e-01   3.1886754e-01
   9.1124585e-01   3.2085118e-01
   9.1576191e-01   3.2161453e-01
   9.2043306e-01   3.2312671e-01
   9.2556101e-01   3.2406960e-01
   9.3125885e-01   3.2540225e-01
   9.3617964e-01   3.2652468e-01
   9.4157352e-01   3.2767779e-01
   9.4710382e-01   3.2897974e-01
   9.5205365e-01   3.2995334e-01
   9.5787622e-01   3.3143482e-01
   9.6333122e-01   3.3222888e-01
   9.6875965e-01   3.3419715e-01
   9.7392679e-01   3.3634497e-01
   9.7890686e-01   3.3880003e-01
   9.8295376e-01   3.4125511e-01
   9.8668683e-01   3.4371019e-01
   9.9004803e-01   3.4616526e-01
   9.9221116e-01   3.4862033e-01
   9.9409222e-01   3.5107540e-01
   9.9579058e-01   3.5353048e-01
   9.9733992e-01   3.5598555e-01
   9.9858068e-01   3.5844062e-01
   1.0000000e+00   3.6089569e-01
