# SiO2
# rho 2.196
   1.8390000e+00   1.6870000e+00   2.7660000e-02   1.9600000e+03
   2.4224853e+00   1.4889284e+00   3.9436034e-02   1.0897887e+03
   3.0059706e+00   1.3123684e+00   5.0395090e-02   5.6871192e+02
   3.5894560e+00   1.1636517e+00   6.0198851e-02   3.5117894e+02
   4.1729413e+00   1.0383207e+00   6.8969148e-02   2.3178153e+02
   4.7564266e+00   9.3305102e-01   7.6795857e-02   1.6005143e+02
   5.3399119e+00   8.4295507e-01   8.3779578e-02   1.1519629e+02
   5.9233973e+00   7.6559120e-01   8.9995125e-02   8.5403326e+01
   6.5068826e+00   6.9945842e-01   9.5455051e-02   6.6515840e+01
   7.0903679e+00   6.3955238e-01   1.0048520e-01   5.1612763e+01
   7.6738532e+00   5.8616379e-01   1.0505701e-01   4.0443024e+01
   8.2573386e+00   5.3928648e-01   1.0916081e-01   3.2639838e+01
   8.8408239e+00   4.9667087e-01   1.1293789e-01   2.6483285e+01
   9.4243092e+00   4.5887759e-01   1.1635490e-01   2.1712578e+01
   1.0007795e+01   4.2712036e-01   1.1933667e-01   1.8426195e+01
   1.0591280e+01   3.9953493e-01   1.2201568e-01   1.6024313e+01
   1.1174765e+01   3.7361306e-01   1.2456195e-01   1.3871666e+01
   1.1758250e+01   3.4938059e-01   1.2697170e-01   1.1961073e+01
   1.2341736e+01   3.2686333e-01   1.2924114e-01   1.0285354e+01
   1.2925221e+01   3.0608712e-01   1.3136649e-01   8.8373303e+00
   1.3508706e+01   2.8707778e-01   1.3334396e-01   7.6098217e+00
   1.4092192e+01   2.6986113e-01   1.3516978e-01   6.5956483e+00
   1.4675677e+01   2.5446301e-01   1.3684015e-01   5.7876305e+00
   1.5259162e+01   2.4080941e-01   1.3836107e-01   5.1649690e+00
   1.5842648e+01   2.2815932e-01   1.3980172e-01   4.6194531e+00
   1.6426133e+01   2.1635237e-01   1.4117086e-01   4.1282820e+00
   1.7009618e+01   2.0538296e-01   1.4246178e-01   3.6902935e+00
   1.7593104e+01   1.9524544e-01   1.4366776e-01   3.3043258e+00
   1.8176589e+01   1.8593420e-01   1.4478211e-01   2.9692167e+00
   1.8760074e+01   1.7744361e-01   1.4579812e-01   2.6838041e+00
   1.9343560e+01   1.6976803e-01   1.4670907e-01   2.4469261e+00
   1.9927045e+01   1.6290185e-01   1.4750827e-01   2.2574205e+00
   2.0510530e+01   1.5662903e-01   1.4822806e-01   2.0999607e+00
   2.1094016e+01   1.5060976e-01   1.4892704e-01   1.9514130e+00
   2.1677501e+01   1.4483543e-01   1.4960458e-01   1.8113119e+00
   2.2260986e+01   1.3930174e-01   1.5025925e-01   1.6794837e+00
   2.2844472e+01   1.3400440e-01   1.5088965e-01   1.5557545e+00
   2.3427957e+01   1.2893911e-01   1.5149437e-01   1.4399507e+00
   2.4011442e+01   1.2410157e-01   1.5207199e-01   1.3318984e+00
   2.4594928e+01   1.1948747e-01   1.5262109e-01   1.2314239e+00
   2.5178413e+01   1.1509253e-01   1.5314027e-01   1.1383534e+00
   2.5761898e+01   1.1091243e-01   1.5362811e-01   1.0525132e+00
   2.6345384e+01   1.0694289e-01   1.5408320e-01   9.7372948e-01
   2.6928869e+01   1.0317960e-01   1.5450412e-01   9.0182848e-01
   2.7512354e+01   9.9618265e-02   1.5488946e-01   8.3663645e-01
   2.8095840e+01   9.6254582e-02   1.5523780e-01   7.7797963e-01
   2.8679325e+01   9.3084254e-02   1.5554774e-01   7.2568425e-01
   2.9262810e+01   9.0102982e-02   1.5581786e-01   6.7957654e-01
   2.9846295e+01   8.7306466e-02   1.5604675e-01   6.3948275e-01
   3.0429781e+01   8.4670981e-02   1.5624388e-01   6.0418723e-01
   3.1013266e+01   8.2142980e-02   1.5643592e-01   5.7090853e-01
   3.1596751e+01   7.9716571e-02   1.5662327e-01   5.3945352e-01
   3.2180237e+01   7.7388358e-02   1.5680495e-01   5.0976363e-01
   3.2763722e+01   7.5154945e-02   1.5697994e-01   4.8178033e-01
   3.3347207e+01   7.3012937e-02   1.5714728e-01   4.5544505e-01
   3.3930693e+01   7.0958937e-02   1.5730596e-01   4.3069924e-01
   3.4514178e+01   6.8989550e-02   1.5745498e-01   4.0748436e-01
   3.5097663e+01   6.7101379e-02   1.5759337e-01   3.8574185e-01
   3.5681149e+01   6.5291029e-02   1.5772013e-01   3.6541316e-01
   3.6264634e+01   6.3555104e-02   1.5783426e-01   3.4643974e-01
   3.6848119e+01   6.1890207e-02   1.5793477e-01   3.2876304e-01
   3.7431605e+01   6.0292942e-02   1.5802068e-01   3.1232450e-01
   3.8015090e+01   5.8759915e-02   1.5809099e-01   2.9706557e-01
   3.8598575e+01   5.7287728e-02   1.5814470e-01   2.8292770e-01
   3.9182061e+01   5.5872986e-02   1.5818084e-01   2.6985234e-01
   3.9765546e+01   5.4512293e-02   1.5819840e-01   2.5778094e-01
   4.0349031e+01   5.3201084e-02   1.5819893e-01   2.4658239e-01
   4.0932517e+01   5.1932126e-02   1.5819251e-01   2.3591707e-01
   4.1516002e+01   5.0703769e-02   1.5818059e-01   2.2573754e-01
   4.2099487e+01   4.9514952e-02   1.5816352e-01   2.1603029e-01
   4.2682973e+01   4.8364616e-02   1.5814164e-01   2.0678183e-01
   4.3266458e+01   4.7251701e-02   1.5811529e-01   1.9797866e-01
   4.3849943e+01   4.6175147e-02   1.5808481e-01   1.8960728e-01
   4.4433429e+01   4.5133894e-02   1.5805056e-01   1.8165418e-01
   4.5016914e+01   4.4126882e-02   1.5801286e-01   1.7410588e-01
   4.5600399e+01   4.3153052e-02   1.5797207e-01   1.6694887e-01
   4.6183885e+01   4.2211343e-02   1.5792853e-01   1.6016966e-01
   4.6767370e+01   4.1300695e-02   1.5788258e-01   1.5375474e-01
   4.7350855e+01   4.0420050e-02   1.5783456e-01   1.4769061e-01
   4.7934341e+01   3.9568346e-02   1.5778483e-01   1.4196378e-01
   4.8517826e+01   3.8744523e-02   1.5773371e-01   1.3656075e-01
   4.9101311e+01   3.7947523e-02   1.5768156e-01   1.3146802e-01
   4.9684796e+01   3.7176285e-02   1.5762871e-01   1.2667208e-01
   5.0268282e+01   3.6428952e-02   1.5757432e-01   1.2214570e-01
   5.0851767e+01   3.5699284e-02   1.5751041e-01   1.1778324e-01
   5.1435252e+01   3.4986369e-02   1.5743614e-01   1.1356621e-01
   5.2018738e+01   3.4290458e-02   1.5735238e-01   1.0949583e-01
   5.2602223e+01   3.3611800e-02   1.5725998e-01   1.0557333e-01
   5.3185708e+01   3.2950648e-02   1.5715977e-01   1.0179992e-01
   5.3769194e+01   3.2307252e-02   1.5705263e-01   9.8176804e-02
   5.4352679e+01   3.1681863e-02   1.5693939e-01   9.4705214e-02
   5.4936164e+01   3.1074732e-02   1.5682092e-01   9.1386361e-02
   5.5519650e+01   3.0486110e-02   1.5669805e-01   8.8221463e-02
   5.6103135e+01   2.9916248e-02   1.5657165e-01   8.5211736e-02
   5.6686620e+01   2.9365396e-02   1.5644257e-01   8.2358397e-02
   5.7270106e+01   2.8833806e-02   1.5631165e-01   7.9662663e-02
   5.7853591e+01   2.8321728e-02   1.5617976e-01   7.7125751e-02
   5.8437076e+01   2.7829415e-02   1.5604773e-01   7.4748877e-02
   5.9020562e+01   2.7357115e-02   1.5591643e-01   7.2533258e-02
   5.9604047e+01   2.6905081e-02   1.5578670e-01   7.0480111e-02
   6.0187532e+01   2.6472833e-02   1.5565909e-01   6.8584187e-02
   6.0771018e+01   2.6050404e-02   1.5552993e-01   6.6756398e-02
   6.1354503e+01   2.5634548e-02   1.5539799e-01   6.4967845e-02
   6.1937988e+01   2.5225253e-02   1.5526340e-01   6.3218347e-02
   6.2521474e+01   2.4822506e-02   1.5512627e-01   6.1507721e-02
   6.3104959e+01   2.4426294e-02   1.5498672e-01   5.9835787e-02
   6.3688444e+01   2.4036603e-02   1.5484484e-01   5.8202361e-02
   6.4271930e+01   2.3653422e-02   1.5470077e-01   5.6607262e-02
   6.4855415e+01   2.3276736e-02   1.5455461e-01   5.5050309e-02
   6.5438900e+01   2.2906534e-02   1.5440648e-01   5.3531319e-02
   6.6022386e+01   2.2542801e-02   1.5425648e-01   5.2050110e-02
   6.6605871e+01   2.2185526e-02   1.5410474e-01   5.0606501e-02
   6.7189356e+01   2.1834695e-02   1.5395136e-01   4.9200309e-02
   6.7772841e+01   2.1490296e-02   1.5379646e-01   4.7831353e-02
   6.8356327e+01   2.1152315e-02   1.5364015e-01   4.6499451e-02
   6.8939812e+01   2.0820740e-02   1.5348255e-01   4.5204421e-02
   6.9523297e+01   2.0495557e-02   1.5332377e-01   4.3946082e-02
   7.0106783e+01   2.0176753e-02   1.5316392e-01   4.2724250e-02
   7.0690268e+01   1.9864317e-02   1.5300311e-01   4.1538745e-02
   7.1273753e+01   1.9558234e-02   1.5284146e-01   4.0389385e-02
   7.1857239e+01   1.9258492e-02   1.5267909e-01   3.9275987e-02
   7.2440724e+01   1.8965078e-02   1.5251610e-01   3.8198370e-02
   7.3024209e+01   1.8677980e-02   1.5235261e-01   3.7156352e-02
   7.3607695e+01   1.8397183e-02   1.5218873e-01   3.6149750e-02
   7.4191180e+01   1.8122675e-02   1.5202458e-01   3.5178384e-02
   7.4774665e+01   1.7854444e-02   1.5186026e-01   3.4242072e-02
   7.5358151e+01   1.7592476e-02   1.5169590e-01   3.3340630e-02
   7.5941636e+01   1.7336758e-02   1.5153160e-01   3.2473878e-02
   7.6525121e+01   1.7087277e-02   1.5136748e-01   3.1641634e-02
   7.7108607e+01   1.6844022e-02   1.5120365e-01   3.0843716e-02
   7.7692092e+01   1.6606977e-02   1.5104023e-01   3.0079941e-02
   7.8275577e+01   1.6376132e-02   1.5087732e-01   2.9350129e-02
   7.8859063e+01   1.6151472e-02   1.5071505e-01   2.8654097e-02
   7.9442548e+01   1.5932985e-02   1.5055352e-01   2.7991663e-02
   8.0026033e+01   1.5720654e-02   1.5039285e-01   2.7362623e-02
   8.0609519e+01   1.5512648e-02   1.5023200e-01   2.6754832e-02
   8.1193004e+01   1.5307453e-02   1.5007011e-01   2.6158221e-02
   8.1776489e+01   1.5105095e-02   1.4990723e-01   2.5572856e-02
   8.2359975e+01   1.4905604e-02   1.4974343e-01   2.4998807e-02
   8.2943460e+01   1.4709006e-02   1.4957878e-01   2.4436140e-02
   8.3526945e+01   1.4515332e-02   1.4941335e-01   2.3884923e-02
   8.4110431e+01   1.4324607e-02   1.4924720e-01   2.3345225e-02
   8.4693916e+01   1.4136862e-02   1.4908041e-01   2.2817112e-02
   8.5277401e+01   1.3952122e-02   1.4891304e-01   2.2300654e-02
   8.5860886e+01   1.3770417e-02   1.4874515e-01   2.1795918e-02
   8.6444372e+01   1.3591775e-02   1.4857682e-01   2.1302972e-02
   8.7027857e+01   1.3416224e-02   1.4840811e-01   2.0821883e-02
   8.7611342e+01   1.3243791e-02   1.4823908e-01   2.0352719e-02
   8.8194828e+01   1.3074505e-02   1.4806982e-01   1.9895549e-02
   8.8778313e+01   1.2908393e-02   1.4790037e-01   1.9450440e-02
   8.9361798e+01   1.2745485e-02   1.4773082e-01   1.9017460e-02
   8.9945284e+01   1.2585807e-02   1.4756123e-01   1.8596677e-02
   9.0528769e+01   1.2429388e-02   1.4739166e-01   1.8188158e-02
   9.1112254e+01   1.2276257e-02   1.4722218e-01   1.7791972e-02
   9.1695740e+01   1.2126440e-02   1.4705287e-01   1.7408187e-02
   9.2279225e+01   1.1979966e-02   1.4688378e-01   1.7036869e-02
   9.2862710e+01   1.1836864e-02   1.4671499e-01   1.6678088e-02
   9.3446196e+01   1.1697160e-02   1.4654656e-01   1.6331911e-02
   9.4029681e+01   1.1560884e-02   1.4637856e-01   1.5998405e-02
   9.4613166e+01   1.1428063e-02   1.4621105e-01   1.5677639e-02
   9.5196652e+01   1.1298726e-02   1.4604411e-01   1.5369681e-02
   9.5780137e+01   1.1172900e-02   1.4587780e-01   1.5074598e-02
   9.6363622e+01   1.1050613e-02   1.4571219e-01   1.4792458e-02
   9.6947108e+01   1.0931893e-02   1.4554735e-01   1.4523329e-02
   9.7530593e+01   1.0816770e-02   1.4538334e-01   1.4267279e-02
   9.8114078e+01   1.0705269e-02   1.4522023e-01   1.4024376e-02
   9.8697564e+01   1.0597421e-02   1.4505809e-01   1.3794688e-02
   9.9281049e+01   1.0493252e-02   1.4489698e-01   1.3578282e-02
   9.9864534e+01   1.0392790e-02   1.4473698e-01   1.3375226e-02
   1.0044802e+02   1.0295200e-02   1.4457781e-01   1.3182227e-02
   1.0103150e+02   1.0198504e-02   1.4441871e-01   1.2991581e-02
   1.0161499e+02   1.0102622e-02   1.4425967e-01   1.2802973e-02
   1.0219848e+02   1.0007550e-02   1.4410068e-01   1.2616398e-02
   1.0278196e+02   9.9132884e-03   1.4394175e-01   1.2431849e-02
   1.0336545e+02   9.8198340e-03   1.4378289e-01   1.2249320e-02
   1.0394893e+02   9.7271851e-03   1.4362411e-01   1.2068804e-02
   1.0453242e+02   9.6353397e-03   1.4346541e-01   1.1890294e-02
   1.0511590e+02   9.5442957e-03   1.4330679e-01   1.1713785e-02
   1.0569939e+02   9.4540513e-03   1.4314826e-01   1.1539269e-02
   1.0628287e+02   9.3646044e-03   1.4298983e-01   1.1366741e-02
   1.0686636e+02   9.2759532e-03   1.4283150e-01   1.1196193e-02
   1.0744984e+02   9.1880955e-03   1.4267328e-01   1.1027619e-02
   1.0803333e+02   9.1010294e-03   1.4251517e-01   1.0861013e-02
   1.0861681e+02   9.0147529e-03   1.4235718e-01   1.0696369e-02
   1.0920030e+02   8.9292641e-03   1.4219931e-01   1.0533678e-02
   1.0978378e+02   8.8445610e-03   1.4204157e-01   1.0372937e-02
   1.1036727e+02   8.7606416e-03   1.4188397e-01   1.0214137e-02
   1.1095076e+02   8.6775039e-03   1.4172651e-01   1.0057272e-02
   1.1153424e+02   8.5951459e-03   1.4156920e-01   9.9023357e-03
   1.1211773e+02   8.5135657e-03   1.4141204e-01   9.7493219e-03
   1.1270121e+02   8.4327612e-03   1.4125503e-01   9.5982240e-03
   1.1328470e+02   8.3527306e-03   1.4109819e-01   9.4490353e-03
   1.1386818e+02   8.2734718e-03   1.4094152e-01   9.3017494e-03
   1.1445167e+02   8.1949829e-03   1.4078502e-01   9.1563598e-03
   1.1503515e+02   8.1172618e-03   1.4062870e-01   9.0128601e-03
   1.1561864e+02   8.0403066e-03   1.4047257e-01   8.8712437e-03
   1.1620212e+02   7.9641153e-03   1.4031663e-01   8.7315042e-03
   1.1678561e+02   7.8886859e-03   1.4016088e-01   8.5936351e-03
   1.1736909e+02   7.8140165e-03   1.4000534e-01   8.4576298e-03
   1.1795258e+02   7.7401050e-03   1.3985000e-01   8.3234819e-03
   1.1853606e+02   7.6669495e-03   1.3969488e-01   8.1911849e-03
   1.1911955e+02   7.5945481e-03   1.3953998e-01   8.0607323e-03
   1.1970304e+02   7.5228987e-03   1.3938530e-01   7.9321177e-03
   1.2028652e+02   7.4519993e-03   1.3923085e-01   7.8053344e-03
   1.2087001e+02   7.3818480e-03   1.3907664e-01   7.6803762e-03
   1.2145349e+02   7.3124429e-03   1.3892267e-01   7.5572364e-03
   1.2203698e+02   7.2437818e-03   1.3876895e-01   7.4359085e-03
   1.2262046e+02   7.1758629e-03   1.3861548e-01   7.3163861e-03
   1.2320395e+02   7.1086841e-03   1.3846226e-01   7.1986628e-03
   1.2378743e+02   7.0422435e-03   1.3830931e-01   7.0827319e-03
   1.2437092e+02   6.9765391e-03   1.3815663e-01   6.9685870e-03
   1.2495440e+02   6.9115690e-03   1.3800422e-01   6.8562217e-03
   1.2553789e+02   6.8473311e-03   1.3785210e-01   6.7456294e-03
   1.2612137e+02   6.7838234e-03   1.3770026e-01   6.6368036e-03
   1.2670486e+02   6.7210440e-03   1.3754871e-01   6.5297379e-03
   1.2728834e+02   6.6589910e-03   1.3739746e-01   6.4244258e-03
   1.2787183e+02   6.5976623e-03   1.3724651e-01   6.3208607e-03
   1.2845532e+02   6.5370559e-03   1.3709587e-01   6.2190363e-03
   1.2903880e+02   6.4771699e-03   1.3694554e-01   6.1189459e-03
   1.2962229e+02   6.4180023e-03   1.3679553e-01   6.0205832e-03
   1.3020577e+02   6.3595511e-03   1.3664585e-01   5.9239416e-03
   1.3078926e+02   6.3018143e-03   1.3649650e-01   5.8290146e-03
   1.3137274e+02   6.2447900e-03   1.3634748e-01   5.7357958e-03
   1.3195623e+02   6.1884762e-03   1.3619881e-01   5.6442786e-03
   1.3253971e+02   6.1328708e-03   1.3605048e-01   5.5544566e-03
   1.3312320e+02   6.0779720e-03   1.3590250e-01   5.4663233e-03
   1.3370668e+02   6.0237777e-03   1.3575489e-01   5.3798722e-03
   1.3429017e+02   5.9702860e-03   1.3560763e-01   5.2950967e-03
   1.3487365e+02   5.9174949e-03   1.3546075e-01   5.2119905e-03
   1.3545714e+02   5.8654023e-03   1.3531424e-01   5.1305471e-03
   1.3604062e+02   5.8140064e-03   1.3516811e-01   5.0507598e-03
   1.3662411e+02   5.7633052e-03   1.3502237e-01   4.9726223e-03
   1.3720759e+02   5.7132966e-03   1.3487702e-01   4.8961281e-03
   1.3779108e+02   5.6639787e-03   1.3473207e-01   4.8212707e-03
   1.3837457e+02   5.6153495e-03   1.3458752e-01   4.7480435e-03
   1.3895805e+02   5.5674070e-03   1.3444338e-01   4.6764401e-03
   1.3954154e+02   5.5201493e-03   1.3429966e-01   4.6064540e-03
   1.4012502e+02   5.4735743e-03   1.3415635e-01   4.5380788e-03
   1.4070851e+02   5.4276801e-03   1.3401347e-01   4.4713079e-03
   1.4129199e+02   5.3824648e-03   1.3387102e-01   4.4061348e-03
   1.4187548e+02   5.3379263e-03   1.3372900e-01   4.3425530e-03
   1.4245896e+02   5.2940626e-03   1.3358743e-01   4.2805562e-03
   1.4304245e+02   5.2508718e-03   1.3344631e-01   4.2201377e-03
   1.4362593e+02   5.2083520e-03   1.3330564e-01   4.1612910e-03
   1.4420942e+02   5.1665010e-03   1.3316542e-01   4.1040098e-03
   1.4479290e+02   5.1253170e-03   1.3302567e-01   4.0482875e-03
   1.4537639e+02   5.0847979e-03   1.3288640e-01   3.9941176e-03
   1.4595987e+02   5.0449418e-03   1.3274759e-01   3.9414937e-03
   1.4654336e+02   5.0057468e-03   1.3260927e-01   3.8904091e-03
   1.4712685e+02   4.9672107e-03   1.3247143e-01   3.8408576e-03
   1.4771033e+02   4.9293317e-03   1.3233409e-01   3.7928325e-03
   1.4829382e+02   4.8921078e-03   1.3219725e-01   3.7463273e-03
   1.4887730e+02   4.8555369e-03   1.3206090e-01   3.7013357e-03
   1.4946079e+02   4.8196172e-03   1.3192507e-01   3.6578510e-03
   1.5004427e+02   4.7843455e-03   1.3178975e-01   3.6158638e-03
   1.5062776e+02   4.7495076e-03   1.3165476e-01   3.5747466e-03
   1.5121124e+02   4.7149436e-03   1.3151996e-01   3.5340320e-03
   1.5179473e+02   4.6806530e-03   1.3138536e-01   3.4937190e-03
   1.5237821e+02   4.6466351e-03   1.3125096e-01   3.4538065e-03
   1.5296170e+02   4.6128893e-03   1.3111676e-01   3.4142936e-03
   1.5354518e+02   4.5794153e-03   1.3098277e-01   3.3751792e-03
   1.5412867e+02   4.5462122e-03   1.3084900e-01   3.3364623e-03
   1.5471215e+02   4.5132797e-03   1.3071543e-01   3.2981420e-03
   1.5529564e+02   4.4806172e-03   1.3058209e-01   3.2602172e-03
   1.5587913e+02   4.4482240e-03   1.3044896e-01   3.2226869e-03
   1.5646261e+02   4.4160997e-03   1.3031606e-01   3.1855501e-03
   1.5704610e+02   4.3842436e-03   1.3018339e-01   3.1488058e-03
   1.5762958e+02   4.3526552e-03   1.3005096e-01   3.1124529e-03
   1.5821307e+02   4.3213340e-03   1.2991876e-01   3.0764906e-03
   1.5879655e+02   4.2902793e-03   1.2978680e-01   3.0409177e-03
   1.5938004e+02   4.2594906e-03   1.2965508e-01   3.0057333e-03
   1.5996352e+02   4.2289674e-03   1.2952362e-01   2.9709363e-03
   1.6054701e+02   4.1987091e-03   1.2939240e-01   2.9365258e-03
   1.6113049e+02   4.1687151e-03   1.2926144e-01   2.9025007e-03
   1.6171398e+02   4.1389849e-03   1.2913074e-01   2.8688600e-03
   1.6229746e+02   4.1095179e-03   1.2900030e-01   2.8356027e-03
   1.6288095e+02   4.0803135e-03   1.2887012e-01   2.8027279e-03
   1.6346443e+02   4.0513713e-03   1.2874022e-01   2.7702344e-03
   1.6404792e+02   4.0226905e-03   1.2861058e-01   2.7381214e-03
   1.6463141e+02   3.9942707e-03   1.2848123e-01   2.7063877e-03
   1.6521489e+02   3.9661113e-03   1.2835215e-01   2.6750324e-03
   1.6579838e+02   3.9382117e-03   1.2822336e-01   2.6440545e-03
   1.6638186e+02   3.9105714e-03   1.2809486e-01   2.6134529e-03
   1.6696535e+02   3.8831898e-03   1.2796665e-01   2.5832267e-03
   1.6754883e+02   3.8560663e-03   1.2783873e-01   2.5533748e-03
   1.6813232e+02   3.8292004e-03   1.2771112e-01   2.5238963e-03
   1.6871580e+02   3.8025916e-03   1.2758380e-01   2.4947900e-03
   1.6929929e+02   3.7762392e-03   1.2745680e-01   2.4660551e-03
   1.6988277e+02   3.7501427e-03   1.2733010e-01   2.4376905e-03
   1.7046626e+02   3.7243016e-03   1.2720371e-01   2.4096952e-03
   1.7104974e+02   3.6987152e-03   1.2707764e-01   2.3820682e-03
   1.7163323e+02   3.6733831e-03   1.2695190e-01   2.3548085e-03
   1.7221671e+02   3.6483046e-03   1.2682647e-01   2.3279151e-03
   1.7280020e+02   3.6234792e-03   1.2670138e-01   2.3013869e-03
   1.7338368e+02   3.5989063e-03   1.2657662e-01   2.2752230e-03
   1.7396717e+02   3.5745854e-03   1.2645219e-01   2.2494223e-03
   1.7455066e+02   3.5505159e-03   1.2632810e-01   2.2239839e-03
   1.7513414e+02   3.5266972e-03   1.2620436e-01   2.1989067e-03
   1.7571763e+02   3.5031288e-03   1.2608096e-01   2.1741898e-03
   1.7630111e+02   3.4798102e-03   1.2595791e-01   2.1498320e-03
   1.7688460e+02   3.4567406e-03   1.2583522e-01   2.1258325e-03
   1.7746808e+02   3.4339197e-03   1.2571288e-01   2.1021901e-03
   1.7805157e+02   3.4113469e-03   1.2559090e-01   2.0789040e-03
   1.7863505e+02   3.3890215e-03   1.2546929e-01   2.0559730e-03
   1.7921854e+02   3.3669430e-03   1.2534805e-01   2.0333963e-03
   1.7980202e+02   3.3451108e-03   1.2522718e-01   2.0111726e-03
   1.8038551e+02   3.3235245e-03   1.2510668e-01   1.9893012e-03
   1.8096899e+02   3.3021833e-03   1.2498657e-01   1.9677809e-03
   1.8155248e+02   3.2810869e-03   1.2486683e-01   1.9466107e-03
   1.8213596e+02   3.2602345e-03   1.2474749e-01   1.9257897e-03
   1.8271945e+02   3.2396257e-03   1.2462853e-01   1.9053168e-03
   1.8330294e+02   3.2192598e-03   1.2450997e-01   1.8851910e-03
   1.8388642e+02   3.1991364e-03   1.2439180e-01   1.8654113e-03
   1.8446991e+02   3.1792548e-03   1.2427404e-01   1.8459768e-03
   1.8505339e+02   3.1596145e-03   1.2415668e-01   1.8268863e-03
   1.8563688e+02   3.1402149e-03   1.2403974e-01   1.8081389e-03
   1.8622036e+02   3.1210555e-03   1.2392320e-01   1.7897336e-03
   1.8680385e+02   3.1021357e-03   1.2380708e-01   1.7716693e-03
   1.8738733e+02   3.0834550e-03   1.2369138e-01   1.7539451e-03
   1.8797082e+02   3.0650127e-03   1.2357610e-01   1.7365600e-03
   1.8855430e+02   3.0468084e-03   1.2346125e-01   1.7195129e-03
   1.8913779e+02   3.0288414e-03   1.2334683e-01   1.7028028e-03
   1.8972127e+02   3.0111112e-03   1.2323284e-01   1.6864288e-03
   1.9030476e+02   2.9936172e-03   1.2311930e-01   1.6703898e-03
   1.9088824e+02   2.9763589e-03   1.2300619e-01   1.6546848e-03
   1.9147173e+02   2.9593358e-03   1.2289353e-01   1.6393128e-03
   1.9205522e+02   2.9425471e-03   1.2278132e-01   1.6242728e-03
   1.9263870e+02   2.9259925e-03   1.2266956e-01   1.6095637e-03
   1.9322219e+02   2.9096713e-03   1.2255825e-01   1.5951847e-03
   1.9380567e+02   2.8935829e-03   1.2244741e-01   1.5811346e-03
   1.9438916e+02   2.8777269e-03   1.2233703e-01   1.5674125e-03
   1.9497264e+02   2.8621026e-03   1.2222712e-01   1.5540173e-03
   1.9555613e+02   2.8467094e-03   1.2211768e-01   1.5409481e-03
   1.9613961e+02   2.8315469e-03   1.2200871e-01   1.5282038e-03
   1.9672310e+02   2.8166145e-03   1.2190022e-01   1.5157834e-03
   1.9730658e+02   2.8019115e-03   1.2179222e-01   1.5036859e-03
   1.9789007e+02   2.7874375e-03   1.2168470e-01   1.4919104e-03
   1.9847355e+02   2.7731918e-03   1.2157766e-01   1.4804558e-03
   1.9905704e+02   2.7591739e-03   1.2147112e-01   1.4693210e-03
   1.9964052e+02   2.7453833e-03   1.2136508e-01   1.4585052e-03
   2.0022401e+02   2.7318073e-03   1.2125952e-01   1.4479882e-03
   2.0080750e+02   2.7183249e-03   1.2115420e-01   1.4375792e-03
   2.0139098e+02   2.7049049e-03   1.2104906e-01   1.4272292e-03
   2.0197447e+02   2.6915472e-03   1.2094411e-01   1.4169379e-03
   2.0255795e+02   2.6782516e-03   1.2083934e-01   1.4067053e-03
   2.0314144e+02   2.6650180e-03   1.2073476e-01   1.3965312e-03
   2.0372492e+02   2.6518464e-03   1.2063036e-01   1.3864155e-03
   2.0430841e+02   2.6387365e-03   1.2052615e-01   1.3763580e-03
   2.0489189e+02   2.6256883e-03   1.2042212e-01   1.3663586e-03
   2.0547538e+02   2.6127017e-03   1.2031828e-01   1.3564173e-03
   2.0605886e+02   2.5997764e-03   1.2021462e-01   1.3465338e-03
   2.0664235e+02   2.5869125e-03   1.2011115e-01   1.3367080e-03
   2.0722583e+02   2.5741097e-03   1.2000786e-01   1.3269398e-03
   2.0780932e+02   2.5613679e-03   1.1990475e-01   1.3172291e-03
   2.0839280e+02   2.5486871e-03   1.1980183e-01   1.3075758e-03
   2.0897629e+02   2.5360671e-03   1.1969909e-01   1.2979796e-03
   2.0955977e+02   2.5235078e-03   1.1959654e-01   1.2884405e-03
   2.1014326e+02   2.5110090e-03   1.1949417e-01   1.2789584e-03
   2.1072675e+02   2.4985707e-03   1.1939198e-01   1.2695330e-03
   2.1131023e+02   2.4861926e-03   1.1928998e-01   1.2601644e-03
   2.1189372e+02   2.4738748e-03   1.1918816e-01   1.2508523e-03
   2.1247720e+02   2.4616170e-03   1.1908653e-01   1.2415967e-03
   2.1306069e+02   2.4494192e-03   1.1898508e-01   1.2323973e-03
   2.1364417e+02   2.4372812e-03   1.1888382e-01   1.2232541e-03
   2.1422766e+02   2.4252029e-03   1.1878273e-01   1.2141669e-03
   2.1481114e+02   2.4131842e-03   1.1868184e-01   1.2051357e-03
   2.1539463e+02   2.4012250e-03   1.1858112e-01   1.1961602e-03
   2.1597811e+02   2.3893250e-03   1.1848059e-01   1.1872403e-03
   2.1656160e+02   2.3774843e-03   1.1838025e-01   1.1783760e-03
   2.1714508e+02   2.3657027e-03   1.1828008e-01   1.1695670e-03
   2.1772857e+02   2.3539801e-03   1.1818010e-01   1.1608133e-03
   2.1831205e+02   2.3423163e-03   1.1808031e-01   1.1521147e-03
   2.1889554e+02   2.3307112e-03   1.1798069e-01   1.1434711e-03
   2.1947903e+02   2.3191647e-03   1.1788127e-01   1.1348824e-03
   2.2006251e+02   2.3076767e-03   1.1778202e-01   1.1263484e-03
   2.2064600e+02   2.2962470e-03   1.1768296e-01   1.1178690e-03
   2.2122948e+02   2.2848756e-03   1.1758408e-01   1.1094440e-03
   2.2181297e+02   2.2735623e-03   1.1748538e-01   1.1010734e-03
   2.2239645e+02   2.2623070e-03   1.1738687e-01   1.0927570e-03
   2.2297994e+02   2.2511095e-03   1.1728854e-01   1.0844947e-03
   2.2356342e+02   2.2399698e-03   1.1719040e-01   1.0762863e-03
   2.2414691e+02   2.2288877e-03   1.1709243e-01   1.0681318e-03
   2.2473039e+02   2.2178631e-03   1.1699465e-01   1.0600309e-03
   2.2531388e+02   2.2068959e-03   1.1689705e-01   1.0519836e-03
   2.2589736e+02   2.1959859e-03   1.1679964e-01   1.0439897e-03
   2.2648085e+02   2.1851331e-03   1.1670241e-01   1.0360491e-03
   2.2706433e+02   2.1743373e-03   1.1660536e-01   1.0281616e-03
   2.2764782e+02   2.1635983e-03   1.1650850e-01   1.0203272e-03
   2.2823131e+02   2.1529161e-03   1.1641181e-01   1.0125457e-03
   2.2881479e+02   2.1422906e-03   1.1631531e-01   1.0048170e-03
   2.2939828e+02   2.1317216e-03   1.1621900e-01   9.9714090e-04
   2.2998176e+02   2.1212090e-03   1.1612286e-01   9.8951732e-04
   2.3056525e+02   2.1107526e-03   1.1602691e-01   9.8194612e-04
   2.3114873e+02   2.1003524e-03   1.1593114e-01   9.7442717e-04
   2.3173222e+02   2.0900083e-03   1.1583555e-01   9.6696034e-04
   2.3231570e+02   2.0797200e-03   1.1574015e-01   9.5954549e-04
   2.3289919e+02   2.0694876e-03   1.1564493e-01   9.5218251e-04
   2.3348267e+02   2.0593108e-03   1.1554989e-01   9.4487125e-04
   2.3406616e+02   2.0491895e-03   1.1545503e-01   9.3761159e-04
   2.3464964e+02   2.0391236e-03   1.1536036e-01   9.3040340e-04
   2.3523313e+02   2.0291131e-03   1.1526586e-01   9.2324655e-04
   2.3581661e+02   2.0191577e-03   1.1517155e-01   9.1614090e-04
   2.3640010e+02   2.0092574e-03   1.1507742e-01   9.0908633e-04
   2.3698359e+02   1.9994120e-03   1.1498348e-01   9.0208270e-04
   2.3756707e+02   1.9896214e-03   1.1488971e-01   8.9512989e-04
   2.3815056e+02   1.9798855e-03   1.1479613e-01   8.8822776e-04
   2.3873404e+02   1.9702041e-03   1.1470273e-01   8.8137619e-04
   2.3931753e+02   1.9605772e-03   1.1460952e-01   8.7457504e-04
   2.3990101e+02   1.9510046e-03   1.1451648e-01   8.6782418e-04
   2.4048450e+02   1.9414862e-03   1.1442363e-01   8.6112349e-04
   2.4106798e+02   1.9320219e-03   1.1433095e-01   8.5447283e-04
   2.4165147e+02   1.9226115e-03   1.1423846e-01   8.4787207e-04
   2.4223495e+02   1.9132549e-03   1.1414615e-01   8.4132108e-04
   2.4281844e+02   1.9039521e-03   1.1405403e-01   8.3481973e-04
   2.4340192e+02   1.8947028e-03   1.1396208e-01   8.2836789e-04
   2.4398541e+02   1.8855070e-03   1.1387032e-01   8.2196544e-04
   2.4456889e+02   1.8763645e-03   1.1377874e-01   8.1561223e-04
   2.4515238e+02   1.8672752e-03   1.1368733e-01   8.0930814e-04
   2.4573586e+02   1.8582391e-03   1.1359612e-01   8.0305304e-04
   2.4631935e+02   1.8492559e-03   1.1350508e-01   7.9684680e-04
   2.4690284e+02   1.8403255e-03   1.1341422e-01   7.9068928e-04
   2.4748632e+02   1.8314479e-03   1.1332355e-01   7.8458036e-04
   2.4806981e+02   1.8226229e-03   1.1323305e-01   7.7851991e-04
   2.4865329e+02   1.8138503e-03   1.1314274e-01   7.7250780e-04
   2.4923678e+02   1.8051301e-03   1.1305261e-01   7.6654389e-04
   2.4982026e+02   1.7964622e-03   1.1296266e-01   7.6062805e-04
   2.5040375e+02   1.7878464e-03   1.1287289e-01   7.5476016e-04
   2.5098723e+02   1.7792825e-03   1.1278330e-01   7.4894009e-04
   2.5157072e+02   1.7707705e-03   1.1269390e-01   7.4316770e-04
   2.5215420e+02   1.7623103e-03   1.1260467e-01   7.3744286e-04
   2.5273769e+02   1.7539017e-03   1.1251563e-01   7.3176544e-04
   2.5332117e+02   1.7455446e-03   1.1242676e-01   7.2613532e-04
   2.5390466e+02   1.7372389e-03   1.1233808e-01   7.2055236e-04
   2.5448814e+02   1.7289844e-03   1.1224958e-01   7.1501643e-04
   2.5507163e+02   1.7207810e-03   1.1216126e-01   7.0952741e-04
   2.5565512e+02   1.7126287e-03   1.1207311e-01   7.0408515e-04
   2.5623860e+02   1.7045273e-03   1.1198515e-01   6.9868953e-04
   2.5682209e+02   1.6964766e-03   1.1189738e-01   6.9334043e-04
   2.5740557e+02   1.6884766e-03   1.1180978e-01   6.8803770e-04
   2.5798906e+02   1.6805271e-03   1.1172236e-01   6.8278122e-04
   2.5857254e+02   1.6726280e-03   1.1163512e-01   6.7757086e-04
   2.5915603e+02   1.6647791e-03   1.1154806e-01   6.7240649e-04
   2.5973951e+02   1.6569805e-03   1.1146119e-01   6.6728798e-04
   2.6032300e+02   1.6492318e-03   1.1137449e-01   6.6221519e-04
   2.6090648e+02   1.6415331e-03   1.1128798e-01   6.5718800e-04
   2.6148997e+02   1.6338841e-03   1.1120164e-01   6.5220628e-04
   2.6207345e+02   1.6262849e-03   1.1111549e-01   6.4726989e-04
   2.6265694e+02   1.6187351e-03   1.1102951e-01   6.4237870e-04
   2.6324042e+02   1.6112348e-03   1.1094372e-01   6.3753259e-04
   2.6382391e+02   1.6037838e-03   1.1085810e-01   6.3273143e-04
   2.6440740e+02   1.5963819e-03   1.1077267e-01   6.2797508e-04
   2.6499088e+02   1.5890291e-03   1.1068741e-01   6.2326341e-04
   2.6557437e+02   1.5817253e-03   1.1060234e-01   6.1859630e-04
   2.6615785e+02   1.5744702e-03   1.1051744e-01   6.1397360e-04
   2.6674134e+02   1.5672639e-03   1.1043273e-01   6.0939520e-04
   2.6732482e+02   1.5601061e-03   1.1034819e-01   6.0486097e-04
   2.6790831e+02   1.5529967e-03   1.1026384e-01   6.0037076e-04
   2.6849179e+02   1.5459357e-03   1.1017966e-01   5.9592445e-04
   2.6907528e+02   1.5389228e-03   1.1009567e-01   5.9152192e-04
   2.6965876e+02   1.5319580e-03   1.1001185e-01   5.8716302e-04
   2.7024225e+02   1.5250412e-03   1.0992822e-01   5.8284763e-04
   2.7082573e+02   1.5181722e-03   1.0984476e-01   5.7857562e-04
   2.7140922e+02   1.5113510e-03   1.0976148e-01   5.7434686e-04
   2.7199270e+02   1.5045773e-03   1.0967839e-01   5.7016122e-04
   2.7257619e+02   1.4978510e-03   1.0959547e-01   5.6601856e-04
   2.7315968e+02   1.4911721e-03   1.0951273e-01   5.6191877e-04
   2.7374316e+02   1.4845404e-03   1.0943017e-01   5.5786169e-04
   2.7432665e+02   1.4779559e-03   1.0934779e-01   5.5384722e-04
   2.7491013e+02   1.4714182e-03   1.0926559e-01   5.4987521e-04
   2.7549362e+02   1.4649275e-03   1.0918357e-01   5.4594553e-04
   2.7607710e+02   1.4584834e-03   1.0910173e-01   5.4205806e-04
   2.7666059e+02   1.4520860e-03   1.0902007e-01   5.3821267e-04
   2.7724407e+02   1.4457351e-03   1.0893858e-01   5.3440921e-04
   2.7782756e+02   1.4394305e-03   1.0885728e-01   5.3064757e-04
   2.7841104e+02   1.4331721e-03   1.0877615e-01   5.2692762e-04
   2.7899453e+02   1.4269599e-03   1.0869521e-01   5.2324921e-04
   2.7957801e+02   1.4207937e-03   1.0861444e-01   5.1961223e-04
   2.8016150e+02   1.4146733e-03   1.0853385e-01   5.1601654e-04
   2.8074498e+02   1.4085987e-03   1.0845344e-01   5.1246201e-04
   2.8132847e+02   1.4025697e-03   1.0837321e-01   5.0894851e-04
   2.8191195e+02   1.3965862e-03   1.0829316e-01   5.0547591e-04
   2.8249544e+02   1.3906481e-03   1.0821329e-01   5.0204408e-04
   2.8307893e+02   1.3847552e-03   1.0813359e-01   4.9865289e-04
   2.8366241e+02   1.3789075e-03   1.0805408e-01   4.9530221e-04
   2.8424590e+02   1.3731048e-03   1.0797474e-01   4.9199191e-04
   2.8482938e+02   1.3673470e-03   1.0789558e-01   4.8872185e-04
   2.8541287e+02   1.3616340e-03   1.0781660e-01   4.8549192e-04
   2.8599635e+02   1.3559656e-03   1.0773780e-01   4.8230196e-04
   2.8657984e+02   1.3503417e-03   1.0765918e-01   4.7915187e-04
   2.8716332e+02   1.3447622e-03   1.0758073e-01   4.7604150e-04
   2.8774681e+02   1.3392270e-03   1.0750247e-01   4.7297073e-04
   2.8833029e+02   1.3337360e-03   1.0742438e-01   4.6993942e-04
   2.8891378e+02   1.3282890e-03   1.0734647e-01   4.6694744e-04
   2.8949726e+02   1.3228859e-03   1.0726874e-01   4.6399467e-04
   2.9008075e+02   1.3175266e-03   1.0719118e-01   4.6108098e-04
   2.9066423e+02   1.3122110e-03   1.0711381e-01   4.5820623e-04
   2.9124772e+02   1.3069389e-03   1.0703661e-01   4.5537029e-04
   2.9183121e+02   1.3017103e-03   1.0695959e-01   4.5257303e-04
   2.9241469e+02   1.2965249e-03   1.0688275e-01   4.4981432e-04
   2.9299818e+02   1.2913828e-03   1.0680609e-01   4.4709404e-04
   2.9358166e+02   1.2862836e-03   1.0672960e-01   4.4441204e-04
   2.9416515e+02   1.2812275e-03   1.0665330e-01   4.4176821e-04
   2.9474863e+02   1.2762141e-03   1.0657717e-01   4.3916241e-04
   2.9533212e+02   1.2712434e-03   1.0650122e-01   4.3659450e-04
   2.9591560e+02   1.2663153e-03   1.0642544e-01   4.3406437e-04
   2.9649909e+02   1.2614296e-03   1.0634985e-01   4.3157187e-04
   2.9708257e+02   1.2565862e-03   1.0627443e-01   4.2911688e-04
   2.9766606e+02   1.2517851e-03   1.0619919e-01   4.2669927e-04
   2.9824954e+02   1.2470260e-03   1.0612412e-01   4.2431891e-04
   2.9883303e+02   1.2423089e-03   1.0604924e-01   4.2197566e-04
   2.9941651e+02   1.2376336e-03   1.0597453e-01   4.1966940e-04
   3.0000000e+02   1.2330000e-03   1.0590000e-01   4.1740000e-04
