# PETN simulant C5H8N4O12
# rho 1.587
   1.0000000e+00   1.3540000e+00   1.0800000e-02   3.7930000e+03
   1.5851272e+00   1.2224497e+00   2.4042095e-02   1.0891052e+03
   2.1702544e+00   1.0740856e+00   3.8923655e-02   4.6064144e+02
   2.7553816e+00   9.2729342e-01   5.3724113e-02   2.2518142e+02
   3.3405088e+00   7.9852389e-01   6.7121102e-02   1.2753094e+02
   3.9256360e+00   6.8688042e-01   7.9114040e-02   7.8082116e+01
   4.5107632e+00   5.9496322e-01   8.9388225e-02   5.1560988e+01
   5.0958904e+00   5.1891332e-01   9.8203534e-02   3.5596230e+01
   5.6810176e+00   4.5588770e-01   1.0576842e-01   2.5321739e+01
   6.2661448e+00   4.0624852e-01   1.1197254e-01   1.9149041e+01
   6.8512720e+00   3.6383818e-01   1.1739503e-01   1.4623761e+01
   7.4363992e+00   3.2724070e-01   1.2218753e-01   1.1185812e+01
   8.0215264e+00   2.9668344e-01   1.2634159e-01   8.7872027e+00
   8.6066536e+00   2.7069548e-01   1.2999117e-01   7.0435319e+00
   9.1917808e+00   2.4811879e-01   1.3323666e-01   5.6644887e+00
   9.7769080e+00   2.2930706e-01   1.3604839e-01   4.6736384e+00
   1.0362035e+01   2.1400110e-01   1.3846178e-01   4.0255642e+00
   1.0947162e+01   2.0002696e-01   1.4071115e-01   3.4674954e+00
   1.1532290e+01   1.8712265e-01   1.4282234e-01   2.9719371e+00
   1.2117417e+01   1.7524937e-01   1.4479722e-01   2.5369705e+00
   1.2702544e+01   1.6436833e-01   1.4663768e-01   2.1606773e+00
   1.3287671e+01   1.5444071e-01   1.4834560e-01   1.8411387e+00
   1.3872798e+01   1.4542775e-01   1.4992286e-01   1.5764364e+00
   1.4457926e+01   1.3729062e-01   1.5137136e-01   1.3646516e+00
   1.5043053e+01   1.2998962e-01   1.5269317e-01   1.2037690e+00
   1.5628180e+01   1.2329712e-01   1.5393307e-01   1.0718598e+00
   1.6213307e+01   1.1705224e-01   1.5511814e-01   9.5304824e-01
   1.6798434e+01   1.1124500e-01   1.5624013e-01   8.4703977e-01
   1.7383562e+01   1.0586547e-01   1.5729084e-01   7.5353995e-01
   1.7968689e+01   1.0090369e-01   1.5826204e-01   6.7225433e-01
   1.8553816e+01   9.6349698e-02   1.5914549e-01   6.0288846e-01
   1.9138943e+01   9.2193544e-02   1.5993298e-01   5.4514789e-01
   1.9724070e+01   8.8425271e-02   1.6061628e-01   4.9873816e-01
   2.0309198e+01   8.5000427e-02   1.6120268e-01   4.6212751e-01
   2.0894325e+01   8.1727325e-02   1.6176927e-01   4.2848102e-01
   2.1479452e+01   7.8576929e-02   1.6232530e-01   3.9676378e-01
   2.2064579e+01   7.5548002e-02   1.6286784e-01   3.6693565e-01
   2.2649706e+01   7.2639305e-02   1.6339399e-01   3.3895653e-01
   2.3234834e+01   6.9849600e-02   1.6390082e-01   3.1278629e-01
   2.3819961e+01   6.7177648e-02   1.6438541e-01   2.8838483e-01
   2.4405088e+01   6.4622212e-02   1.6484485e-01   2.6571202e-01
   2.4990215e+01   6.2182053e-02   1.6527622e-01   2.4472775e-01
   2.5575342e+01   5.9855932e-02   1.6567659e-01   2.2539190e-01
   2.6160470e+01   5.7642612e-02   1.6604307e-01   2.0766436e-01
   2.6745597e+01   5.5540855e-02   1.6637271e-01   1.9150500e-01
   2.7330724e+01   5.3549422e-02   1.6666262e-01   1.7687372e-01
   2.7915851e+01   5.1667074e-02   1.6690987e-01   1.6373039e-01
   2.8500978e+01   4.9892575e-02   1.6711154e-01   1.5203489e-01
   2.9086106e+01   4.8224685e-02   1.6726471e-01   1.4174712e-01
   2.9671233e+01   4.6662166e-02   1.6736647e-01   1.3282695e-01
   3.0256360e+01   4.5199317e-02   1.6741912e-01   1.2514907e-01
   3.0841487e+01   4.3800095e-02   1.6746121e-01   1.1802057e-01
   3.1426614e+01   4.2455604e-02   1.6750113e-01   1.1128728e-01
   3.2011742e+01   4.1164270e-02   1.6753880e-01   1.0493661e-01
   3.2596869e+01   3.9924520e-02   1.6757417e-01   9.8955950e-02
   3.3181996e+01   3.8734778e-02   1.6760720e-01   9.3332712e-02
   3.3767123e+01   3.7593471e-02   1.6763782e-01   8.8054295e-02
   3.4352250e+01   3.6499025e-02   1.6766597e-01   8.3108100e-02
   3.4937378e+01   3.5449866e-02   1.6769161e-01   7.8481529e-02
   3.5522505e+01   3.4444420e-02   1.6771467e-01   7.4161984e-02
   3.6107632e+01   3.3481113e-02   1.6773511e-01   7.0136865e-02
   3.6692759e+01   3.2558371e-02   1.6775285e-01   6.6393576e-02
   3.7277886e+01   3.1674620e-02   1.6776786e-01   6.2919516e-02
   3.7863014e+01   3.0828286e-02   1.6778007e-01   5.9702089e-02
   3.8448141e+01   3.0017795e-02   1.6778942e-01   5.6728696e-02
   3.9033268e+01   2.9241572e-02   1.6779587e-01   5.3986737e-02
   3.9618395e+01   2.8498045e-02   1.6779935e-01   5.1463616e-02
   4.0203523e+01   2.7785250e-02   1.6779860e-01   4.9141202e-02
   4.0788650e+01   2.7097244e-02   1.6777956e-01   4.6943411e-02
   4.1373777e+01   2.6431987e-02   1.6773965e-01   4.4847290e-02
   4.1958904e+01   2.5788869e-02   1.6768068e-01   4.2850024e-02
   4.2544031e+01   2.5167282e-02   1.6760445e-01   4.0948798e-02
   4.3129159e+01   2.4566617e-02   1.6751276e-01   3.9140797e-02
   4.3714286e+01   2.3986265e-02   1.6740744e-01   3.7423204e-02
   4.4299413e+01   2.3425618e-02   1.6729028e-01   3.5793204e-02
   4.4884540e+01   2.2884068e-02   1.6716310e-01   3.4247983e-02
   4.5469667e+01   2.2361005e-02   1.6702770e-01   3.2784724e-02
   4.6054795e+01   2.1855821e-02   1.6688590e-01   3.1400613e-02
   4.6639922e+01   2.1367907e-02   1.6673949e-01   3.0092833e-02
   4.7225049e+01   2.0896654e-02   1.6659029e-01   2.8858570e-02
   4.7810176e+01   2.0441455e-02   1.6644010e-01   2.7695007e-02
   4.8395303e+01   2.0001699e-02   1.6629074e-01   2.6599330e-02
   4.8980431e+01   1.9576779e-02   1.6614400e-01   2.5568723e-02
   4.9565558e+01   1.9166086e-02   1.6600171e-01   2.4600371e-02
   5.0150685e+01   1.8768873e-02   1.6586517e-01   2.3690535e-02
   5.0735812e+01   1.8381851e-02   1.6572550e-01   2.2817964e-02
   5.1320939e+01   1.8003930e-02   1.6557925e-01   2.1974936e-02
   5.1906067e+01   1.7635238e-02   1.6542697e-01   2.1161678e-02
   5.2491194e+01   1.7275899e-02   1.6526921e-01   2.0378419e-02
   5.3076321e+01   1.6926040e-02   1.6510652e-01   1.9625388e-02
   5.3661448e+01   1.6585786e-02   1.6493944e-01   1.8902814e-02
   5.4246575e+01   1.6255263e-02   1.6476855e-01   1.8210925e-02
   5.4831703e+01   1.5934597e-02   1.6459437e-01   1.7549950e-02
   5.5416830e+01   1.5623914e-02   1.6441747e-01   1.6920118e-02
   5.6001957e+01   1.5323340e-02   1.6423839e-01   1.6321656e-02
   5.6587084e+01   1.5033000e-02   1.6405769e-01   1.5754795e-02
   5.7172211e+01   1.4753020e-02   1.6387591e-01   1.5219761e-02
   5.7757339e+01   1.4483527e-02   1.6369362e-01   1.4716785e-02
   5.8342466e+01   1.4224645e-02   1.6351135e-01   1.4246094e-02
   5.8927593e+01   1.3976501e-02   1.6332966e-01   1.3807917e-02
   5.9512720e+01   1.3739220e-02   1.6314910e-01   1.3402483e-02
   6.0097847e+01   1.3512824e-02   1.6297018e-01   1.3029666e-02
   6.0682975e+01   1.3292574e-02   1.6279104e-01   1.2673421e-02
   6.1268102e+01   1.3075857e-02   1.6261058e-01   1.2324948e-02
   6.1853229e+01   1.2862660e-02   1.6242886e-01   1.1984209e-02
   6.2438356e+01   1.2652973e-02   1.6224593e-01   1.1651166e-02
   6.3023483e+01   1.2446786e-02   1.6206186e-01   1.1325782e-02
   6.3608611e+01   1.2244087e-02   1.6187670e-01   1.1008021e-02
   6.4193738e+01   1.2044865e-02   1.6169053e-01   1.0697844e-02
   6.4778865e+01   1.1849109e-02   1.6150340e-01   1.0395214e-02
   6.5363992e+01   1.1656809e-02   1.6131537e-01   1.0100094e-02
   6.5949119e+01   1.1467954e-02   1.6112650e-01   9.8124472e-03
   6.6534247e+01   1.1282532e-02   1.6093686e-01   9.5322350e-03
   6.7119374e+01   1.1100533e-02   1.6074651e-01   9.2594207e-03
   6.7704501e+01   1.0921946e-02   1.6055550e-01   8.9939669e-03
   6.8289628e+01   1.0746760e-02   1.6036391e-01   8.7358362e-03
   6.8874755e+01   1.0574964e-02   1.6017178e-01   8.4849913e-03
   6.9459883e+01   1.0406547e-02   1.5997919e-01   8.2413947e-03
   7.0045010e+01   1.0241498e-02   1.5978620e-01   8.0050093e-03
   7.0630137e+01   1.0079807e-02   1.5959285e-01   7.7757975e-03
   7.1215264e+01   9.9214621e-03   1.5939923e-01   7.5537221e-03
   7.1800391e+01   9.7664527e-03   1.5920538e-01   7.3387457e-03
   7.2385519e+01   9.6147679e-03   1.5901137e-01   7.1308310e-03
   7.2970646e+01   9.4663968e-03   1.5881726e-01   6.9299406e-03
   7.3555773e+01   9.3213286e-03   1.5862311e-01   6.7360371e-03
   7.4140900e+01   9.1795522e-03   1.5842899e-01   6.5490832e-03
   7.4726027e+01   9.0410568e-03   1.5823495e-01   6.3690415e-03
   7.5311155e+01   8.9058315e-03   1.5804106e-01   6.1958748e-03
   7.5896282e+01   8.7738653e-03   1.5784738e-01   6.0295455e-03
   7.6481409e+01   8.6451474e-03   1.5765396e-01   5.8700165e-03
   7.7066536e+01   8.5196669e-03   1.5746087e-01   5.7172503e-03
   7.7651663e+01   8.3974128e-03   1.5726818e-01   5.5712096e-03
   7.8236791e+01   8.2783743e-03   1.5707594e-01   5.4318570e-03
   7.8821918e+01   8.1625404e-03   1.5688421e-01   5.2991552e-03
   7.9407045e+01   8.0499002e-03   1.5669306e-01   5.1730668e-03
   7.9992172e+01   7.9404428e-03   1.5650254e-01   5.0535544e-03
   8.0577299e+01   7.8333193e-03   1.5631204e-01   4.9384500e-03
   8.1162427e+01   7.7276523e-03   1.5612088e-01   4.8255020e-03
   8.1747554e+01   7.6234564e-03   1.5592913e-01   4.7147223e-03
   8.2332681e+01   7.5207467e-03   1.5573685e-01   4.6061231e-03
   8.2917808e+01   7.4195382e-03   1.5554410e-01   4.4997168e-03
   8.3502935e+01   7.3198457e-03   1.5535095e-01   4.3955156e-03
   8.4088063e+01   7.2216842e-03   1.5515746e-01   4.2935318e-03
   8.4673190e+01   7.1250688e-03   1.5496369e-01   4.1937776e-03
   8.5258317e+01   7.0300142e-03   1.5476971e-01   4.0962654e-03
   8.5843444e+01   6.9365356e-03   1.5457557e-01   4.0010073e-03
   8.6428571e+01   6.8446478e-03   1.5438135e-01   3.9080157e-03
   8.7013699e+01   6.7543659e-03   1.5418710e-01   3.8173028e-03
   8.7598826e+01   6.6657047e-03   1.5399289e-01   3.7288809e-03
   8.8183953e+01   6.5786792e-03   1.5379878e-01   3.6427623e-03
   8.8769080e+01   6.4933043e-03   1.5360483e-01   3.5589593e-03
   8.9354207e+01   6.4095951e-03   1.5341111e-01   3.4774840e-03
   8.9939335e+01   6.3275665e-03   1.5321768e-01   3.3983488e-03
   9.0524462e+01   6.2472335e-03   1.5302460e-01   3.3215660e-03
   9.1109589e+01   6.1686109e-03   1.5283193e-01   3.2471478e-03
   9.1694716e+01   6.0917137e-03   1.5263975e-01   3.1751065e-03
   9.2279843e+01   6.0165570e-03   1.5244810e-01   3.1054544e-03
   9.2864971e+01   5.9431556e-03   1.5225706e-01   3.0382037e-03
   9.3450098e+01   5.8715246e-03   1.5206668e-01   2.9733667e-03
   9.4035225e+01   5.8016788e-03   1.5187703e-01   2.9109556e-03
   9.4620352e+01   5.7336332e-03   1.5168818e-01   2.8509829e-03
   9.5205479e+01   5.6674028e-03   1.5150018e-01   2.7934606e-03
   9.5790607e+01   5.6030026e-03   1.5131310e-01   2.7384011e-03
   9.6375734e+01   5.5404474e-03   1.5112700e-01   2.6858167e-03
   9.6960861e+01   5.4797523e-03   1.5094195e-01   2.6357196e-03
   9.7545988e+01   5.4209321e-03   1.5075800e-01   2.5881221e-03
   9.8131115e+01   5.3640020e-03   1.5057522e-01   2.5430365e-03
   9.8716243e+01   5.3089767e-03   1.5039368e-01   2.5004750e-03
   9.9301370e+01   5.2558713e-03   1.5021343e-01   2.4604499e-03
   9.9886497e+01   5.2047007e-03   1.5003454e-01   2.4229735e-03
   1.0047162e+02   5.1549809e-03   1.4985667e-01   2.3873490e-03
   1.0105675e+02   5.1057096e-03   1.4967904e-01   2.3521488e-03
   1.0164188e+02   5.0568572e-03   1.4950164e-01   2.3173306e-03
   1.0222701e+02   5.0084225e-03   1.4932446e-01   2.2828932e-03
   1.0281213e+02   4.9604046e-03   1.4914752e-01   2.2488353e-03
   1.0339726e+02   4.9128024e-03   1.4897081e-01   2.2151556e-03
   1.0398239e+02   4.8656149e-03   1.4879434e-01   2.1818530e-03
   1.0456751e+02   4.8188412e-03   1.4861811e-01   2.1489262e-03
   1.0515264e+02   4.7724802e-03   1.4844213e-01   2.1163738e-03
   1.0573777e+02   4.7265308e-03   1.4826640e-01   2.0841948e-03
   1.0632290e+02   4.6809921e-03   1.4809092e-01   2.0523877e-03
   1.0690802e+02   4.6358631e-03   1.4791570e-01   2.0209514e-03
   1.0749315e+02   4.5911428e-03   1.4774075e-01   1.9898847e-03
   1.0807828e+02   4.5468300e-03   1.4756606e-01   1.9591862e-03
   1.0866341e+02   4.5029239e-03   1.4739165e-01   1.9288547e-03
   1.0924853e+02   4.4594234e-03   1.4721751e-01   1.8988891e-03
   1.0983366e+02   4.4163274e-03   1.4704365e-01   1.8692879e-03
   1.1041879e+02   4.3736351e-03   1.4687007e-01   1.8400500e-03
   1.1100391e+02   4.3313452e-03   1.4669678e-01   1.8111741e-03
   1.1158904e+02   4.2894570e-03   1.4652377e-01   1.7826590e-03
   1.1217417e+02   4.2479692e-03   1.4635107e-01   1.7545034e-03
   1.1275930e+02   4.2068810e-03   1.4617866e-01   1.7267061e-03
   1.1334442e+02   4.1661912e-03   1.4600656e-01   1.6992658e-03
   1.1392955e+02   4.1258990e-03   1.4583476e-01   1.6721812e-03
   1.1451468e+02   4.0860032e-03   1.4566327e-01   1.6454512e-03
   1.1509980e+02   4.0465028e-03   1.4549210e-01   1.6190745e-03
   1.1568493e+02   4.0073969e-03   1.4532125e-01   1.5930498e-03
   1.1627006e+02   3.9686845e-03   1.4515072e-01   1.5673758e-03
   1.1685519e+02   3.9303644e-03   1.4498051e-01   1.5420514e-03
   1.1744031e+02   3.8924357e-03   1.4481064e-01   1.5170753e-03
   1.1802544e+02   3.8548974e-03   1.4464110e-01   1.4924461e-03
   1.1861057e+02   3.8177485e-03   1.4447190e-01   1.4681628e-03
   1.1919569e+02   3.7809879e-03   1.4430305e-01   1.4442239e-03
   1.1978082e+02   3.7446147e-03   1.4413454e-01   1.4206284e-03
   1.2036595e+02   3.7086277e-03   1.4396638e-01   1.3973748e-03
   1.2095108e+02   3.6730261e-03   1.4379857e-01   1.3744620e-03
   1.2153620e+02   3.6378088e-03   1.4363113e-01   1.3518888e-03
   1.2212133e+02   3.6029748e-03   1.4346404e-01   1.3296538e-03
   1.2270646e+02   3.5685230e-03   1.4329733e-01   1.3077558e-03
   1.2329159e+02   3.5344525e-03   1.4313098e-01   1.2861937e-03
   1.2387671e+02   3.5007622e-03   1.4296501e-01   1.2649660e-03
   1.2446184e+02   3.4674511e-03   1.4279941e-01   1.2440716e-03
   1.2504697e+02   3.4345182e-03   1.4263420e-01   1.2235092e-03
   1.2563209e+02   3.4019625e-03   1.4246938e-01   1.2032776e-03
   1.2621722e+02   3.3697830e-03   1.4230495e-01   1.1833756e-03
   1.2680235e+02   3.3379786e-03   1.4214091e-01   1.1638018e-03
   1.2738748e+02   3.3065484e-03   1.4197727e-01   1.1445550e-03
   1.2797260e+02   3.2754914e-03   1.4181403e-01   1.1256340e-03
   1.2855773e+02   3.2448064e-03   1.4165120e-01   1.1070375e-03
   1.2914286e+02   3.2144926e-03   1.4148878e-01   1.0887643e-03
   1.2972798e+02   3.1845488e-03   1.4132677e-01   1.0708131e-03
   1.3031311e+02   3.1549741e-03   1.4116518e-01   1.0531827e-03
   1.3089824e+02   3.1257674e-03   1.4100402e-01   1.0358718e-03
   1.3148337e+02   3.0969279e-03   1.4084328e-01   1.0188792e-03
   1.3206849e+02   3.0684543e-03   1.4068297e-01   1.0022036e-03
   1.3265362e+02   3.0403457e-03   1.4052310e-01   9.8584376e-04
   1.3323875e+02   3.0126012e-03   1.4036366e-01   9.6979847e-04
   1.3382387e+02   2.9852196e-03   1.4020467e-01   9.5406644e-04
   1.3440900e+02   2.9582000e-03   1.4004612e-01   9.3864645e-04
   1.3499413e+02   2.9315414e-03   1.3988803e-01   9.2353722e-04
   1.3557926e+02   2.9052427e-03   1.3973038e-01   9.0873752e-04
   1.3616438e+02   2.8793029e-03   1.3957320e-01   8.9424609e-04
   1.3674951e+02   2.8537210e-03   1.3941648e-01   8.8006169e-04
   1.3733464e+02   2.8284961e-03   1.3926022e-01   8.6618306e-04
   1.3791977e+02   2.8036270e-03   1.3910444e-01   8.5260896e-04
   1.3850489e+02   2.7791128e-03   1.3894913e-01   8.3933813e-04
   1.3909002e+02   2.7549524e-03   1.3879430e-01   8.2636932e-04
   1.3967515e+02   2.7311449e-03   1.3863995e-01   8.1370129e-04
   1.4026027e+02   2.7076892e-03   1.3848608e-01   8.0133279e-04
   1.4084540e+02   2.6845843e-03   1.3833271e-01   7.8926256e-04
   1.4143053e+02   2.6618292e-03   1.3817983e-01   7.7748935e-04
   1.4201566e+02   2.6394229e-03   1.3802745e-01   7.6601192e-04
   1.4260078e+02   2.6173643e-03   1.3787557e-01   7.5482901e-04
   1.4318591e+02   2.5956525e-03   1.3772420e-01   7.4393938e-04
   1.4377104e+02   2.5742865e-03   1.3757334e-01   7.3334178e-04
   1.4435616e+02   2.5532651e-03   1.3742299e-01   7.2303495e-04
   1.4494129e+02   2.5325875e-03   1.3727316e-01   7.1301764e-04
   1.4552642e+02   2.5122525e-03   1.3712385e-01   7.0328861e-04
   1.4611155e+02   2.4922593e-03   1.3697507e-01   6.9384661e-04
   1.4669667e+02   2.4726067e-03   1.3682682e-01   6.8469038e-04
   1.4728180e+02   2.4532937e-03   1.3667910e-01   6.7581868e-04
   1.4786693e+02   2.4343194e-03   1.3653192e-01   6.6723025e-04
   1.4845205e+02   2.4156827e-03   1.3638528e-01   6.5892385e-04
   1.4903718e+02   2.3973826e-03   1.3623919e-01   6.5089823e-04
   1.4962231e+02   2.3794181e-03   1.3609365e-01   6.4315213e-04
   1.5020744e+02   2.3617760e-03   1.3594864e-01   6.3567149e-04
   1.5079256e+02   2.3443140e-03   1.3580396e-01   6.2830672e-04
   1.5137769e+02   2.3269916e-03   1.3565953e-01   6.2101506e-04
   1.5196282e+02   2.3098082e-03   1.3551537e-01   6.1379634e-04
   1.5254795e+02   2.2927638e-03   1.3537147e-01   6.0665035e-04
   1.5313307e+02   2.2758578e-03   1.3522785e-01   5.9957692e-04
   1.5371820e+02   2.2590901e-03   1.3508450e-01   5.9257585e-04
   1.5430333e+02   2.2424604e-03   1.3494143e-01   5.8564697e-04
   1.5488845e+02   2.2259683e-03   1.3479863e-01   5.7879007e-04
   1.5547358e+02   2.2096135e-03   1.3465612e-01   5.7200498e-04
   1.5605871e+02   2.1933958e-03   1.3451390e-01   5.6529150e-04
   1.5664384e+02   2.1773148e-03   1.3437197e-01   5.5864946e-04
   1.5722896e+02   2.1613703e-03   1.3423033e-01   5.5207865e-04
   1.5781409e+02   2.1455619e-03   1.3408899e-01   5.4557890e-04
   1.5839922e+02   2.1298894e-03   1.3394795e-01   5.3915002e-04
   1.5898434e+02   2.1143524e-03   1.3380721e-01   5.3279181e-04
   1.5956947e+02   2.0989506e-03   1.3366679e-01   5.2650410e-04
   1.6015460e+02   2.0836837e-03   1.3352667e-01   5.2028669e-04
   1.6073973e+02   2.0685515e-03   1.3338686e-01   5.1413940e-04
   1.6132485e+02   2.0535537e-03   1.3324738e-01   5.0806204e-04
   1.6190998e+02   2.0386899e-03   1.3310821e-01   5.0205442e-04
   1.6249511e+02   2.0239598e-03   1.3296937e-01   4.9611636e-04
   1.6308023e+02   2.0093631e-03   1.3283085e-01   4.9024766e-04
   1.6366536e+02   1.9948996e-03   1.3269267e-01   4.8444815e-04
   1.6425049e+02   1.9805689e-03   1.3255482e-01   4.7871762e-04
   1.6483562e+02   1.9663708e-03   1.3241731e-01   4.7305591e-04
   1.6542074e+02   1.9523049e-03   1.3228014e-01   4.6746281e-04
   1.6600587e+02   1.9383709e-03   1.3214331e-01   4.6193814e-04
   1.6659100e+02   1.9245685e-03   1.3200683e-01   4.5648171e-04
   1.6717613e+02   1.9108975e-03   1.3187070e-01   4.5109334e-04
   1.6776125e+02   1.8973575e-03   1.3173492e-01   4.4577284e-04
   1.6834638e+02   1.8839483e-03   1.3159951e-01   4.4052002e-04
   1.6893151e+02   1.8706695e-03   1.3146445e-01   4.3533469e-04
   1.6951663e+02   1.8575208e-03   1.3132976e-01   4.3021667e-04
   1.7010176e+02   1.8445019e-03   1.3119543e-01   4.2516577e-04
   1.7068689e+02   1.8316126e-03   1.3106148e-01   4.2018180e-04
   1.7127202e+02   1.8188525e-03   1.3092790e-01   4.1526457e-04
   1.7185714e+02   1.8062213e-03   1.3079470e-01   4.1041390e-04
   1.7244227e+02   1.7937187e-03   1.3066188e-01   4.0562960e-04
   1.7302740e+02   1.7813445e-03   1.3052944e-01   4.0091148e-04
   1.7361252e+02   1.7690983e-03   1.3039739e-01   3.9625935e-04
   1.7419765e+02   1.7569798e-03   1.3026573e-01   3.9167303e-04
   1.7478278e+02   1.7449888e-03   1.3013447e-01   3.8715233e-04
   1.7536791e+02   1.7331248e-03   1.3000360e-01   3.8269706e-04
   1.7595303e+02   1.7213877e-03   1.2987314e-01   3.7830704e-04
   1.7653816e+02   1.7097772e-03   1.2974308e-01   3.7398207e-04
   1.7712329e+02   1.6982928e-03   1.2961343e-01   3.6972198e-04
   1.7770841e+02   1.6869344e-03   1.2948418e-01   3.6552657e-04
   1.7829354e+02   1.6757016e-03   1.2935536e-01   3.6139565e-04
   1.7887867e+02   1.6645941e-03   1.2922695e-01   3.5732904e-04
   1.7946380e+02   1.6536116e-03   1.2909896e-01   3.5332654e-04
   1.8004892e+02   1.6427539e-03   1.2897140e-01   3.4938799e-04
   1.8063405e+02   1.6320205e-03   1.2884426e-01   3.4551317e-04
   1.8121918e+02   1.6214113e-03   1.2871756e-01   3.4170192e-04
   1.8180431e+02   1.6109259e-03   1.2859129e-01   3.3795404e-04
   1.8238943e+02   1.6005641e-03   1.2846546e-01   3.3426933e-04
   1.8297456e+02   1.5903254e-03   1.2834007e-01   3.3064763e-04
   1.8355969e+02   1.5802097e-03   1.2821512e-01   3.2708873e-04
   1.8414481e+02   1.5702165e-03   1.2809062e-01   3.2359246e-04
   1.8472994e+02   1.5603457e-03   1.2796658e-01   3.2015861e-04
   1.8531507e+02   1.5505969e-03   1.2784298e-01   3.1678702e-04
   1.8590020e+02   1.5409699e-03   1.2771985e-01   3.1347748e-04
   1.8648532e+02   1.5314642e-03   1.2759718e-01   3.1022981e-04
   1.8707045e+02   1.5220797e-03   1.2747497e-01   3.0704383e-04
   1.8765558e+02   1.5128159e-03   1.2735323e-01   3.0391934e-04
   1.8824070e+02   1.5036727e-03   1.2723196e-01   3.0085617e-04
   1.8882583e+02   1.4946497e-03   1.2711117e-01   2.9785411e-04
   1.8941096e+02   1.4857466e-03   1.2699085e-01   2.9491299e-04
   1.8999609e+02   1.4769631e-03   1.2687102e-01   2.9203262e-04
   1.9058121e+02   1.4682989e-03   1.2675167e-01   2.8921280e-04
   1.9116634e+02   1.4597538e-03   1.2663281e-01   2.8645336e-04
   1.9175147e+02   1.4513273e-03   1.2651444e-01   2.8375410e-04
   1.9233659e+02   1.4430193e-03   1.2639656e-01   2.8111484e-04
   1.9292172e+02   1.4348293e-03   1.2627919e-01   2.7853539e-04
   1.9350685e+02   1.4267572e-03   1.2616231e-01   2.7601556e-04
   1.9409198e+02   1.4188026e-03   1.2604594e-01   2.7355517e-04
   1.9467710e+02   1.4109651e-03   1.2593008e-01   2.7115402e-04
   1.9526223e+02   1.4032446e-03   1.2581473e-01   2.6881194e-04
   1.9584736e+02   1.3956407e-03   1.2569990e-01   2.6652873e-04
   1.9643249e+02   1.3881531e-03   1.2558558e-01   2.6430420e-04
   1.9701761e+02   1.3807815e-03   1.2547178e-01   2.6213817e-04
   1.9760274e+02   1.3735256e-03   1.2535851e-01   2.6003045e-04
   1.9818787e+02   1.3663851e-03   1.2524577e-01   2.5798085e-04
   1.9877299e+02   1.3593597e-03   1.2513356e-01   2.5598919e-04
   1.9935812e+02   1.3524492e-03   1.2502189e-01   2.5405528e-04
   1.9994325e+02   1.3456531e-03   1.2491075e-01   2.5217893e-04
   2.0052838e+02   1.3389375e-03   1.2480002e-01   2.5034088e-04
   2.0111350e+02   1.3322536e-03   1.2468950e-01   2.4851353e-04
   2.0169863e+02   1.3256010e-03   1.2457920e-01   2.4669665e-04
   2.0228376e+02   1.3189797e-03   1.2446911e-01   2.4489021e-04
   2.0286888e+02   1.3123894e-03   1.2435923e-01   2.4309419e-04
   2.0345401e+02   1.3058303e-03   1.2424956e-01   2.4130857e-04
   2.0403914e+02   1.2993023e-03   1.2414010e-01   2.3953332e-04
   2.0462427e+02   1.2928051e-03   1.2403085e-01   2.3776842e-04
   2.0520939e+02   1.2863389e-03   1.2392182e-01   2.3601384e-04
   2.0579452e+02   1.2799036e-03   1.2381299e-01   2.3426956e-04
   2.0637965e+02   1.2734990e-03   1.2370438e-01   2.3253556e-04
   2.0696477e+02   1.2671252e-03   1.2359597e-01   2.3081182e-04
   2.0754990e+02   1.2607820e-03   1.2348778e-01   2.2909831e-04
   2.0813503e+02   1.2544694e-03   1.2337979e-01   2.2739500e-04
   2.0872016e+02   1.2481873e-03   1.2327202e-01   2.2570188e-04
   2.0930528e+02   1.2419357e-03   1.2316445e-01   2.2401892e-04
   2.0989041e+02   1.2357146e-03   1.2305710e-01   2.2234610e-04
   2.1047554e+02   1.2295237e-03   1.2294995e-01   2.2068339e-04
   2.1106067e+02   1.2233632e-03   1.2284301e-01   2.1903077e-04
   2.1164579e+02   1.2172329e-03   1.2273628e-01   2.1738822e-04
   2.1223092e+02   1.2111327e-03   1.2262976e-01   2.1575571e-04
   2.1281605e+02   1.2050627e-03   1.2252345e-01   2.1413322e-04
   2.1340117e+02   1.1990227e-03   1.2241734e-01   2.1252073e-04
   2.1398630e+02   1.1930126e-03   1.2231145e-01   2.1091820e-04
   2.1457143e+02   1.1870325e-03   1.2220576e-01   2.0932563e-04
   2.1515656e+02   1.1810822e-03   1.2210027e-01   2.0774299e-04
   2.1574168e+02   1.1751617e-03   1.2199500e-01   2.0617024e-04
   2.1632681e+02   1.1692710e-03   1.2188993e-01   2.0460738e-04
   2.1691194e+02   1.1634099e-03   1.2178507e-01   2.0305437e-04
   2.1749706e+02   1.1575784e-03   1.2168042e-01   2.0151119e-04
   2.1808219e+02   1.1517764e-03   1.2157597e-01   1.9997782e-04
   2.1866732e+02   1.1460040e-03   1.2147173e-01   1.9845424e-04
   2.1925245e+02   1.1402609e-03   1.2136769e-01   1.9694041e-04
   2.1983757e+02   1.1345472e-03   1.2126387e-01   1.9543633e-04
   2.2042270e+02   1.1288628e-03   1.2116024e-01   1.9394196e-04
   2.2100783e+02   1.1232076e-03   1.2105682e-01   1.9245728e-04
   2.2159295e+02   1.1175816e-03   1.2095361e-01   1.9098226e-04
   2.2217808e+02   1.1119846e-03   1.2085060e-01   1.8951690e-04
   2.2276321e+02   1.1064168e-03   1.2074780e-01   1.8806115e-04
   2.2334834e+02   1.1008779e-03   1.2064520e-01   1.8661499e-04
   2.2393346e+02   1.0953679e-03   1.2054281e-01   1.8517842e-04
   2.2451859e+02   1.0898868e-03   1.2044062e-01   1.8375139e-04
   2.2510372e+02   1.0844344e-03   1.2033864e-01   1.8233389e-04
   2.2568885e+02   1.0790109e-03   1.2023686e-01   1.8092589e-04
   2.2627397e+02   1.0736159e-03   1.2013528e-01   1.7952737e-04
   2.2685910e+02   1.0682496e-03   1.2003391e-01   1.7813830e-04
   2.2744423e+02   1.0629118e-03   1.1993274e-01   1.7675867e-04
   2.2802935e+02   1.0576025e-03   1.1983177e-01   1.7538845e-04
   2.2861448e+02   1.0523217e-03   1.1973101e-01   1.7402761e-04
   2.2919961e+02   1.0470691e-03   1.1963045e-01   1.7267614e-04
   2.2978474e+02   1.0418449e-03   1.1953009e-01   1.7133400e-04
   2.3036986e+02   1.0366489e-03   1.1942993e-01   1.7000118e-04
   2.3095499e+02   1.0314811e-03   1.1932998e-01   1.6867765e-04
   2.3154012e+02   1.0263414e-03   1.1923023e-01   1.6736339e-04
   2.3212524e+02   1.0212298e-03   1.1913068e-01   1.6605837e-04
   2.3271037e+02   1.0161461e-03   1.1903133e-01   1.6476257e-04
   2.3329550e+02   1.0110903e-03   1.1893218e-01   1.6347597e-04
   2.3388063e+02   1.0060624e-03   1.1883324e-01   1.6219855e-04
   2.3446575e+02   1.0010623e-03   1.1873449e-01   1.6093027e-04
   2.3505088e+02   9.9608999e-04   1.1863595e-01   1.5967113e-04
   2.3563601e+02   9.9114530e-04   1.1853761e-01   1.5842108e-04
   2.3622114e+02   9.8622823e-04   1.1843946e-01   1.5718012e-04
   2.3680626e+02   9.8133871e-04   1.1834152e-01   1.5594821e-04
   2.3739139e+02   9.7647667e-04   1.1824378e-01   1.5472534e-04
   2.3797652e+02   9.7164206e-04   1.1814624e-01   1.5351147e-04
   2.3856164e+02   9.6683481e-04   1.1804889e-01   1.5230660e-04
   2.3914677e+02   9.6205486e-04   1.1795175e-01   1.5111068e-04
   2.3973190e+02   9.5730215e-04   1.1785480e-01   1.4992370e-04
   2.4031703e+02   9.5257662e-04   1.1775806e-01   1.4874564e-04
   2.4090215e+02   9.4787820e-04   1.1766151e-01   1.4757648e-04
   2.4148728e+02   9.4320683e-04   1.1756517e-01   1.4641618e-04
   2.4207241e+02   9.3856245e-04   1.1746902e-01   1.4526472e-04
   2.4265753e+02   9.3394500e-04   1.1737307e-01   1.4412209e-04
   2.4324266e+02   9.2935441e-04   1.1727731e-01   1.4298825e-04
   2.4382779e+02   9.2479063e-04   1.1718176e-01   1.4186319e-04
   2.4441292e+02   9.2025359e-04   1.1708640e-01   1.4074689e-04
   2.4499804e+02   9.1574322e-04   1.1699124e-01   1.3963931e-04
   2.4558317e+02   9.1125947e-04   1.1689628e-01   1.3854043e-04
   2.4616830e+02   9.0680228e-04   1.1680151e-01   1.3745023e-04
   2.4675342e+02   9.0237158e-04   1.1670694e-01   1.3636870e-04
   2.4733855e+02   8.9796730e-04   1.1661257e-01   1.3529579e-04
   2.4792368e+02   8.9358940e-04   1.1651840e-01   1.3423150e-04
   2.4850881e+02   8.8923780e-04   1.1642442e-01   1.3317579e-04
   2.4909393e+02   8.8491244e-04   1.1633064e-01   1.3212865e-04
   2.4967906e+02   8.8061326e-04   1.1623705e-01   1.3109004e-04
   2.5026419e+02   8.7634020e-04   1.1614366e-01   1.3005995e-04
   2.5084932e+02   8.7209320e-04   1.1605046e-01   1.2903836e-04
   2.5143444e+02   8.6787219e-04   1.1595746e-01   1.2802523e-04
   2.5201957e+02   8.6367712e-04   1.1586466e-01   1.2702055e-04
   2.5260470e+02   8.5950791e-04   1.1577205e-01   1.2602430e-04
   2.5318982e+02   8.5536451e-04   1.1567963e-01   1.2503644e-04
   2.5377495e+02   8.5124686e-04   1.1558741e-01   1.2405695e-04
   2.5436008e+02   8.4715489e-04   1.1549538e-01   1.2308582e-04
   2.5494521e+02   8.4308854e-04   1.1540355e-01   1.2212302e-04
   2.5553033e+02   8.3904775e-04   1.1531191e-01   1.2116852e-04
   2.5611546e+02   8.3503245e-04   1.1522047e-01   1.2022231e-04
   2.5670059e+02   8.3104259e-04   1.1512922e-01   1.1928435e-04
   2.5728571e+02   8.2707811e-04   1.1503816e-01   1.1835462e-04
   2.5787084e+02   8.2313893e-04   1.1494729e-01   1.1743311e-04
   2.5845597e+02   8.1922500e-04   1.1485662e-01   1.1651979e-04
   2.5904110e+02   8.1533625e-04   1.1476614e-01   1.1561463e-04
   2.5962622e+02   8.1147263e-04   1.1467586e-01   1.1471760e-04
   2.6021135e+02   8.0763407e-04   1.1458576e-01   1.1382870e-04
   2.6079648e+02   8.0382051e-04   1.1449586e-01   1.1294789e-04
   2.6138160e+02   8.0003188e-04   1.1440615e-01   1.1207515e-04
   2.6196673e+02   7.9626813e-04   1.1431664e-01   1.1121046e-04
   2.6255186e+02   7.9252919e-04   1.1422731e-01   1.1035379e-04
   2.6313699e+02   7.8881501e-04   1.1413817e-01   1.0950512e-04
   2.6372211e+02   7.8512551e-04   1.1404923e-01   1.0866442e-04
   2.6430724e+02   7.8146063e-04   1.1396048e-01   1.0783168e-04
   2.6489237e+02   7.7782032e-04   1.1387192e-01   1.0700687e-04
   2.6547750e+02   7.7420451e-04   1.1378355e-01   1.0618996e-04
   2.6606262e+02   7.7061314e-04   1.1369536e-01   1.0538093e-04
   2.6664775e+02   7.6704614e-04   1.1360737e-01   1.0457977e-04
   2.6723288e+02   7.6350346e-04   1.1351957e-01   1.0378644e-04
   2.6781800e+02   7.5998503e-04   1.1343196e-01   1.0300092e-04
   2.6840313e+02   7.5649080e-04   1.1334454e-01   1.0222318e-04
   2.6898826e+02   7.5302069e-04   1.1325731e-01   1.0145322e-04
   2.6957339e+02   7.4957464e-04   1.1317027e-01   1.0069099e-04
   2.7015851e+02   7.4615260e-04   1.1308342e-01   9.9936484e-05
   2.7074364e+02   7.4275450e-04   1.1299675e-01   9.9189670e-05
   2.7132877e+02   7.3938028e-04   1.1291028e-01   9.8450527e-05
   2.7191389e+02   7.3602988e-04   1.1282399e-01   9.7719031e-05
   2.7249902e+02   7.3270323e-04   1.1273789e-01   9.6995159e-05
   2.7308415e+02   7.2940028e-04   1.1265198e-01   9.6278888e-05
   2.7366928e+02   7.2612095e-04   1.1256626e-01   9.5570193e-05
   2.7425440e+02   7.2286519e-04   1.1248072e-01   9.4869051e-05
   2.7483953e+02   7.1963294e-04   1.1239537e-01   9.4175439e-05
   2.7542466e+02   7.1642413e-04   1.1231021e-01   9.3489333e-05
   2.7600978e+02   7.1323871e-04   1.1222524e-01   9.2810711e-05
   2.7659491e+02   7.1007660e-04   1.1214045e-01   9.2139547e-05
   2.7718004e+02   7.0693775e-04   1.1205585e-01   9.1475820e-05
   2.7776517e+02   7.0382210e-04   1.1197144e-01   9.0819504e-05
   2.7835029e+02   7.0072957e-04   1.1188721e-01   9.0170578e-05
   2.7893542e+02   6.9766012e-04   1.1180317e-01   8.9529017e-05
   2.7952055e+02   6.9461368e-04   1.1171932e-01   8.8894798e-05
   2.8010568e+02   6.9159018e-04   1.1163565e-01   8.8267897e-05
   2.8069080e+02   6.8858957e-04   1.1155216e-01   8.7648291e-05
   2.8127593e+02   6.8561177e-04   1.1146887e-01   8.7035957e-05
   2.8186106e+02   6.8265674e-04   1.1138575e-01   8.6430870e-05
   2.8244618e+02   6.7972441e-04   1.1130282e-01   8.5833008e-05
   2.8303131e+02   6.7681470e-04   1.1122008e-01   8.5242347e-05
   2.8361644e+02   6.7392758e-04   1.1113752e-01   8.4658864e-05
   2.8420157e+02   6.7106296e-04   1.1105515e-01   8.4082534e-05
   2.8478669e+02   6.6822079e-04   1.1097296e-01   8.3513335e-05
   2.8537182e+02   6.6540101e-04   1.1089095e-01   8.2951242e-05
   2.8595695e+02   6.6260355e-04   1.1080913e-01   8.2396234e-05
   2.8654207e+02   6.5982835e-04   1.1072749e-01   8.1848285e-05
   2.8712720e+02   6.5707536e-04   1.1064603e-01   8.1307373e-05
   2.8771233e+02   6.5434450e-04   1.1056476e-01   8.0773474e-05
   2.8829746e+02   6.5163571e-04   1.1048367e-01   8.0246564e-05
   2.8888258e+02   6.4894894e-04   1.1040276e-01   7.9726620e-05
   2.8946771e+02   6.4628412e-04   1.1032204e-01   7.9213619e-05
   2.9005284e+02   6.4364119e-04   1.1024150e-01   7.8707537e-05
   2.9063796e+02   6.4102008e-04   1.1016114e-01   7.8208351e-05
   2.9122309e+02   6.3842074e-04   1.1008096e-01   7.7716037e-05
   2.9180822e+02   6.3584310e-04   1.1000096e-01   7.7230571e-05
   2.9239335e+02   6.3328710e-04   1.0992115e-01   7.6751930e-05
   2.9297847e+02   6.3075267e-04   1.0984152e-01   7.6280091e-05
   2.9356360e+02   6.2823977e-04   1.0976206e-01   7.5815030e-05
   2.9414873e+02   6.2574831e-04   1.0968279e-01   7.5356724e-05
   2.9473386e+02   6.2327825e-04   1.0960370e-01   7.4905149e-05
   2.9531898e+02   6.2082951e-04   1.0952479e-01   7.4460282e-05
   2.9590411e+02   6.1840204e-04   1.0944607e-01   7.4022099e-05
   2.9648924e+02   6.1599578e-04   1.0936752e-01   7.3590576e-05
   2.9707436e+02   6.1361066e-04   1.0928915e-01   7.3165691e-05
   2.9765949e+02   6.1124661e-04   1.0921096e-01   7.2747419e-05
   2.9824462e+02   6.0890359e-04   1.0913295e-01   7.2335738e-05
   2.9882975e+02   6.0658152e-04   1.0905512e-01   7.1930623e-05
   2.9941487e+02   6.0428034e-04   1.0897747e-01   7.1532052e-05
   3.0000000e+02   6.0200000e-04   1.0890000e-01   7.1140000e-05
