# Al2O3
# rho 3.987 Z 11.14
   1.5600000e+00   1.7150000e+00   2.2630000e-02   2.7480000e+03
   2.1440313e+00   1.5231048e+00   3.3946485e-02   1.3083796e+03
   2.7280626e+00   1.3502366e+00   4.4429998e-02   6.7979366e+02
   3.3120939e+00   1.2019022e+00   5.3991231e-02   3.9727259e+02
   3.8961252e+00   1.0745735e+00   6.2707521e-02   2.5098328e+02
   4.4801566e+00   9.6577827e-01   7.0636379e-02   1.6973477e+02
   5.0641879e+00   8.7155251e-01   7.7834928e-02   1.1952387e+02
   5.6482192e+00   7.8849019e-01   8.4384508e-02   8.6646279e+01
   6.2322505e+00   7.1763783e-01   9.0157965e-02   6.6301918e+01
   6.8162818e+00   6.5400569e-01   9.5443778e-02   5.1371288e+01
   7.4003131e+00   5.9658847e-01   1.0030549e-01   3.9861256e+01
   7.9843444e+00   5.4614896e-01   1.0468955e-01   3.1636518e+01
   8.5683757e+00   5.0128493e-01   1.0867743e-01   2.5632334e+01
   9.1524070e+00   4.6075954e-01   1.1234179e-01   2.0824531e+01
   9.7364384e+00   4.2595886e-01   1.1559256e-01   1.7298473e+01
   1.0320470e+01   3.9732623e-01   1.1840423e-01   1.4960097e+01
   1.0904501e+01   3.7100916e-01   1.2104196e-01   1.2963839e+01
   1.1488532e+01   3.4642763e-01   1.2354185e-01   1.1184605e+01
   1.2072564e+01   3.2359372e-01   1.2589917e-01   9.6160146e+00
   1.2656595e+01   3.0251954e-01   1.2810919e-01   8.2516916e+00
   1.3240626e+01   2.8321718e-01   1.3016716e-01   7.0852579e+00
   1.3824658e+01   2.6569873e-01   1.3206835e-01   6.1103359e+00
   1.4408689e+01   2.4997630e-01   1.3380803e-01   5.3205476e+00
   1.4992720e+01   2.3606198e-01   1.3538146e-01   4.7095154e+00
   1.5576751e+01   2.2349119e-01   1.3683472e-01   4.2116597e+00
   1.6160783e+01   2.1176030e-01   1.3821588e-01   3.7619171e+00
   1.6744814e+01   2.0085868e-01   1.3951933e-01   3.3592390e+00
   1.7328845e+01   1.9077574e-01   1.4073943e-01   3.0025864e+00
   1.7912877e+01   1.8150095e-01   1.4187055e-01   2.6909201e+00
   1.8496908e+01   1.7302372e-01   1.4290704e-01   2.4232011e+00
   1.9080939e+01   1.6533350e-01   1.4384328e-01   2.1983903e+00
   1.9664971e+01   1.5841972e-01   1.4467364e-01   2.0154487e+00
   2.0249002e+01   1.5222507e-01   1.4540123e-01   1.8703848e+00
   2.0833033e+01   1.4635807e-01   1.4609365e-01   1.7382755e+00
   2.1417065e+01   1.4072935e-01   1.4676520e-01   1.6135766e+00
   2.2001096e+01   1.3533454e-01   1.4741461e-01   1.4961375e+00
   2.2585127e+01   1.3016926e-01   1.4804058e-01   1.3858073e+00
   2.3169159e+01   1.2522912e-01   1.4864181e-01   1.2824353e+00
   2.3753190e+01   1.2050974e-01   1.4921702e-01   1.1858705e+00
   2.4337221e+01   1.1600674e-01   1.4976492e-01   1.0959624e+00
   2.4921252e+01   1.1171574e-01   1.5028422e-01   1.0125600e+00
   2.5505284e+01   1.0763235e-01   1.5077362e-01   9.3551267e-01
   2.6089315e+01   1.0375220e-01   1.5123183e-01   8.6466950e-01
   2.6673346e+01   1.0007090e-01   1.5165756e-01   7.9987976e-01
   2.7257378e+01   9.6584077e-02   1.5204953e-01   7.4099264e-01
   2.7841409e+01   9.3287341e-02   1.5240643e-01   6.8785737e-01
   2.8425440e+01   9.0176313e-02   1.5272698e-01   6.4032315e-01
   2.9009472e+01   8.7246612e-02   1.5300989e-01   5.9823921e-01
   2.9593503e+01   8.4493857e-02   1.5325386e-01   5.6145475e-01
   3.0177534e+01   8.1910576e-02   1.5345938e-01   5.2966323e-01
   3.0761566e+01   7.9445157e-02   1.5365255e-01   5.0034323e-01
   3.1345597e+01   7.7078113e-02   1.5384166e-01   4.7261940e-01
   3.1929628e+01   7.4806246e-02   1.5402567e-01   4.4644112e-01
   3.2513659e+01   7.2626355e-02   1.5420357e-01   4.2175773e-01
   3.3097691e+01   7.0535241e-02   1.5437436e-01   3.9851862e-01
   3.3681722e+01   6.8529706e-02   1.5453702e-01   3.7667312e-01
   3.4265753e+01   6.6606549e-02   1.5469053e-01   3.5617062e-01
   3.4849785e+01   6.4762572e-02   1.5483389e-01   3.3696046e-01
   3.5433816e+01   6.2994576e-02   1.5496607e-01   3.1899202e-01
   3.6017847e+01   6.1299360e-02   1.5508606e-01   3.0221465e-01
   3.6601879e+01   5.9673727e-02   1.5519286e-01   2.8657773e-01
   3.7185910e+01   5.8114476e-02   1.5528544e-01   2.7203060e-01
   3.7769941e+01   5.6618408e-02   1.5536279e-01   2.5852263e-01
   3.8353973e+01   5.5182325e-02   1.5542391e-01   2.4600319e-01
   3.8938004e+01   5.3803027e-02   1.5546777e-01   2.3442163e-01
   3.9522035e+01   5.2477314e-02   1.5549336e-01   2.2372732e-01
   4.0106067e+01   5.1201871e-02   1.5549990e-01   2.1386374e-01
   4.0690098e+01   4.9969435e-02   1.5549587e-01   2.0455789e-01
   4.1274129e+01   4.8776388e-02   1.5548618e-01   1.9567427e-01
   4.1858160e+01   4.7621715e-02   1.5547119e-01   1.8720126e-01
   4.2442192e+01   4.6504403e-02   1.5545123e-01   1.7912721e-01
   4.3026223e+01   4.5423438e-02   1.5542666e-01   1.7144047e-01
   4.3610254e+01   4.4377805e-02   1.5539781e-01   1.6412942e-01
   4.4194286e+01   4.3366490e-02   1.5536503e-01   1.5718239e-01
   4.4778317e+01   4.2388480e-02   1.5532867e-01   1.5058776e-01
   4.5362348e+01   4.1442760e-02   1.5528907e-01   1.4433388e-01
   4.5946380e+01   4.0528317e-02   1.5524656e-01   1.3840911e-01
   4.6530411e+01   3.9644135e-02   1.5520151e-01   1.3280180e-01
   4.7114442e+01   3.8789203e-02   1.5515424e-01   1.2750033e-01
   4.7698474e+01   3.7962504e-02   1.5510512e-01   1.2249303e-01
   4.8282505e+01   3.7163025e-02   1.5505447e-01   1.1776828e-01
   4.8866536e+01   3.6389753e-02   1.5500264e-01   1.1331443e-01
   4.9450568e+01   3.5641673e-02   1.5494999e-01   1.0911984e-01
   5.0034599e+01   3.4917757e-02   1.5489682e-01   1.0517267e-01
   5.0618630e+01   3.4213015e-02   1.5483718e-01   1.0140053e-01
   5.1202661e+01   3.3524163e-02   1.5476674e-01   9.7752345e-02
   5.1786693e+01   3.2851461e-02   1.5468638e-01   9.4229193e-02
   5.2370724e+01   3.2195172e-02   1.5459697e-01   9.0832134e-02
   5.2954755e+01   3.1555556e-02   1.5449938e-01   8.7562236e-02
   5.3538787e+01   3.0932874e-02   1.5439449e-01   8.4420565e-02
   5.4122818e+01   3.0327389e-02   1.5428316e-01   8.1408187e-02
   5.4706849e+01   2.9739361e-02   1.5416627e-01   7.8526168e-02
   5.5290881e+01   2.9169051e-02   1.5404470e-01   7.5775575e-02
   5.5874912e+01   2.8616721e-02   1.5391931e-01   7.3157474e-02
   5.6458943e+01   2.8082632e-02   1.5379097e-01   7.0672932e-02
   5.7042975e+01   2.7567046e-02   1.5366056e-01   6.8323015e-02
   5.7627006e+01   2.7070222e-02   1.5352895e-01   6.6108788e-02
   5.8211037e+01   2.6592424e-02   1.5339701e-01   6.4031320e-02
   5.8795068e+01   2.6133912e-02   1.5326562e-01   6.2091675e-02
   5.9379100e+01   2.5694946e-02   1.5313565e-01   6.0290920e-02
   5.9963131e+01   2.5275790e-02   1.5300796e-01   5.8630122e-02
   6.0547162e+01   2.4870645e-02   1.5288074e-01   5.7063054e-02
   6.1131194e+01   2.4471883e-02   1.5275095e-01   5.5529763e-02
   6.1715225e+01   2.4079460e-02   1.5261867e-01   5.4029877e-02
   6.2299256e+01   2.3693360e-02   1.5248400e-01   5.2563239e-02
   6.2883288e+01   2.3313567e-02   1.5234706e-01   5.1129690e-02
   6.3467319e+01   2.2940065e-02   1.5220795e-01   4.9729072e-02
   6.4051350e+01   2.2572839e-02   1.5206676e-01   4.8361229e-02
   6.4635382e+01   2.2211872e-02   1.5192360e-01   4.7026001e-02
   6.5219413e+01   2.1857148e-02   1.5177857e-01   4.5723232e-02
   6.5803444e+01   2.1508651e-02   1.5163179e-01   4.4452763e-02
   6.6387476e+01   2.1166367e-02   1.5148334e-01   4.3214437e-02
   6.6971507e+01   2.0830278e-02   1.5133334e-01   4.2008095e-02
   6.7555538e+01   2.0500368e-02   1.5118188e-01   4.0833581e-02
   6.8139569e+01   2.0176623e-02   1.5102908e-01   3.9690736e-02
   6.8723601e+01   1.9859025e-02   1.5087503e-01   3.8579402e-02
   6.9307632e+01   1.9547559e-02   1.5071983e-01   3.7499422e-02
   6.9891663e+01   1.9242209e-02   1.5056360e-01   3.6450637e-02
   7.0475695e+01   1.8942959e-02   1.5040643e-01   3.5432891e-02
   7.1059726e+01   1.8649794e-02   1.5024842e-01   3.4446024e-02
   7.1643757e+01   1.8362696e-02   1.5008969e-01   3.3489880e-02
   7.2227789e+01   1.8081651e-02   1.4993033e-01   3.2564301e-02
   7.2811820e+01   1.7806642e-02   1.4977044e-01   3.1669128e-02
   7.3395851e+01   1.7537654e-02   1.4961013e-01   3.0804204e-02
   7.3979883e+01   1.7274670e-02   1.4944951e-01   2.9969371e-02
   7.4563914e+01   1.7017675e-02   1.4928867e-01   2.9164471e-02
   7.5147945e+01   1.6766652e-02   1.4912772e-01   2.8389347e-02
   7.5731977e+01   1.6521586e-02   1.4896676e-01   2.7643841e-02
   7.6316008e+01   1.6282461e-02   1.4880590e-01   2.6927794e-02
   7.6900039e+01   1.6049260e-02   1.4864524e-01   2.6241049e-02
   7.7484070e+01   1.5821969e-02   1.4848488e-01   2.5583449e-02
   7.8068102e+01   1.5600570e-02   1.4832492e-01   2.4954835e-02
   7.8652133e+01   1.5385049e-02   1.4816548e-01   2.4355050e-02
   7.9236164e+01   1.5175389e-02   1.4800664e-01   2.3783935e-02
   7.9820196e+01   1.4971574e-02   1.4784852e-01   2.3241334e-02
   8.0404227e+01   1.4772831e-02   1.4769075e-01   2.2722578e-02
   8.0988258e+01   1.4576912e-02   1.4753200e-01   2.2214192e-02
   8.1572290e+01   1.4383693e-02   1.4737226e-01   2.1715337e-02
   8.2156321e+01   1.4193200e-02   1.4721159e-01   2.1226069e-02
   8.2740352e+01   1.4005459e-02   1.4705005e-01   2.0746448e-02
   8.3324384e+01   1.3820495e-02   1.4688772e-01   2.0276530e-02
   8.3908415e+01   1.3638337e-02   1.4672465e-01   1.9816373e-02
   8.4492446e+01   1.3459008e-02   1.4656092e-01   1.9366034e-02
   8.5076477e+01   1.3282537e-02   1.4639658e-01   1.8925570e-02
   8.5660509e+01   1.3108949e-02   1.4623172e-01   1.8495040e-02
   8.6244540e+01   1.2938269e-02   1.4606638e-01   1.8074501e-02
   8.6828571e+01   1.2770525e-02   1.4590065e-01   1.7664010e-02
   8.7412603e+01   1.2605743e-02   1.4573457e-01   1.7263624e-02
   8.7996634e+01   1.2443948e-02   1.4556823e-01   1.6873402e-02
   8.8580665e+01   1.2285168e-02   1.4540169e-01   1.6493401e-02
   8.9164697e+01   1.2129427e-02   1.4523501e-01   1.6123678e-02
   8.9748728e+01   1.1976753e-02   1.4506826e-01   1.5764290e-02
   9.0332759e+01   1.1827172e-02   1.4490150e-01   1.5415296e-02
   9.0916791e+01   1.1680709e-02   1.4473480e-01   1.5076752e-02
   9.1500822e+01   1.1537391e-02   1.4456824e-01   1.4748716e-02
   9.2084853e+01   1.1397244e-02   1.4440186e-01   1.4431246e-02
   9.2668885e+01   1.1260295e-02   1.4423575e-01   1.4124400e-02
   9.3252916e+01   1.1126569e-02   1.4406996e-01   1.3828233e-02
   9.3836947e+01   1.0996093e-02   1.4390457e-01   1.3542805e-02
   9.4420978e+01   1.0868893e-02   1.4373963e-01   1.3268173e-02
   9.5005010e+01   1.0744995e-02   1.4357522e-01   1.3004393e-02
   9.5589041e+01   1.0624425e-02   1.4341140e-01   1.2751525e-02
   9.6173072e+01   1.0507210e-02   1.4324823e-01   1.2509624e-02
   9.6757104e+01   1.0393376e-02   1.4308579e-01   1.2278749e-02
   9.7341135e+01   1.0282948e-02   1.4292414e-01   1.2058957e-02
   9.7925166e+01   1.0175954e-02   1.4276334e-01   1.1850305e-02
   9.8509198e+01   1.0072419e-02   1.4260347e-01   1.1652851e-02
   9.9093229e+01   9.9723692e-03   1.4244458e-01   1.1466653e-02
   9.9677260e+01   9.8758314e-03   1.4228674e-01   1.1291768e-02
   1.0026129e+02   9.7825532e-03   1.4212992e-01   1.1127286e-02
   1.0084532e+02   9.6904728e-03   1.4197329e-01   1.0966009e-02
   1.0142935e+02   9.5991653e-03   1.4181669e-01   1.0806460e-02
   1.0201339e+02   9.5086287e-03   1.4166014e-01   1.0648632e-02
   1.0259742e+02   9.4188613e-03   1.4150364e-01   1.0492520e-02
   1.0318145e+02   9.3298612e-03   1.4134719e-01   1.0338119e-02
   1.0376548e+02   9.2416265e-03   1.4119079e-01   1.0185422e-02
   1.0434951e+02   9.1541554e-03   1.4103446e-01   1.0034424e-02
   1.0493354e+02   9.0674461e-03   1.4087821e-01   9.8851196e-03
   1.0551757e+02   8.9814967e-03   1.4072202e-01   9.7375035e-03
   1.0610160e+02   8.8963053e-03   1.4056593e-01   9.5915699e-03
   1.0668564e+02   8.8118702e-03   1.4040991e-01   9.4473133e-03
   1.0726967e+02   8.7281894e-03   1.4025400e-01   9.3047281e-03
   1.0785370e+02   8.6452612e-03   1.4009818e-01   9.1638088e-03
   1.0843773e+02   8.5630836e-03   1.3994247e-01   9.0245498e-03
   1.0902176e+02   8.4816549e-03   1.3978686e-01   8.8869456e-03
   1.0960579e+02   8.4009732e-03   1.3963138e-01   8.7509906e-03
   1.1018982e+02   8.3210366e-03   1.3947602e-01   8.6166793e-03
   1.1077386e+02   8.2418433e-03   1.3932079e-01   8.4840061e-03
   1.1135789e+02   8.1633915e-03   1.3916569e-01   8.3529655e-03
   1.1194192e+02   8.0856793e-03   1.3901074e-01   8.2235519e-03
   1.1252595e+02   8.0087049e-03   1.3885593e-01   8.0957597e-03
   1.1310998e+02   7.9324664e-03   1.3870128e-01   7.9695835e-03
   1.1369401e+02   7.8569620e-03   1.3854678e-01   7.8450177e-03
   1.1427804e+02   7.7821898e-03   1.3839245e-01   7.7220566e-03
   1.1486207e+02   7.7081479e-03   1.3823828e-01   7.6006949e-03
   1.1544611e+02   7.6348347e-03   1.3808430e-01   7.4809268e-03
   1.1603014e+02   7.5622481e-03   1.3793049e-01   7.3627469e-03
   1.1661417e+02   7.4903864e-03   1.3777687e-01   7.2461497e-03
   1.1719820e+02   7.4192477e-03   1.3762345e-01   7.1311295e-03
   1.1778223e+02   7.3488301e-03   1.3747023e-01   7.0176808e-03
   1.1836626e+02   7.2791319e-03   1.3731721e-01   6.9057981e-03
   1.1895029e+02   7.2101511e-03   1.3716440e-01   6.7954758e-03
   1.1953432e+02   7.1418860e-03   1.3701181e-01   6.6867083e-03
   1.2011836e+02   7.0743346e-03   1.3685944e-01   6.5794902e-03
   1.2070239e+02   7.0074952e-03   1.3670731e-01   6.4738158e-03
   1.2128642e+02   6.9413659e-03   1.3655540e-01   6.3696797e-03
   1.2187045e+02   6.8759448e-03   1.3640374e-01   6.2670762e-03
   1.2245448e+02   6.8112301e-03   1.3625232e-01   6.1659998e-03
   1.2303851e+02   6.7472200e-03   1.3610116e-01   6.0664450e-03
   1.2362254e+02   6.6839126e-03   1.3595025e-01   5.9684062e-03
   1.2420658e+02   6.6213060e-03   1.3579961e-01   5.8718778e-03
   1.2479061e+02   6.5593985e-03   1.3564924e-01   5.7768544e-03
   1.2537464e+02   6.4981881e-03   1.3549914e-01   5.6833303e-03
   1.2595867e+02   6.4376731e-03   1.3534933e-01   5.5913000e-03
   1.2654270e+02   6.3778516e-03   1.3519980e-01   5.5007580e-03
   1.2712673e+02   6.3187217e-03   1.3505057e-01   5.4116987e-03
   1.2771076e+02   6.2602816e-03   1.3490163e-01   5.3241165e-03
   1.2829479e+02   6.2025294e-03   1.3475301e-01   5.2380060e-03
   1.2887883e+02   6.1454633e-03   1.3460469e-01   5.1533615e-03
   1.2946286e+02   6.0890816e-03   1.3445669e-01   5.0701775e-03
   1.3004689e+02   6.0333822e-03   1.3430901e-01   4.9884484e-03
   1.3063092e+02   5.9783634e-03   1.3416166e-01   4.9081688e-03
   1.3121495e+02   5.9240233e-03   1.3401464e-01   4.8293330e-03
   1.3179898e+02   5.8703601e-03   1.3386797e-01   4.7519355e-03
   1.3238301e+02   5.8173719e-03   1.3372164e-01   4.6759708e-03
   1.3296705e+02   5.7650569e-03   1.3357566e-01   4.6014333e-03
   1.3355108e+02   5.7134133e-03   1.3343004e-01   4.5283174e-03
   1.3413511e+02   5.6624391e-03   1.3328479e-01   4.4566176e-03
   1.3471914e+02   5.6121327e-03   1.3313990e-01   4.3863284e-03
   1.3530317e+02   5.5624920e-03   1.3299539e-01   4.3174441e-03
   1.3588720e+02   5.5135153e-03   1.3285126e-01   4.2499594e-03
   1.3647123e+02   5.4652007e-03   1.3270752e-01   4.1838685e-03
   1.3705526e+02   5.4175463e-03   1.3256417e-01   4.1191659e-03
   1.3763930e+02   5.3705504e-03   1.3242123e-01   4.0558462e-03
   1.3822333e+02   5.3242111e-03   1.3227868e-01   3.9939037e-03
   1.3880736e+02   5.2785265e-03   1.3213655e-01   3.9333329e-03
   1.3939139e+02   5.2334949e-03   1.3199483e-01   3.8741282e-03
   1.3997542e+02   5.1891142e-03   1.3185354e-01   3.8162842e-03
   1.4055945e+02   5.1453828e-03   1.3171267e-01   3.7597952e-03
   1.4114348e+02   5.1022987e-03   1.3157224e-01   3.7046557e-03
   1.4172751e+02   5.0598601e-03   1.3143225e-01   3.6508601e-03
   1.4231155e+02   5.0180652e-03   1.3129270e-01   3.5984029e-03
   1.4289558e+02   4.9769122e-03   1.3115361e-01   3.5472785e-03
   1.4347961e+02   4.9363991e-03   1.3101497e-01   3.4974815e-03
   1.4406364e+02   4.8965241e-03   1.3087680e-01   3.4490062e-03
   1.4464767e+02   4.8572854e-03   1.3073910e-01   3.4018471e-03
   1.4523170e+02   4.8186812e-03   1.3060187e-01   3.3559986e-03
   1.4581573e+02   4.7807095e-03   1.3046512e-01   3.3114552e-03
   1.4639977e+02   4.7433686e-03   1.3032886e-01   3.2682113e-03
   1.4698380e+02   4.7066566e-03   1.3019309e-01   3.2262615e-03
   1.4756783e+02   4.6705717e-03   1.3005783e-01   3.1856000e-03
   1.4815186e+02   4.6351120e-03   1.2992306e-01   3.1462215e-03
   1.4873589e+02   4.6002756e-03   1.2978881e-01   3.1081203e-03
   1.4931992e+02   4.5660608e-03   1.2965507e-01   3.0712909e-03
   1.4990395e+02   4.5324657e-03   1.2952186e-01   3.0357277e-03
   1.5048798e+02   4.4993640e-03   1.2938906e-01   3.0011045e-03
   1.5107202e+02   4.4665277e-03   1.2925647e-01   2.9668328e-03
   1.5165605e+02   4.4339513e-03   1.2912409e-01   2.9328994e-03
   1.5224008e+02   4.4016343e-03   1.2899192e-01   2.8993033e-03
   1.5282411e+02   4.3695762e-03   1.2885996e-01   2.8660437e-03
   1.5340814e+02   4.3377765e-03   1.2872823e-01   2.8331198e-03
   1.5399217e+02   4.3062345e-03   1.2859672e-01   2.8005306e-03
   1.5457620e+02   4.2749498e-03   1.2846543e-01   2.7682754e-03
   1.5516023e+02   4.2439218e-03   1.2833437e-01   2.7363533e-03
   1.5574427e+02   4.2131499e-03   1.2820354e-01   2.7047634e-03
   1.5632830e+02   4.1826338e-03   1.2807294e-01   2.6735049e-03
   1.5691233e+02   4.1523727e-03   1.2794259e-01   2.6425770e-03
   1.5749636e+02   4.1223662e-03   1.2781247e-01   2.6119787e-03
   1.5808039e+02   4.0926137e-03   1.2768260e-01   2.5817092e-03
   1.5866442e+02   4.0631148e-03   1.2755297e-01   2.5517676e-03
   1.5924845e+02   4.0338687e-03   1.2742359e-01   2.5221532e-03
   1.5983249e+02   4.0048751e-03   1.2729447e-01   2.4928650e-03
   1.6041652e+02   3.9761334e-03   1.2716560e-01   2.4639023e-03
   1.6100055e+02   3.9476430e-03   1.2703700e-01   2.4352640e-03
   1.6158458e+02   3.9194034e-03   1.2690865e-01   2.4069495e-03
   1.6216861e+02   3.8914141e-03   1.2678058e-01   2.3789578e-03
   1.6275264e+02   3.8636745e-03   1.2665277e-01   2.3512881e-03
   1.6333667e+02   3.8361840e-03   1.2652523e-01   2.3239395e-03
   1.6392070e+02   3.8089423e-03   1.2639797e-01   2.2969111e-03
   1.6450474e+02   3.7819486e-03   1.2627098e-01   2.2702022e-03
   1.6508877e+02   3.7552025e-03   1.2614428e-01   2.2438119e-03
   1.6567280e+02   3.7287034e-03   1.2601786e-01   2.2177392e-03
   1.6625683e+02   3.7024509e-03   1.2589174e-01   2.1919834e-03
   1.6684086e+02   3.6764443e-03   1.2576590e-01   2.1665436e-03
   1.6742489e+02   3.6506831e-03   1.2564035e-01   2.1414190e-03
   1.6800892e+02   3.6251667e-03   1.2551511e-01   2.1166086e-03
   1.6859295e+02   3.5998948e-03   1.2539016e-01   2.0921117e-03
   1.6917699e+02   3.5748666e-03   1.2526552e-01   2.0679274e-03
   1.6976102e+02   3.5500817e-03   1.2514118e-01   2.0440548e-03
   1.7034505e+02   3.5255395e-03   1.2501716e-01   2.0204930e-03
   1.7092908e+02   3.5012396e-03   1.2489345e-01   1.9972413e-03
   1.7151311e+02   3.4771812e-03   1.2477005e-01   1.9742987e-03
   1.7209714e+02   3.4533640e-03   1.2464697e-01   1.9516645e-03
   1.7268117e+02   3.4297874e-03   1.2452422e-01   1.9293377e-03
   1.7326521e+02   3.4064507e-03   1.2440179e-01   1.9073175e-03
   1.7384924e+02   3.3833536e-03   1.2427969e-01   1.8856031e-03
   1.7443327e+02   3.3604955e-03   1.2415792e-01   1.8641935e-03
   1.7501730e+02   3.3378758e-03   1.2403649e-01   1.8430880e-03
   1.7560133e+02   3.3154939e-03   1.2391540e-01   1.8222857e-03
   1.7618536e+02   3.2933494e-03   1.2379465e-01   1.8017856e-03
   1.7676939e+02   3.2714417e-03   1.2367424e-01   1.7815871e-03
   1.7735342e+02   3.2497703e-03   1.2355418e-01   1.7616892e-03
   1.7793746e+02   3.2283346e-03   1.2343447e-01   1.7420910e-03
   1.7852149e+02   3.2071341e-03   1.2331512e-01   1.7227918e-03
   1.7910552e+02   3.1861683e-03   1.2319612e-01   1.7037906e-03
   1.7968955e+02   3.1654366e-03   1.2307748e-01   1.6850866e-03
   1.8027358e+02   3.1449384e-03   1.2295921e-01   1.6666790e-03
   1.8085761e+02   3.1246733e-03   1.2284130e-01   1.6485669e-03
   1.8144164e+02   3.1046407e-03   1.2272377e-01   1.6307494e-03
   1.8202568e+02   3.0848401e-03   1.2260660e-01   1.6132257e-03
   1.8260971e+02   3.0652709e-03   1.2248981e-01   1.5959949e-03
   1.8319374e+02   3.0459325e-03   1.2237341e-01   1.5790562e-03
   1.8377777e+02   3.0268246e-03   1.2225738e-01   1.5624087e-03
   1.8436180e+02   3.0079464e-03   1.2214174e-01   1.5460515e-03
   1.8494583e+02   2.9892975e-03   1.2202649e-01   1.5299839e-03
   1.8552986e+02   2.9708773e-03   1.2191163e-01   1.5142050e-03
   1.8611389e+02   2.9526854e-03   1.2179717e-01   1.4987138e-03
   1.8669793e+02   2.9347211e-03   1.2168310e-01   1.4835096e-03
   1.8728196e+02   2.9169839e-03   1.2156944e-01   1.4685915e-03
   1.8786599e+02   2.8994733e-03   1.2145618e-01   1.4539586e-03
   1.8845002e+02   2.8821888e-03   1.2134333e-01   1.4396102e-03
   1.8903405e+02   2.8651297e-03   1.2123088e-01   1.4255452e-03
   1.8961808e+02   2.8482956e-03   1.2111886e-01   1.4117629e-03
   1.9020211e+02   2.8316860e-03   1.2100725e-01   1.3982625e-03
   1.9078614e+02   2.8153002e-03   1.2089606e-01   1.3850430e-03
   1.9137018e+02   2.7991378e-03   1.2078529e-01   1.3721036e-03
   1.9195421e+02   2.7831982e-03   1.2067495e-01   1.3594435e-03
   1.9253824e+02   2.7674809e-03   1.2056504e-01   1.3470618e-03
   1.9312227e+02   2.7519853e-03   1.2045557e-01   1.3349576e-03
   1.9370630e+02   2.7367110e-03   1.2034653e-01   1.3231302e-03
   1.9429033e+02   2.7216573e-03   1.2023793e-01   1.3115786e-03
   1.9487436e+02   2.7068237e-03   1.2012977e-01   1.3003019e-03
   1.9545840e+02   2.6922097e-03   1.2002205e-01   1.2892994e-03
   1.9604243e+02   2.6778147e-03   1.1991479e-01   1.2785702e-03
   1.9662646e+02   2.6636383e-03   1.1980798e-01   1.2681134e-03
   1.9721049e+02   2.6496798e-03   1.1970162e-01   1.2579282e-03
   1.9779452e+02   2.6359388e-03   1.1959572e-01   1.2480136e-03
   1.9837855e+02   2.6224146e-03   1.1949028e-01   1.2383690e-03
   1.9896258e+02   2.6091068e-03   1.1938531e-01   1.2289933e-03
   1.9954661e+02   2.5960149e-03   1.1928080e-01   1.2198858e-03
   2.0013065e+02   2.5831343e-03   1.1917676e-01   1.2110402e-03
   2.0071468e+02   2.5703599e-03   1.1907298e-01   1.2023096e-03
   2.0129871e+02   2.5576448e-03   1.1896937e-01   1.1936283e-03
   2.0188274e+02   2.5449887e-03   1.1886594e-01   1.1849964e-03
   2.0246677e+02   2.5323916e-03   1.1876268e-01   1.1764136e-03
   2.0305080e+02   2.5198534e-03   1.1865959e-01   1.1678799e-03
   2.0363483e+02   2.5073739e-03   1.1855667e-01   1.1593952e-03
   2.0421886e+02   2.4949530e-03   1.1845393e-01   1.1509594e-03
   2.0480290e+02   2.4825907e-03   1.1835136e-01   1.1425723e-03
   2.0538693e+02   2.4702867e-03   1.1824896e-01   1.1342338e-03
   2.0597096e+02   2.4580410e-03   1.1814674e-01   1.1259439e-03
   2.0655499e+02   2.4458535e-03   1.1804468e-01   1.1177024e-03
   2.0713902e+02   2.4337240e-03   1.1794281e-01   1.1095092e-03
   2.0772305e+02   2.4216524e-03   1.1784110e-01   1.1013643e-03
   2.0830708e+02   2.4096386e-03   1.1773957e-01   1.0932674e-03
   2.0889112e+02   2.3976826e-03   1.1763821e-01   1.0852185e-03
   2.0947515e+02   2.3857841e-03   1.1753703e-01   1.0772175e-03
   2.1005918e+02   2.3739430e-03   1.1743602e-01   1.0692643e-03
   2.1064321e+02   2.3621593e-03   1.1733518e-01   1.0613587e-03
   2.1122724e+02   2.3504329e-03   1.1723452e-01   1.0535007e-03
   2.1181127e+02   2.3387635e-03   1.1713403e-01   1.0456902e-03
   2.1239530e+02   2.3271512e-03   1.1703371e-01   1.0379270e-03
   2.1297933e+02   2.3155957e-03   1.1693357e-01   1.0302110e-03
   2.1356337e+02   2.3040970e-03   1.1683360e-01   1.0225421e-03
   2.1414740e+02   2.2926549e-03   1.1673381e-01   1.0149203e-03
   2.1473143e+02   2.2812694e-03   1.1663419e-01   1.0073453e-03
   2.1531546e+02   2.2699403e-03   1.1653475e-01   9.9981717e-04
   2.1589949e+02   2.2586674e-03   1.1643548e-01   9.9233570e-04
   2.1648352e+02   2.2474508e-03   1.1633638e-01   9.8490082e-04
   2.1706755e+02   2.2362902e-03   1.1623746e-01   9.7751240e-04
   2.1765159e+02   2.2251856e-03   1.1613871e-01   9.7017035e-04
   2.1823562e+02   2.2141368e-03   1.1604014e-01   9.6287455e-04
   2.1881965e+02   2.2031437e-03   1.1594174e-01   9.5562489e-04
   2.1940368e+02   2.1922062e-03   1.1584352e-01   9.4842127e-04
   2.1998771e+02   2.1813242e-03   1.1574547e-01   9.4126357e-04
   2.2057174e+02   2.1704976e-03   1.1564760e-01   9.3415169e-04
   2.2115577e+02   2.1597262e-03   1.1554990e-01   9.2708552e-04
   2.2173980e+02   2.1490099e-03   1.1545238e-01   9.2006495e-04
   2.2232384e+02   2.1383487e-03   1.1535504e-01   9.1308988e-04
   2.2290787e+02   2.1277423e-03   1.1525786e-01   9.0616018e-04
   2.2349190e+02   2.1171908e-03   1.1516087e-01   8.9927576e-04
   2.2407593e+02   2.1066939e-03   1.1506405e-01   8.9243650e-04
   2.2465996e+02   2.0962515e-03   1.1496740e-01   8.8564230e-04
   2.2524399e+02   2.0858636e-03   1.1487093e-01   8.7889305e-04
   2.2582802e+02   2.0755300e-03   1.1477464e-01   8.7218864e-04
   2.2641205e+02   2.0652507e-03   1.1467852e-01   8.6552896e-04
   2.2699609e+02   2.0550254e-03   1.1458258e-01   8.5891390e-04
   2.2758012e+02   2.0448540e-03   1.1448681e-01   8.5234336e-04
   2.2816415e+02   2.0347366e-03   1.1439122e-01   8.4581722e-04
   2.2874818e+02   2.0246728e-03   1.1429581e-01   8.3933537e-04
   2.2933221e+02   2.0146627e-03   1.1420057e-01   8.3289772e-04
   2.2991624e+02   2.0047061e-03   1.1410551e-01   8.2650414e-04
   2.3050027e+02   1.9948029e-03   1.1401062e-01   8.2015453e-04
   2.3108431e+02   1.9849529e-03   1.1391591e-01   8.1384878e-04
   2.3166834e+02   1.9751561e-03   1.1382138e-01   8.0758679e-04
   2.3225237e+02   1.9654124e-03   1.1372702e-01   8.0136844e-04
   2.3283640e+02   1.9557216e-03   1.1363284e-01   7.9519362e-04
   2.3342043e+02   1.9460835e-03   1.1353884e-01   7.8906224e-04
   2.3400446e+02   1.9364982e-03   1.1344502e-01   7.8297416e-04
   2.3458849e+02   1.9269654e-03   1.1335137e-01   7.7692930e-04
   2.3517252e+02   1.9174851e-03   1.1325789e-01   7.7092754e-04
   2.3575656e+02   1.9080571e-03   1.1316460e-01   7.6496878e-04
   2.3634059e+02   1.8986814e-03   1.1307148e-01   7.5905289e-04
   2.3692462e+02   1.8893578e-03   1.1297854e-01   7.5317978e-04
   2.3750865e+02   1.8800861e-03   1.1288578e-01   7.4734934e-04
   2.3809268e+02   1.8708663e-03   1.1279319e-01   7.4156145e-04
   2.3867671e+02   1.8616983e-03   1.1270078e-01   7.3581601e-04
   2.3926074e+02   1.8525820e-03   1.1260855e-01   7.3011291e-04
   2.3984477e+02   1.8435171e-03   1.1251649e-01   7.2445204e-04
   2.4042881e+02   1.8345037e-03   1.1242462e-01   7.1883330e-04
   2.4101284e+02   1.8255416e-03   1.1233292e-01   7.1325656e-04
   2.4159687e+02   1.8166306e-03   1.1224140e-01   7.0772174e-04
   2.4218090e+02   1.8077707e-03   1.1215005e-01   7.0222871e-04
   2.4276493e+02   1.7989617e-03   1.1205889e-01   6.9677737e-04
   2.4334896e+02   1.7902036e-03   1.1196790e-01   6.9136760e-04
   2.4393299e+02   1.7814962e-03   1.1187709e-01   6.8599931e-04
   2.4451703e+02   1.7728394e-03   1.1178646e-01   6.8067238e-04
   2.4510106e+02   1.7642330e-03   1.1169601e-01   6.7538670e-04
   2.4568509e+02   1.7556770e-03   1.1160573e-01   6.7014217e-04
   2.4626912e+02   1.7471713e-03   1.1151563e-01   6.6493867e-04
   2.4685315e+02   1.7387157e-03   1.1142572e-01   6.5977610e-04
   2.4743718e+02   1.7303101e-03   1.1133598e-01   6.5465435e-04
   2.4802121e+02   1.7219544e-03   1.1124641e-01   6.4957331e-04
   2.4860524e+02   1.7136485e-03   1.1115703e-01   6.4453286e-04
   2.4918928e+02   1.7053923e-03   1.1106783e-01   6.3953291e-04
   2.4977331e+02   1.6971856e-03   1.1097880e-01   6.3457335e-04
   2.5035734e+02   1.6890283e-03   1.1088996e-01   6.2965406e-04
   2.5094137e+02   1.6809203e-03   1.1080129e-01   6.2477493e-04
   2.5152540e+02   1.6728616e-03   1.1071280e-01   6.1993587e-04
   2.5210943e+02   1.6648519e-03   1.1062449e-01   6.1513675e-04
   2.5269346e+02   1.6568912e-03   1.1053636e-01   6.1037747e-04
   2.5327750e+02   1.6489794e-03   1.1044841e-01   6.0565793e-04
   2.5386153e+02   1.6411162e-03   1.1036064e-01   6.0097800e-04
   2.5444556e+02   1.6333017e-03   1.1027305e-01   5.9633759e-04
   2.5502959e+02   1.6255357e-03   1.1018564e-01   5.9173659e-04
   2.5561362e+02   1.6178181e-03   1.1009841e-01   5.8717488e-04
   2.5619765e+02   1.6101488e-03   1.1001136e-01   5.8265237e-04
   2.5678168e+02   1.6025276e-03   1.0992448e-01   5.7816893e-04
   2.5736571e+02   1.5949544e-03   1.0983779e-01   5.7372446e-04
   2.5794975e+02   1.5874292e-03   1.0975128e-01   5.6931885e-04
   2.5853378e+02   1.5799517e-03   1.0966494e-01   5.6495200e-04
   2.5911781e+02   1.5725220e-03   1.0957879e-01   5.6062379e-04
   2.5970184e+02   1.5651398e-03   1.0949282e-01   5.5633412e-04
   2.6028587e+02   1.5578050e-03   1.0940702e-01   5.5208288e-04
   2.6086990e+02   1.5505176e-03   1.0932141e-01   5.4786995e-04
   2.6145393e+02   1.5432775e-03   1.0923598e-01   5.4369524e-04
   2.6203796e+02   1.5360844e-03   1.0915073e-01   5.3955862e-04
   2.6262200e+02   1.5289383e-03   1.0906565e-01   5.3546000e-04
   2.6320603e+02   1.5218391e-03   1.0898076e-01   5.3139927e-04
   2.6379006e+02   1.5147867e-03   1.0889605e-01   5.2737631e-04
   2.6437409e+02   1.5077808e-03   1.0881152e-01   5.2339101e-04
   2.6495812e+02   1.5008215e-03   1.0872717e-01   5.1944327e-04
   2.6554215e+02   1.4939087e-03   1.0864301e-01   5.1553299e-04
   2.6612618e+02   1.4870421e-03   1.0855902e-01   5.1166004e-04
   2.6671022e+02   1.4802216e-03   1.0847521e-01   5.0782432e-04
   2.6729425e+02   1.4734473e-03   1.0839159e-01   5.0402573e-04
   2.6787828e+02   1.4667189e-03   1.0830815e-01   5.0026416e-04
   2.6846231e+02   1.4600363e-03   1.0822488e-01   4.9653948e-04
   2.6904634e+02   1.4533994e-03   1.0814180e-01   4.9285161e-04
   2.6963037e+02   1.4468081e-03   1.0805890e-01   4.8920043e-04
   2.7021440e+02   1.4402622e-03   1.0797618e-01   4.8558582e-04
   2.7079843e+02   1.4337618e-03   1.0789365e-01   4.8200769e-04
   2.7138247e+02   1.4273066e-03   1.0781129e-01   4.7846591e-04
   2.7196650e+02   1.4208965e-03   1.0772912e-01   4.7496040e-04
   2.7255053e+02   1.4145314e-03   1.0764713e-01   4.7149102e-04
   2.7313456e+02   1.4082112e-03   1.0756532e-01   4.6805769e-04
   2.7371859e+02   1.4019358e-03   1.0748369e-01   4.6466028e-04
   2.7430262e+02   1.3957050e-03   1.0740225e-01   4.6129869e-04
   2.7488665e+02   1.3895188e-03   1.0732098e-01   4.5797281e-04
   2.7547068e+02   1.3833770e-03   1.0723990e-01   4.5468254e-04
   2.7605472e+02   1.3772796e-03   1.0715900e-01   4.5142775e-04
   2.7663875e+02   1.3712263e-03   1.0707829e-01   4.4820835e-04
   2.7722278e+02   1.3652171e-03   1.0699775e-01   4.4502423e-04
   2.7780681e+02   1.3592519e-03   1.0691740e-01   4.4187527e-04
   2.7839084e+02   1.3533305e-03   1.0683723e-01   4.3876138e-04
   2.7897487e+02   1.3474528e-03   1.0675724e-01   4.3568243e-04
   2.7955890e+02   1.3416188e-03   1.0667744e-01   4.3263832e-04
   2.8014294e+02   1.3358283e-03   1.0659782e-01   4.2962895e-04
   2.8072697e+02   1.3300811e-03   1.0651838e-01   4.2665419e-04
   2.8131100e+02   1.3243772e-03   1.0643912e-01   4.2371396e-04
   2.8189503e+02   1.3187164e-03   1.0636005e-01   4.2080813e-04
   2.8247906e+02   1.3130987e-03   1.0628116e-01   4.1793660e-04
   2.8306309e+02   1.3075239e-03   1.0620246e-01   4.1509925e-04
   2.8364712e+02   1.3019919e-03   1.0612393e-01   4.1229599e-04
   2.8423115e+02   1.2965026e-03   1.0604559e-01   4.0952670e-04
   2.8481519e+02   1.2910559e-03   1.0596744e-01   4.0679127e-04
   2.8539922e+02   1.2856516e-03   1.0588947e-01   4.0408960e-04
   2.8598325e+02   1.2802896e-03   1.0581168e-01   4.0142157e-04
   2.8656728e+02   1.2749698e-03   1.0573407e-01   3.9878708e-04
   2.8715131e+02   1.2696922e-03   1.0565665e-01   3.9618601e-04
   2.8773534e+02   1.2644565e-03   1.0557941e-01   3.9361827e-04
   2.8831937e+02   1.2592627e-03   1.0550236e-01   3.9108374e-04
   2.8890341e+02   1.2541107e-03   1.0542549e-01   3.8858231e-04
   2.8948744e+02   1.2490003e-03   1.0534880e-01   3.8611387e-04
   2.9007147e+02   1.2439314e-03   1.0527230e-01   3.8367832e-04
   2.9065550e+02   1.2389039e-03   1.0519598e-01   3.8127554e-04
   2.9123953e+02   1.2339177e-03   1.0511985e-01   3.7890543e-04
   2.9182356e+02   1.2289727e-03   1.0504390e-01   3.7656788e-04
   2.9240759e+02   1.2240687e-03   1.0496813e-01   3.7426278e-04
   2.9299162e+02   1.2192057e-03   1.0489255e-01   3.7199003e-04
   2.9357566e+02   1.2143835e-03   1.0481716e-01   3.6974950e-04
   2.9415969e+02   1.2096019e-03   1.0474194e-01   3.6754110e-04
   2.9474372e+02   1.2048610e-03   1.0466692e-01   3.6536471e-04
   2.9532775e+02   1.2001606e-03   1.0459208e-01   3.6322023e-04
   2.9591178e+02   1.1955005e-03   1.0451742e-01   3.6110755e-04
   2.9649581e+02   1.1908806e-03   1.0444295e-01   3.5902656e-04
   2.9707984e+02   1.1863009e-03   1.0436866e-01   3.5697715e-04
   2.9766387e+02   1.1817612e-03   1.0429456e-01   3.5495921e-04
   2.9824791e+02   1.1772613e-03   1.0422064e-01   3.5297263e-04
   2.9883194e+02   1.1728013e-03   1.0414691e-01   3.5101731e-04
   2.9941597e+02   1.1683809e-03   1.0407336e-01   3.4909314e-04
   3.0000000e+02   1.1640000e-03   1.0400000e-01   3.4720000e-04
