# Mg
# rho 1.740 Z 12
   1.3050000e+00   2.0300000e+00   2.1720000e-02   5.4410000e+03
   1.8895303e+00   1.8170827e+00   3.1518409e-02   2.2222686e+03
   2.4740607e+00   1.6387240e+00   3.9285466e-02   1.1379234e+03
   3.0585910e+00   1.4846433e+00   4.6324773e-02   6.2468882e+02
   3.6431213e+00   1.3527408e+00   5.3175294e-02   3.8470442e+02
   4.2276517e+00   1.2336262e+00   5.9851281e-02   2.5403777e+02
   4.8121820e+00   1.1241141e+00   6.6394723e-02   1.7511337e+02
   5.3967123e+00   1.0234184e+00   7.2696780e-02   1.2580539e+02
   5.9812427e+00   9.3228496e-01   7.8687193e-02   9.3537155e+01
   6.5657730e+00   8.5109182e-01   8.4296051e-02   7.2654802e+01
   7.1503033e+00   7.7577359e-01   8.9666071e-02   5.6200579e+01
   7.7348337e+00   7.0809993e-01   9.4682236e-02   4.3998723e+01
   8.3193640e+00   6.4880041e-01   9.9291774e-02   3.5500909e+01
   8.9038943e+00   5.9453630e-01   1.0366449e-01   2.8747317e+01
   9.4884247e+00   5.4667703e-01   1.0765969e-01   2.3574761e+01
   1.0072955e+01   5.0726052e-01   1.1109577e-01   2.0079449e+01
   1.0657485e+01   4.7291802e-01   1.1418708e-01   1.7430629e+01
   1.1242016e+01   4.4077622e-01   1.1712940e-01   1.5060391e+01
   1.1826546e+01   4.1086062e-01   1.1991248e-01   1.2960721e+01
   1.2411076e+01   3.8319672e-01   1.2252607e-01   1.1123602e+01
   1.2995607e+01   3.5780999e-01   1.2495992e-01   9.5410209e+00
   1.3580137e+01   3.3472595e-01   1.2720378e-01   8.2049619e+00
   1.4164667e+01   3.1397007e-01   1.2924741e-01   7.1074102e+00
   1.4749198e+01   2.9556785e-01   1.3108054e-01   6.2403508e+00
   1.5333728e+01   2.7933029e-01   1.3271486e-01   5.5704274e+00
   1.5918258e+01   2.6428620e-01   1.3424390e-01   4.9765416e+00
   1.6502789e+01   2.5030181e-01   1.3567830e-01   4.4428439e+00
   1.7087319e+01   2.3736325e-01   1.3701655e-01   3.9680023e+00
   1.7671849e+01   2.2545668e-01   1.3825717e-01   3.5506846e+00
   1.8256380e+01   2.1456822e-01   1.3939865e-01   3.1895586e+00
   1.8840910e+01   2.0468404e-01   1.4043950e-01   2.8832922e+00
   1.9425440e+01   1.9579027e-01   1.4137824e-01   2.6305531e+00
   2.0009971e+01   1.8787297e-01   1.4221338e-01   2.4300034e+00
   2.0594501e+01   1.8058188e-01   1.4298594e-01   2.2591975e+00
   2.1179031e+01   1.7359376e-01   1.4373456e-01   2.0978401e+00
   2.1763562e+01   1.6690221e-01   1.4445835e-01   1.9457409e+00
   2.2348092e+01   1.6050083e-01   1.4515640e-01   1.8027097e+00
   2.2932622e+01   1.5438324e-01   1.4582780e-01   1.6685562e+00
   2.3517153e+01   1.4854304e-01   1.4647164e-01   1.5430902e+00
   2.4101683e+01   1.4297385e-01   1.4708703e-01   1.4261214e+00
   2.4686213e+01   1.3766927e-01   1.4767305e-01   1.3174597e+00
   2.5270744e+01   1.3262291e-01   1.4822880e-01   1.2169148e+00
   2.5855274e+01   1.2782839e-01   1.4875338e-01   1.1242964e+00
   2.6439804e+01   1.2327931e-01   1.4924587e-01   1.0394143e+00
   2.7024335e+01   1.1896927e-01   1.4970537e-01   9.6207833e-01
   2.7608865e+01   1.1489190e-01   1.5013099e-01   8.9209818e-01
   2.8193395e+01   1.1104079e-01   1.5052180e-01   8.2928362e-01
   2.8777926e+01   1.0740956e-01   1.5087691e-01   7.7344443e-01
   2.9362456e+01   1.0399181e-01   1.5119542e-01   7.2439036e-01
   2.9946986e+01   1.0078117e-01   1.5147640e-01   6.8193119e-01
   3.0531517e+01   9.7740576e-02   1.5173439e-01   6.4411994e-01
   3.1116047e+01   9.4821929e-02   1.5198975e-01   6.0836797e-01
   3.1700577e+01   9.2020914e-02   1.5224097e-01   5.7459357e-01
   3.2285108e+01   8.9333524e-02   1.5248642e-01   5.4273268e-01
   3.2869638e+01   8.6755757e-02   1.5272443e-01   5.1272122e-01
   3.3454168e+01   8.4283608e-02   1.5295336e-01   4.8449513e-01
   3.4038699e+01   8.1913072e-02   1.5317155e-01   4.5799035e-01
   3.4623229e+01   7.9640145e-02   1.5337735e-01   4.3314282e-01
   3.5207759e+01   7.7460823e-02   1.5356911e-01   4.0988846e-01
   3.5792290e+01   7.5371102e-02   1.5374517e-01   3.8816322e-01
   3.6376820e+01   7.3366977e-02   1.5390389e-01   3.6790302e-01
   3.6961350e+01   7.1444444e-02   1.5404361e-01   3.4904381e-01
   3.7545881e+01   6.9599499e-02   1.5416268e-01   3.3152152e-01
   3.8130411e+01   6.7828137e-02   1.5425945e-01   3.1527208e-01
   3.8714941e+01   6.6126354e-02   1.5433227e-01   3.0023142e-01
   3.9299472e+01   6.4490146e-02   1.5437948e-01   2.8633550e-01
   3.9884002e+01   6.2915509e-02   1.5439943e-01   2.7352022e-01
   4.0468532e+01   6.1396137e-02   1.5439975e-01   2.6157999e-01
   4.1053063e+01   5.9924838e-02   1.5439877e-01   2.5018701e-01
   4.1637593e+01   5.8500279e-02   1.5439704e-01   2.3931761e-01
   4.2222123e+01   5.7121289e-02   1.5439458e-01   2.2895708e-01
   4.2806654e+01   5.5786694e-02   1.5439141e-01   2.1909074e-01
   4.3391184e+01   5.4495323e-02   1.5438755e-01   2.0970391e-01
   4.3975714e+01   5.3246003e-02   1.5438300e-01   2.0078189e-01
   4.4560245e+01   5.2037560e-02   1.5437779e-01   1.9230999e-01
   4.5144775e+01   5.0868824e-02   1.5437192e-01   1.8427353e-01
   4.5729305e+01   4.9738621e-02   1.5436542e-01   1.7665781e-01
   4.6313836e+01   4.8645779e-02   1.5435830e-01   1.6944814e-01
   4.6898366e+01   4.7589125e-02   1.5435057e-01   1.6262985e-01
   4.7482896e+01   4.6567487e-02   1.5434224e-01   1.5618822e-01
   4.8067427e+01   4.5579692e-02   1.5433334e-01   1.5010859e-01
   4.8651957e+01   4.4624568e-02   1.5432388e-01   1.4437626e-01
   4.9236487e+01   4.3700942e-02   1.5431387e-01   1.3897653e-01
   4.9821018e+01   4.2807643e-02   1.5430333e-01   1.3389472e-01
   5.0405548e+01   4.1941239e-02   1.5428864e-01   1.2908240e-01
   5.0990078e+01   4.1094591e-02   1.5425963e-01   1.2443266e-01
   5.1574609e+01   4.0267556e-02   1.5421678e-01   1.1994002e-01
   5.2159139e+01   3.9460453e-02   1.5416132e-01   1.1560585e-01
   5.2743669e+01   3.8673603e-02   1.5409445e-01   1.1143150e-01
   5.3328200e+01   3.7907325e-02   1.5401739e-01   1.0741832e-01
   5.3912730e+01   3.7161941e-02   1.5393134e-01   1.0356767e-01
   5.4497260e+01   3.6437770e-02   1.5383753e-01   9.9880905e-02
   5.5081791e+01   3.5735133e-02   1.5373717e-01   9.6359381e-02
   5.5666321e+01   3.5054349e-02   1.5363147e-01   9.3004453e-02
   5.6250851e+01   3.4395739e-02   1.5352164e-01   8.9817476e-02
   5.6835382e+01   3.3759622e-02   1.5340890e-01   8.6799805e-02
   5.7419912e+01   3.3146319e-02   1.5329446e-01   8.3952796e-02
   5.8004442e+01   3.2556150e-02   1.5317953e-01   8.1277803e-02
   5.8588973e+01   3.1989436e-02   1.5306533e-01   7.8776182e-02
   5.9173503e+01   3.1446496e-02   1.5295306e-01   7.6449289e-02
   5.9758033e+01   3.0927650e-02   1.5284396e-01   7.4298479e-02
   6.0342564e+01   3.0430328e-02   1.5273772e-01   7.2301784e-02
   6.0927094e+01   2.9942211e-02   1.5262866e-01   7.0359051e-02
   6.1511624e+01   2.9461845e-02   1.5251621e-01   6.8458488e-02
   6.2096155e+01   2.8989209e-02   1.5240049e-01   6.6599893e-02
   6.2680685e+01   2.8524284e-02   1.5228164e-01   6.4783064e-02
   6.3265215e+01   2.8067049e-02   1.5215981e-01   6.3007800e-02
   6.3849746e+01   2.7617484e-02   1.5203513e-01   6.1273900e-02
   6.4434276e+01   2.7175568e-02   1.5190773e-01   5.9581162e-02
   6.5018806e+01   2.6741280e-02   1.5177777e-01   5.7929384e-02
   6.5603337e+01   2.6314602e-02   1.5164536e-01   5.6318367e-02
   6.6187867e+01   2.5895511e-02   1.5151065e-01   5.4747907e-02
   6.6772397e+01   2.5483988e-02   1.5137378e-01   5.3217803e-02
   6.7356928e+01   2.5080012e-02   1.5123489e-01   5.1727855e-02
   6.7941458e+01   2.4683564e-02   1.5109410e-01   5.0277860e-02
   6.8525988e+01   2.4294622e-02   1.5095157e-01   4.8867617e-02
   6.9110519e+01   2.3913166e-02   1.5080743e-01   4.7496925e-02
   6.9695049e+01   2.3539175e-02   1.5066180e-01   4.6165583e-02
   7.0279579e+01   2.3172630e-02   1.5051485e-01   4.4873388e-02
   7.0864110e+01   2.2813510e-02   1.5036669e-01   4.3620140e-02
   7.1448640e+01   2.2461795e-02   1.5021746e-01   4.2405637e-02
   7.2033170e+01   2.2117464e-02   1.5006732e-01   4.1229677e-02
   7.2617701e+01   2.1780497e-02   1.4991638e-01   4.0092060e-02
   7.3202231e+01   2.1450873e-02   1.4976479e-01   3.8992583e-02
   7.3786761e+01   2.1128572e-02   1.4961269e-01   3.7931046e-02
   7.4371292e+01   2.0813573e-02   1.4946022e-01   3.6907246e-02
   7.4955822e+01   2.0505857e-02   1.4930750e-01   3.5920983e-02
   7.5540352e+01   2.0205403e-02   1.4915469e-01   3.4972055e-02
   7.6124883e+01   1.9912191e-02   1.4900191e-01   3.4060261e-02
   7.6709413e+01   1.9626199e-02   1.4884931e-01   3.3185399e-02
   7.7293943e+01   1.9347408e-02   1.4869701e-01   3.2347267e-02
   7.7878474e+01   1.9075797e-02   1.4854517e-01   3.1545665e-02
   7.8463004e+01   1.8811346e-02   1.4839391e-01   3.0780390e-02
   7.9047534e+01   1.8554035e-02   1.4824338e-01   3.0051242e-02
   7.9632065e+01   1.8303843e-02   1.4809371e-01   2.9358019e-02
   8.0216595e+01   1.8060486e-02   1.4794486e-01   2.8698893e-02
   8.0801125e+01   1.7821147e-02   1.4779515e-01   2.8056370e-02
   8.1385656e+01   1.7585095e-02   1.4764414e-01   2.7425811e-02
   8.1970186e+01   1.7352359e-02   1.4749191e-01   2.6807287e-02
   8.2554716e+01   1.7122971e-02   1.4733855e-01   2.6200871e-02
   8.3139247e+01   1.6896963e-02   1.4718412e-01   2.5606636e-02
   8.3723777e+01   1.6674365e-02   1.4702870e-01   2.5024654e-02
   8.4308307e+01   1.6455209e-02   1.4687236e-01   2.4454998e-02
   8.4892838e+01   1.6239525e-02   1.4671518e-01   2.3897741e-02
   8.5477368e+01   1.6027344e-02   1.4655723e-01   2.3352954e-02
   8.6061898e+01   1.5818699e-02   1.4639859e-01   2.2820710e-02
   8.6646429e+01   1.5613619e-02   1.4623932e-01   2.2301083e-02
   8.7230959e+01   1.5412137e-02   1.4607952e-01   2.1794144e-02
   8.7815489e+01   1.5214283e-02   1.4591924e-01   2.1299966e-02
   8.8400020e+01   1.5020087e-02   1.4575856e-01   2.0818621e-02
   8.8984550e+01   1.4829582e-02   1.4559756e-01   2.0350182e-02
   8.9569080e+01   1.4642799e-02   1.4543632e-01   1.9894722e-02
   9.0153611e+01   1.4459768e-02   1.4527490e-01   1.9452314e-02
   9.0738141e+01   1.4280521e-02   1.4511338e-01   1.9023028e-02
   9.1322671e+01   1.4105089e-02   1.4495184e-01   1.8606939e-02
   9.1907202e+01   1.3933502e-02   1.4479035e-01   1.8204119e-02
   9.2491732e+01   1.3765793e-02   1.4462898e-01   1.7814640e-02
   9.3076262e+01   1.3601992e-02   1.4446781e-01   1.7438575e-02
   9.3660793e+01   1.3442129e-02   1.4430691e-01   1.7075995e-02
   9.4245323e+01   1.3286238e-02   1.4414636e-01   1.6726975e-02
   9.4829853e+01   1.3134347e-02   1.4398624e-01   1.6391586e-02
   9.5414384e+01   1.2986490e-02   1.4382661e-01   1.6069902e-02
   9.5998914e+01   1.2842696e-02   1.4366755e-01   1.5761993e-02
   9.6583444e+01   1.2702996e-02   1.4350913e-01   1.5467933e-02
   9.7167975e+01   1.2567423e-02   1.4335144e-01   1.5187795e-02
   9.7752505e+01   1.2436006e-02   1.4319454e-01   1.4921651e-02
   9.8337035e+01   1.2308778e-02   1.4303850e-01   1.4669574e-02
   9.8921566e+01   1.2185769e-02   1.4288341e-01   1.4431636e-02
   9.9506096e+01   1.2067010e-02   1.4272934e-01   1.4207909e-02
   1.0009063e+02   1.1952493e-02   1.4257634e-01   1.3998320e-02
   1.0067516e+02   1.1840115e-02   1.4242373e-01   1.3795244e-02
   1.0125969e+02   1.1728679e-02   1.4227111e-01   1.3594340e-02
   1.0184422e+02   1.1618182e-02   1.4211846e-01   1.3395600e-02
   1.0242875e+02   1.1508620e-02   1.4196581e-01   1.3199017e-02
   1.0301328e+02   1.1399993e-02   1.4181316e-01   1.3004585e-02
   1.0359781e+02   1.1292298e-02   1.4166051e-01   1.2812297e-02
   1.0418234e+02   1.1185533e-02   1.4150788e-01   1.2622144e-02
   1.0476687e+02   1.1079694e-02   1.4135526e-01   1.2434122e-02
   1.0535140e+02   1.0974781e-02   1.4120266e-01   1.2248222e-02
   1.0593593e+02   1.0870791e-02   1.4105010e-01   1.2064438e-02
   1.0652046e+02   1.0767722e-02   1.4089756e-01   1.1882762e-02
   1.0710499e+02   1.0665572e-02   1.4074508e-01   1.1703189e-02
   1.0768952e+02   1.0564337e-02   1.4059264e-01   1.1525710e-02
   1.0827405e+02   1.0464017e-02   1.4044025e-01   1.1350320e-02
   1.0885858e+02   1.0364608e-02   1.4028793e-01   1.1177010e-02
   1.0944311e+02   1.0266109e-02   1.4013567e-01   1.1005774e-02
   1.1002764e+02   1.0168517e-02   1.3998349e-01   1.0836606e-02
   1.1061217e+02   1.0071830e-02   1.3983139e-01   1.0669498e-02
   1.1119670e+02   9.9760466e-03   1.3967937e-01   1.0504443e-02
   1.1178123e+02   9.8811634e-03   1.3952745e-01   1.0341434e-02
   1.1236576e+02   9.7871786e-03   1.3937562e-01   1.0180465e-02
   1.1295029e+02   9.6940900e-03   1.3922390e-01   1.0021529e-02
   1.1353482e+02   9.6018952e-03   1.3907229e-01   9.8646174e-03
   1.1411935e+02   9.5105922e-03   1.3892080e-01   9.7097248e-03
   1.1470388e+02   9.4201786e-03   1.3876943e-01   9.5568438e-03
   1.1528841e+02   9.3306523e-03   1.3861819e-01   9.4059675e-03
   1.1587295e+02   9.2420109e-03   1.3846709e-01   9.2570889e-03
   1.1645748e+02   9.1542523e-03   1.3831613e-01   9.1102012e-03
   1.1704201e+02   9.0673742e-03   1.3816532e-01   8.9652973e-03
   1.1762654e+02   8.9813744e-03   1.3801466e-01   8.8223704e-03
   1.1821107e+02   8.8962507e-03   1.3786417e-01   8.6814134e-03
   1.1879560e+02   8.8120008e-03   1.3771384e-01   8.5424195e-03
   1.1938013e+02   8.7286224e-03   1.3756369e-01   8.4053818e-03
   1.1996466e+02   8.6461134e-03   1.3741371e-01   8.2702932e-03
   1.2054919e+02   8.5644715e-03   1.3726393e-01   8.1371468e-03
   1.2113372e+02   8.4836945e-03   1.3711433e-01   8.0059357e-03
   1.2171825e+02   8.4037802e-03   1.3696494e-01   7.8766530e-03
   1.2230278e+02   8.3247263e-03   1.3681575e-01   7.7492916e-03
   1.2288731e+02   8.2465305e-03   1.3666677e-01   7.6238448e-03
   1.2347184e+02   8.1691907e-03   1.3651801e-01   7.5003055e-03
   1.2405637e+02   8.0927046e-03   1.3636947e-01   7.3786668e-03
   1.2464090e+02   8.0170700e-03   1.3622117e-01   7.2589217e-03
   1.2522543e+02   7.9422847e-03   1.3607310e-01   7.1410633e-03
   1.2580996e+02   7.8683463e-03   1.3592527e-01   7.0250847e-03
   1.2639449e+02   7.7952528e-03   1.3577769e-01   6.9109790e-03
   1.2697902e+02   7.7230017e-03   1.3563037e-01   6.7987391e-03
   1.2756355e+02   7.6515910e-03   1.3548330e-01   6.6883582e-03
   1.2814808e+02   7.5810184e-03   1.3533651e-01   6.5798293e-03
   1.2873261e+02   7.5112816e-03   1.3518999e-01   6.4731455e-03
   1.2931714e+02   7.4423784e-03   1.3504375e-01   6.3682998e-03
   1.2990167e+02   7.3743066e-03   1.3489780e-01   6.2652853e-03
   1.3048620e+02   7.3070640e-03   1.3475214e-01   6.1640951e-03
   1.3107073e+02   7.2406482e-03   1.3460678e-01   6.0647221e-03
   1.3165526e+02   7.1750571e-03   1.3446172e-01   5.9671596e-03
   1.3223979e+02   7.1102885e-03   1.3431698e-01   5.8714004e-03
   1.3282432e+02   7.0463400e-03   1.3417256e-01   5.7774378e-03
   1.3340886e+02   6.9832096e-03   1.3402845e-01   5.6852647e-03
   1.3399339e+02   6.9208949e-03   1.3388468e-01   5.5948743e-03
   1.3457792e+02   6.8593936e-03   1.3374125e-01   5.5062595e-03
   1.3516245e+02   6.7987037e-03   1.3359816e-01   5.4194134e-03
   1.3574698e+02   6.7388228e-03   1.3345542e-01   5.3343291e-03
   1.3633151e+02   6.6797487e-03   1.3331303e-01   5.2509997e-03
   1.3691604e+02   6.6214791e-03   1.3317101e-01   5.1694182e-03
   1.3750057e+02   6.5640119e-03   1.3302935e-01   5.0895777e-03
   1.3808510e+02   6.5073448e-03   1.3288807e-01   5.0114712e-03
   1.3866963e+02   6.4514756e-03   1.3274717e-01   4.9350918e-03
   1.3925416e+02   6.3964020e-03   1.3260665e-01   4.8604325e-03
   1.3983869e+02   6.3421218e-03   1.3246653e-01   4.7874865e-03
   1.4042322e+02   6.2886327e-03   1.3232681e-01   4.7162467e-03
   1.4100775e+02   6.2359326e-03   1.3218750e-01   4.6467063e-03
   1.4159228e+02   6.1840192e-03   1.3204859e-01   4.5788582e-03
   1.4217681e+02   6.1328903e-03   1.3191011e-01   4.5126956e-03
   1.4276134e+02   6.0825436e-03   1.3177204e-01   4.4482115e-03
   1.4334587e+02   6.0329768e-03   1.3163441e-01   4.3853990e-03
   1.4393040e+02   5.9841879e-03   1.3149722e-01   4.3242512e-03
   1.4451493e+02   5.9361745e-03   1.3136047e-01   4.2647610e-03
   1.4509946e+02   5.8889343e-03   1.3122417e-01   4.2069216e-03
   1.4568399e+02   5.8424653e-03   1.3108832e-01   4.1507260e-03
   1.4626852e+02   5.7967650e-03   1.3095294e-01   4.0961672e-03
   1.4685305e+02   5.7518314e-03   1.3081803e-01   4.0432384e-03
   1.4743758e+02   5.7076621e-03   1.3068359e-01   3.9919326e-03
   1.4802211e+02   5.6642550e-03   1.3054963e-01   3.9422429e-03
   1.4860664e+02   5.6216077e-03   1.3041616e-01   3.8941622e-03
   1.4919117e+02   5.5797181e-03   1.3028318e-01   3.8476838e-03
   1.4977570e+02   5.5385839e-03   1.3015070e-01   3.8028005e-03
   1.5036023e+02   5.4980683e-03   1.3001868e-01   3.7592373e-03
   1.5094477e+02   5.4576519e-03   1.2988692e-01   3.7159535e-03
   1.5152930e+02   5.4172914e-03   1.2975540e-01   3.6728525e-03
   1.5211383e+02   5.3769958e-03   1.2962413e-01   3.6299423e-03
   1.5269836e+02   5.3367742e-03   1.2949311e-01   3.5872308e-03
   1.5328289e+02   5.2966355e-03   1.2936233e-01   3.5447259e-03
   1.5386742e+02   5.2565889e-03   1.2923180e-01   3.5024355e-03
   1.5445195e+02   5.2166435e-03   1.2910152e-01   3.4603675e-03
   1.5503648e+02   5.1768083e-03   1.2897149e-01   3.4185298e-03
   1.5562101e+02   5.1370923e-03   1.2884171e-01   3.3769304e-03
   1.5620554e+02   5.0975046e-03   1.2871219e-01   3.3355770e-03
   1.5679007e+02   5.0580542e-03   1.2858292e-01   3.2944778e-03
   1.5737460e+02   5.0187503e-03   1.2845390e-01   3.2536405e-03
   1.5795913e+02   4.9796019e-03   1.2832514e-01   3.2130730e-03
   1.5854366e+02   4.9406180e-03   1.2819663e-01   3.1727833e-03
   1.5912819e+02   4.9018077e-03   1.2806838e-01   3.1327793e-03
   1.5971272e+02   4.8631801e-03   1.2794039e-01   3.0930688e-03
   1.6029725e+02   4.8247442e-03   1.2781266e-01   3.0536599e-03
   1.6088178e+02   4.7865090e-03   1.2768520e-01   3.0145603e-03
   1.6146631e+02   4.7484837e-03   1.2755799e-01   2.9757780e-03
   1.6205084e+02   4.7106773e-03   1.2743104e-01   2.9373210e-03
   1.6263537e+02   4.6730988e-03   1.2730436e-01   2.8991971e-03
   1.6321990e+02   4.6357573e-03   1.2717794e-01   2.8614142e-03
   1.6380443e+02   4.5986619e-03   1.2705179e-01   2.8239802e-03
   1.6438896e+02   4.5618216e-03   1.2692591e-01   2.7869031e-03
   1.6497349e+02   4.5252455e-03   1.2680029e-01   2.7501907e-03
   1.6555802e+02   4.4889426e-03   1.2667494e-01   2.7138510e-03
   1.6614255e+02   4.4529220e-03   1.2654987e-01   2.6778918e-03
   1.6672708e+02   4.4171928e-03   1.2642506e-01   2.6423211e-03
   1.6731161e+02   4.3817640e-03   1.2630052e-01   2.6071468e-03
   1.6789614e+02   4.3466446e-03   1.2617626e-01   2.5723768e-03
   1.6848068e+02   4.3118438e-03   1.2605227e-01   2.5380190e-03
   1.6906521e+02   4.2773706e-03   1.2592856e-01   2.5040812e-03
   1.6964974e+02   4.2432340e-03   1.2580512e-01   2.4705715e-03
   1.7023427e+02   4.2094431e-03   1.2568196e-01   2.4374977e-03
   1.7081880e+02   4.1760070e-03   1.2555907e-01   2.4048677e-03
   1.7140333e+02   4.1429346e-03   1.2543647e-01   2.3726895e-03
   1.7198786e+02   4.1102352e-03   1.2531414e-01   2.3409709e-03
   1.7257239e+02   4.0779177e-03   1.2519210e-01   2.3097198e-03
   1.7315692e+02   4.0459912e-03   1.2507034e-01   2.2789442e-03
   1.7374145e+02   4.0144648e-03   1.2494886e-01   2.2486520e-03
   1.7432598e+02   3.9833475e-03   1.2482766e-01   2.2188510e-03
   1.7491051e+02   3.9526483e-03   1.2470675e-01   2.1895492e-03
   1.7549504e+02   3.9223763e-03   1.2458613e-01   2.1607545e-03
   1.7607957e+02   3.8925407e-03   1.2446579e-01   2.1324748e-03
   1.7666410e+02   3.8631504e-03   1.2434574e-01   2.1047180e-03
   1.7724863e+02   3.8342145e-03   1.2422598e-01   2.0774920e-03
   1.7783316e+02   3.8057420e-03   1.2410651e-01   2.0508047e-03
   1.7841769e+02   3.7777421e-03   1.2398733e-01   2.0246640e-03
   1.7900222e+02   3.7502237e-03   1.2386845e-01   1.9990779e-03
   1.7958675e+02   3.7231960e-03   1.2374985e-01   1.9740542e-03
   1.8017128e+02   3.6966680e-03   1.2363156e-01   1.9496008e-03
   1.8075581e+02   3.6706487e-03   1.2351355e-01   1.9257257e-03
   1.8134034e+02   3.6451472e-03   1.2339584e-01   1.9024368e-03
   1.8192487e+02   3.6201726e-03   1.2327843e-01   1.8797419e-03
   1.8250940e+02   3.5957340e-03   1.2316132e-01   1.8576490e-03
   1.8309393e+02   3.5718403e-03   1.2304451e-01   1.8361660e-03
   1.8367846e+02   3.5485006e-03   1.2292799e-01   1.8153008e-03
   1.8426299e+02   3.5257240e-03   1.2281178e-01   1.7950613e-03
   1.8484752e+02   3.5035197e-03   1.2269587e-01   1.7754553e-03
   1.8543205e+02   3.4818965e-03   1.2258027e-01   1.7564909e-03
   1.8601659e+02   3.4608636e-03   1.2246496e-01   1.7381760e-03
   1.8660112e+02   3.4404300e-03   1.2234997e-01   1.7205183e-03
   1.8718565e+02   3.4206048e-03   1.2223528e-01   1.7035259e-03
   1.8777018e+02   3.4013971e-03   1.2212089e-01   1.6872066e-03
   1.8835471e+02   3.3828159e-03   1.2200682e-01   1.6715684e-03
   1.8893924e+02   3.3648702e-03   1.2189306e-01   1.6566191e-03
   1.8952377e+02   3.3475692e-03   1.2177960e-01   1.6423667e-03
   1.9010830e+02   3.3309218e-03   1.2166646e-01   1.6288191e-03
   1.9069283e+02   3.3149372e-03   1.2155363e-01   1.6159842e-03
   1.9127736e+02   3.2996244e-03   1.2144111e-01   1.6038698e-03
   1.9186189e+02   3.2849924e-03   1.2132891e-01   1.5924840e-03
   1.9244642e+02   3.2710504e-03   1.2121702e-01   1.5818345e-03
   1.9303095e+02   3.2578073e-03   1.2110545e-01   1.5719294e-03
   1.9361548e+02   3.2452722e-03   1.2099420e-01   1.5627765e-03
   1.9420001e+02   3.2334543e-03   1.2088326e-01   1.5543837e-03
   1.9478454e+02   3.2223625e-03   1.2077265e-01   1.5467590e-03
   1.9536907e+02   3.2120059e-03   1.2066235e-01   1.5399102e-03
   1.9595360e+02   3.2023935e-03   1.2055238e-01   1.5338452e-03
   1.9653813e+02   3.1935345e-03   1.2044273e-01   1.5285720e-03
   1.9712266e+02   3.1854379e-03   1.2033340e-01   1.5240985e-03
   1.9770719e+02   3.1781127e-03   1.2022440e-01   1.5204325e-03
   1.9829172e+02   3.1715680e-03   1.2011573e-01   1.5175820e-03
   1.9887625e+02   3.1658129e-03   1.2000738e-01   1.5155549e-03
   1.9946078e+02   3.1608563e-03   1.1989936e-01   1.5143591e-03
   2.0004531e+02   3.1567075e-03   1.1979166e-01   1.5140025e-03
   2.0062984e+02   3.1533753e-03   1.1968430e-01   1.5144931e-03
   2.0121437e+02   3.1508690e-03   1.1957727e-01   1.5158386e-03
   2.0179890e+02   3.1491975e-03   1.1947057e-01   1.5180471e-03
   2.0238343e+02   3.1483699e-03   1.1936420e-01   1.5211264e-03
   2.0296796e+02   3.1483953e-03   1.1925817e-01   1.5250844e-03
   2.0355250e+02   3.1492826e-03   1.1915247e-01   1.5299291e-03
   2.0413703e+02   3.1510411e-03   1.1904710e-01   1.5356683e-03
   2.0472156e+02   3.1536797e-03   1.1894208e-01   1.5423100e-03
   2.0530609e+02   3.1572075e-03   1.1883739e-01   1.5498621e-03
   2.0589062e+02   3.1616336e-03   1.1873304e-01   1.5583325e-03
   2.0647515e+02   3.1669669e-03   1.1862903e-01   1.5677290e-03
   2.0705968e+02   3.1732167e-03   1.1852536e-01   1.5780596e-03
   2.0764421e+02   3.1803918e-03   1.1842204e-01   1.5893323e-03
   2.0822874e+02   3.1885015e-03   1.1831905e-01   1.6015548e-03
   2.0881327e+02   3.1975547e-03   1.1821641e-01   1.6147352e-03
   2.0939780e+02   3.2075604e-03   1.1811412e-01   1.6288813e-03
   2.0998233e+02   3.2185279e-03   1.1801217e-01   1.6440010e-03
   2.1056686e+02   3.2304661e-03   1.1791057e-01   1.6601023e-03
   2.1115139e+02   3.2433840e-03   1.1780932e-01   1.6771930e-03
   2.1173592e+02   3.2572908e-03   1.1770841e-01   1.6952811e-03
   2.1232045e+02   3.2721955e-03   1.1760786e-01   1.7143744e-03
   2.1290498e+02   3.2881071e-03   1.1750766e-01   1.7344809e-03
   2.1348951e+02   3.3050347e-03   1.1740781e-01   1.7556085e-03
   2.1407404e+02   3.3229874e-03   1.1730831e-01   1.7777650e-03
   2.1465857e+02   3.3419743e-03   1.1720916e-01   1.8009585e-03
   2.1524310e+02   3.3620043e-03   1.1711038e-01   1.8251967e-03
   2.1582763e+02   3.3830865e-03   1.1701194e-01   1.8504877e-03
   2.1641216e+02   3.4052301e-03   1.1691387e-01   1.8768393e-03
   2.1699669e+02   3.4284440e-03   1.1681615e-01   1.9042594e-03
   2.1758122e+02   3.4527374e-03   1.1671880e-01   1.9327559e-03
   2.1816575e+02   3.4781192e-03   1.1662180e-01   1.9623368e-03
   2.1875028e+02   3.5045985e-03   1.1652516e-01   1.9930099e-03
   2.1933481e+02   3.5321844e-03   1.1642889e-01   2.0247832e-03
   2.1991934e+02   3.5608860e-03   1.1633298e-01   2.0576645e-03
   2.2050387e+02   3.5907123e-03   1.1623744e-01   2.0916618e-03
   2.2108841e+02   3.6216724e-03   1.1614226e-01   2.1267830e-03
   2.2167294e+02   3.6537753e-03   1.1604744e-01   2.1630359e-03
   2.2225747e+02   3.6870300e-03   1.1595300e-01   2.2004286e-03
   2.2284200e+02   3.7214457e-03   1.1585892e-01   2.2389688e-03
   2.2342653e+02   3.7570314e-03   1.1576521e-01   2.2786646e-03
   2.2401106e+02   3.7937962e-03   1.1567187e-01   2.3195237e-03
   2.2459559e+02   3.8317491e-03   1.1557890e-01   2.3615542e-03
   2.2518012e+02   3.8708991e-03   1.1548631e-01   2.4047639e-03
   2.2576465e+02   3.9112554e-03   1.1539409e-01   2.4491608e-03
   2.2634918e+02   3.9528270e-03   1.1530224e-01   2.4947527e-03
   2.2693371e+02   3.9956229e-03   1.1521077e-01   2.5415476e-03
   2.2751824e+02   4.0396522e-03   1.1511968e-01   2.5895533e-03
   2.2810277e+02   4.0849240e-03   1.1502896e-01   2.6387777e-03
   2.2868730e+02   4.1314473e-03   1.1493863e-01   2.6892289e-03
   2.2927183e+02   4.1792312e-03   1.1484867e-01   2.7409146e-03
   2.2985636e+02   4.2282848e-03   1.1475909e-01   2.7938429e-03
   2.3044089e+02   4.2786170e-03   1.1466990e-01   2.8480215e-03
   2.3102542e+02   4.3302370e-03   1.1458108e-01   2.9034584e-03
   2.3160995e+02   4.3831538e-03   1.1449265e-01   2.9601616e-03
   2.3219448e+02   4.4373765e-03   1.1440461e-01   3.0181388e-03
   2.3277901e+02   4.4929141e-03   1.1431695e-01   3.0773981e-03
   2.3336354e+02   4.5497757e-03   1.1422968e-01   3.1379473e-03
   2.3394807e+02   4.6079703e-03   1.1414279e-01   3.1997944e-03
   2.3453260e+02   4.6675071e-03   1.1405630e-01   3.2629472e-03
   2.3511713e+02   4.7283950e-03   1.1397019e-01   3.3274137e-03
   2.3570166e+02   4.7906431e-03   1.1388448e-01   3.3932017e-03
   2.3628619e+02   4.8542605e-03   1.1379915e-01   3.4603192e-03
   2.3687072e+02   4.9192563e-03   1.1371422e-01   3.5287741e-03
   2.3745525e+02   4.9856394e-03   1.1362969e-01   3.5985743e-03
   2.3803978e+02   5.0534190e-03   1.1354555e-01   3.6697277e-03
   2.3862432e+02   5.1226041e-03   1.1346180e-01   3.7422422e-03
   2.3920885e+02   5.1932038e-03   1.1337845e-01   3.8161257e-03
   2.3979338e+02   5.2652271e-03   1.1329550e-01   3.8913861e-03
   2.4037791e+02   5.3386831e-03   1.1321295e-01   3.9680313e-03
   2.4096244e+02   5.4135808e-03   1.1313080e-01   4.0460693e-03
   2.4154697e+02   5.4899294e-03   1.1304905e-01   4.1255079e-03
   2.4213150e+02   5.5677378e-03   1.1296770e-01   4.2063551e-03
   2.4271603e+02   5.6470151e-03   1.1288675e-01   4.2886187e-03
   2.4330056e+02   5.7277704e-03   1.1280621e-01   4.3723067e-03
   2.4388509e+02   5.8100127e-03   1.1272607e-01   4.4574269e-03
   2.4446962e+02   5.8937512e-03   1.1264634e-01   4.5439874e-03
   2.4505415e+02   5.9789947e-03   1.1256702e-01   4.6319959e-03
   2.4563868e+02   6.0657525e-03   1.1248810e-01   4.7214604e-03
   2.4622321e+02   6.1540336e-03   1.1240960e-01   4.8123888e-03
   2.4680774e+02   6.2438470e-03   1.1233150e-01   4.9047890e-03
   2.4739227e+02   6.3352018e-03   1.1225382e-01   4.9986690e-03
   2.4797680e+02   6.4281070e-03   1.1217654e-01   5.0940366e-03
   2.4856133e+02   6.5225717e-03   1.1209968e-01   5.1908997e-03
   2.4914586e+02   6.6186050e-03   1.1202324e-01   5.2892662e-03
   2.4973039e+02   6.7162159e-03   1.1194721e-01   5.3891441e-03
   2.5031492e+02   6.8154134e-03   1.1187159e-01   5.4905412e-03
   2.5089945e+02   6.9162068e-03   1.1179640e-01   5.5934655e-03
   2.5148398e+02   7.0186049e-03   1.1172162e-01   5.6979249e-03
   2.5206851e+02   7.1226168e-03   1.1164726e-01   5.8039273e-03
   2.5265304e+02   7.2282517e-03   1.1157332e-01   5.9114805e-03
   2.5323757e+02   7.3355185e-03   1.1149981e-01   6.0205925e-03
   2.5382210e+02   7.4444263e-03   1.1142671e-01   6.1312713e-03
   2.5440663e+02   7.5549843e-03   1.1135404e-01   6.2435246e-03
   2.5499116e+02   7.6672014e-03   1.1128179e-01   6.3573605e-03
   2.5557569e+02   7.7810866e-03   1.1120997e-01   6.4727868e-03
   2.5616023e+02   7.8966492e-03   1.1113857e-01   6.5898114e-03
   2.5674476e+02   8.0138980e-03   1.1106761e-01   6.7084422e-03
   2.5732929e+02   8.1328422e-03   1.1099707e-01   6.8286872e-03
   2.5791382e+02   8.2534909e-03   1.1092696e-01   6.9505543e-03
   2.5849835e+02   8.3758531e-03   1.1085728e-01   7.0740513e-03
   2.5908288e+02   8.4999378e-03   1.1078803e-01   7.1991861e-03
   2.5966741e+02   8.6257541e-03   1.1071921e-01   7.3259668e-03
   2.6025194e+02   8.7533110e-03   1.1065083e-01   7.4544011e-03
   2.6083647e+02   8.8826177e-03   1.1058289e-01   7.5844971e-03
   2.6142100e+02   9.0136832e-03   1.1051537e-01   7.7162625e-03
   2.6200553e+02   9.1465165e-03   1.1044830e-01   7.8497053e-03
   2.6259006e+02   9.2811267e-03   1.1038166e-01   7.9848335e-03
   2.6317459e+02   9.4175229e-03   1.1031546e-01   8.1216549e-03
   2.6375912e+02   9.5557141e-03   1.1024970e-01   8.2601774e-03
   2.6434365e+02   9.6957094e-03   1.1018439e-01   8.4004089e-03
   2.6492818e+02   9.8375178e-03   1.1011951e-01   8.5423574e-03
   2.6551271e+02   9.9811483e-03   1.1005507e-01   8.6860307e-03
   2.6609724e+02   1.0126610e-02   1.0999108e-01   8.8314368e-03
   2.6668177e+02   1.0273912e-02   1.0992754e-01   8.9785836e-03
   2.6726630e+02   1.0423064e-02   1.0986444e-01   9.1274789e-03
   2.6785083e+02   1.0574074e-02   1.0980179e-01   9.2781307e-03
   2.6843536e+02   1.0726951e-02   1.0973958e-01   9.4305469e-03
   2.6901989e+02   1.0881705e-02   1.0967782e-01   9.5847354e-03
   2.6960442e+02   1.1038345e-02   1.0961652e-01   9.7407042e-03
   2.7018895e+02   1.1196879e-02   1.0955566e-01   9.8984610e-03
   2.7077348e+02   1.1357317e-02   1.0949526e-01   1.0058014e-02
   2.7135801e+02   1.1519667e-02   1.0943531e-01   1.0219371e-02
   2.7194254e+02   1.1683940e-02   1.0937581e-01   1.0382539e-02
   2.7252707e+02   1.1850143e-02   1.0931677e-01   1.0547528e-02
   2.7311160e+02   1.2018287e-02   1.0925818e-01   1.0714344e-02
   2.7369614e+02   1.2188379e-02   1.0920005e-01   1.0882995e-02
   2.7428067e+02   1.2360429e-02   1.0914238e-01   1.1053490e-02
   2.7486520e+02   1.2534447e-02   1.0908517e-01   1.1225837e-02
   2.7544973e+02   1.2710441e-02   1.0902842e-01   1.1400042e-02
   2.7603426e+02   1.2888420e-02   1.0897212e-01   1.1576115e-02
   2.7661879e+02   1.3068393e-02   1.0891630e-01   1.1754063e-02
   2.7720332e+02   1.3250369e-02   1.0886093e-01   1.1933894e-02
   2.7778785e+02   1.3434358e-02   1.0880603e-01   1.2115616e-02
   2.7837238e+02   1.3620369e-02   1.0875159e-01   1.2299237e-02
   2.7895691e+02   1.3808410e-02   1.0869762e-01   1.2484764e-02
   2.7954144e+02   1.3998490e-02   1.0864412e-01   1.2672206e-02
   2.8012597e+02   1.4190620e-02   1.0859108e-01   1.2861571e-02
   2.8071050e+02   1.4384807e-02   1.0853851e-01   1.3052866e-02
   2.8129503e+02   1.4581060e-02   1.0848642e-01   1.3246099e-02
   2.8187956e+02   1.4779390e-02   1.0843479e-01   1.3441279e-02
   2.8246409e+02   1.4979804e-02   1.0838364e-01   1.3638413e-02
   2.8304862e+02   1.5182312e-02   1.0833296e-01   1.3837509e-02
   2.8363315e+02   1.5386924e-02   1.0828276e-01   1.4038574e-02
   2.8421768e+02   1.5593647e-02   1.0823302e-01   1.4241618e-02
   2.8480221e+02   1.5802492e-02   1.0818377e-01   1.4446648e-02
   2.8538674e+02   1.6013466e-02   1.0813499e-01   1.4653671e-02
   2.8597127e+02   1.6226580e-02   1.0808670e-01   1.4862696e-02
   2.8655580e+02   1.6441842e-02   1.0803888e-01   1.5073731e-02
   2.8714033e+02   1.6659262e-02   1.0799154e-01   1.5286782e-02
   2.8772486e+02   1.6878848e-02   1.0794468e-01   1.5501860e-02
   2.8830939e+02   1.7100609e-02   1.0789831e-01   1.5718970e-02
   2.8889392e+02   1.7324555e-02   1.0785242e-01   1.5938122e-02
   2.8947845e+02   1.7550694e-02   1.0780701e-01   1.6159323e-02
   2.9006298e+02   1.7779036e-02   1.0776209e-01   1.6382580e-02
   2.9064751e+02   1.8009590e-02   1.0771765e-01   1.6607903e-02
   2.9123205e+02   1.8242365e-02   1.0767371e-01   1.6835298e-02
   2.9181658e+02   1.8477369e-02   1.0763025e-01   1.7064774e-02
   2.9240111e+02   1.8714612e-02   1.0758728e-01   1.7296339e-02
   2.9298564e+02   1.8954103e-02   1.0754480e-01   1.7530000e-02
   2.9357017e+02   1.9195852e-02   1.0750281e-01   1.7765765e-02
   2.9415470e+02   1.9439866e-02   1.0746132e-01   1.8003643e-02
   2.9473923e+02   1.9686155e-02   1.0742032e-01   1.8243641e-02
   2.9532376e+02   1.9934728e-02   1.0737981e-01   1.8485768e-02
   2.9590829e+02   2.0185595e-02   1.0733980e-01   1.8730030e-02
   2.9649282e+02   2.0438764e-02   1.0730028e-01   1.8976436e-02
   2.9707735e+02   2.0694244e-02   1.0726127e-01   1.9224994e-02
   2.9766188e+02   2.0952045e-02   1.0722275e-01   1.9475712e-02
   2.9824641e+02   2.1212175e-02   1.0718473e-01   1.9728598e-02
   2.9883094e+02   2.1474643e-02   1.0714721e-01   1.9983659e-02
   2.9941547e+02   2.1739459e-02   1.0711020e-01   2.0240903e-02
   3.0000000e+02   2.2006632e-02   1.0707368e-01   2.0500339e-02
