# Cu
# rho 8.96 Z 29
   8.9790000e+00   1.6460000e+00   7.1620000e-02   2.7660000e+02
   9.5485127e+00   1.5295292e+00   7.4881623e-02   2.3870068e+02
   1.0118025e+01   1.4322052e+00   7.7820378e-02   2.0957656e+02
   1.0687538e+01   1.3491129e+00   8.0528447e-02   1.8675434e+02
   1.1257051e+01   1.2706984e+00   8.3155173e-02   1.6554981e+02
   1.1826564e+01   1.1970736e+00   8.5689522e-02   1.4605634e+02
   1.2396076e+01   1.1283504e+00   8.8120463e-02   1.2836726e+02
   1.2965589e+01   1.0646409e+00   9.0436960e-02   1.1257595e+02
   1.3535102e+01   1.0060570e+00   9.2627981e-02   9.8775728e+01
   1.4104614e+01   9.5271074e-01   9.4682492e-02   8.7059964e+01
   1.4674127e+01   9.0471406e-01   9.6589461e-02   7.7522001e+01
   1.5243640e+01   8.6192250e-01   9.8346350e-02   7.0096993e+01
   1.5813153e+01   8.2229302e-01   1.0001432e-01   6.3555470e+01
   1.6382665e+01   7.8529021e-01   1.0160602e-01   5.7609713e+01
   1.6952178e+01   7.5082657e-01   1.0311936e-01   5.2249351e+01
   1.7521691e+01   7.1881458e-01   1.0455227e-01   4.7464014e+01
   1.8091204e+01   6.8916671e-01   1.0590267e-01   4.3243330e+01
   1.8660716e+01   6.6179546e-01   1.0716848e-01   3.9576929e+01
   1.9230229e+01   6.3661330e-01   1.0834764e-01   3.6454441e+01
   1.9799742e+01   6.1353273e-01   1.0943805e-01   3.3865496e+01
   2.0369254e+01   5.9220731e-01   1.1045182e-01   3.1713730e+01
   2.0938767e+01   5.7168881e-01   1.1143652e-01   2.9694764e+01
   2.1508280e+01   5.5189144e-01   1.1239548e-01   2.7781188e+01
   2.2077793e+01   5.3280723e-01   1.1332790e-01   2.5971057e+01
   2.2647305e+01   5.1442817e-01   1.1423296e-01   2.4262428e+01
   2.3216818e+01   4.9674628e-01   1.1510985e-01   2.2653357e+01
   2.3786331e+01   4.7975358e-01   1.1595777e-01   2.1141900e+01
   2.4355843e+01   4.6344206e-01   1.1677590e-01   1.9726112e+01
   2.4925356e+01   4.4780375e-01   1.1756344e-01   1.8404050e+01
   2.5494869e+01   4.3283064e-01   1.1831957e-01   1.7173770e+01
   2.6064382e+01   4.1851477e-01   1.1904350e-01   1.6033328e+01
   2.6633894e+01   4.0484812e-01   1.1973440e-01   1.4980780e+01
   2.7203407e+01   3.9182272e-01   1.2039147e-01   1.4014182e+01
   2.7772920e+01   3.7943058e-01   1.2101389e-01   1.3131589e+01
   2.8342432e+01   3.6766370e-01   1.2160087e-01   1.2331058e+01
   2.8911945e+01   3.5651409e-01   1.2215159e-01   1.1610646e+01
   2.9481458e+01   3.4597378e-01   1.2266524e-01   1.0968407e+01
   3.0050971e+01   3.3603376e-01   1.2314112e-01   1.0402209e+01
   3.0620483e+01   3.2654035e-01   1.2359363e-01   9.8828914e+00
   3.1189996e+01   3.1738167e-01   1.2403311e-01   9.3899247e+00
   3.1759509e+01   3.0854972e-01   1.2445922e-01   8.9224996e+00
   3.2329022e+01   3.0003649e-01   1.2487156e-01   8.4798059e+00
   3.2898534e+01   2.9183395e-01   1.2526978e-01   8.0610337e+00
   3.3468047e+01   2.8393411e-01   1.2565351e-01   7.6653731e+00
   3.4037560e+01   2.7632894e-01   1.2602238e-01   7.2920140e+00
   3.4607072e+01   2.6901044e-01   1.2637602e-01   6.9401464e+00
   3.5176585e+01   2.6197058e-01   1.2671406e-01   6.6089604e+00
   3.5746098e+01   2.5520137e-01   1.2703613e-01   6.2976459e+00
   3.6315611e+01   2.4869478e-01   1.2734187e-01   6.0053931e+00
   3.6885123e+01   2.4244280e-01   1.2763091e-01   5.7313918e+00
   3.7454636e+01   2.3643742e-01   1.2790287e-01   5.4748321e+00
   3.8024149e+01   2.3067063e-01   1.2815739e-01   5.2349041e+00
   3.8593661e+01   2.2513442e-01   1.2839411e-01   5.0107977e+00
   3.9163174e+01   2.1982077e-01   1.2861264e-01   4.8017030e+00
   3.9732687e+01   2.1472166e-01   1.2881263e-01   4.6068099e+00
   4.0302200e+01   2.0982231e-01   1.2899624e-01   4.4245757e+00
   4.0871712e+01   2.0508023e-01   1.2917640e-01   4.2505307e+00
   4.1441225e+01   2.0048618e-01   1.2935418e-01   4.0838813e+00
   4.2010738e+01   1.9603641e-01   1.2952864e-01   3.9244298e+00
   4.2580250e+01   1.9172714e-01   1.2969885e-01   3.7719785e+00
   4.3149763e+01   1.8755460e-01   1.2986387e-01   3.6263297e+00
   4.3719276e+01   1.8351504e-01   1.3002277e-01   3.4872858e+00
   4.4288789e+01   1.7960468e-01   1.3017462e-01   3.3546491e+00
   4.4858301e+01   1.7581976e-01   1.3031847e-01   3.2282217e+00
   4.5427814e+01   1.7215650e-01   1.3045341e-01   3.1078062e+00
   4.5997327e+01   1.6861115e-01   1.3057848e-01   2.9932047e+00
   4.6566840e+01   1.6517993e-01   1.3069276e-01   2.8842195e+00
   4.7136352e+01   1.6185908e-01   1.3079530e-01   2.7806530e+00
   4.7705865e+01   1.5864483e-01   1.3088519e-01   2.6823075e+00
   4.8275378e+01   1.5553341e-01   1.3096148e-01   2.5889852e+00
   4.8844890e+01   1.5252107e-01   1.3102323e-01   2.5004885e+00
   4.9414403e+01   1.4960402e-01   1.3106952e-01   2.4166197e+00
   4.9983916e+01   1.4677851e-01   1.3109940e-01   2.3371811e+00
   5.0553429e+01   1.4402866e-01   1.3111988e-01   2.2610944e+00
   5.1122941e+01   1.4134010e-01   1.3113945e-01   2.1873207e+00
   5.1692454e+01   1.3871354e-01   1.3115808e-01   2.1158811e+00
   5.2261967e+01   1.3614969e-01   1.3117573e-01   2.0467978e+00
   5.2831479e+01   1.3364928e-01   1.3119237e-01   1.9800928e+00
   5.3400992e+01   1.3121302e-01   1.3120797e-01   1.9157880e+00
   5.3970505e+01   1.2884164e-01   1.3122248e-01   1.8539056e+00
   5.4540018e+01   1.2653585e-01   1.3123587e-01   1.7944676e+00
   5.5109530e+01   1.2429638e-01   1.3124809e-01   1.7374960e+00
   5.5679043e+01   1.2212394e-01   1.3125912e-01   1.6830128e+00
   5.6248556e+01   1.2001925e-01   1.3126892e-01   1.6310401e+00
   5.6818068e+01   1.1798304e-01   1.3127745e-01   1.5816000e+00
   5.7387581e+01   1.1601602e-01   1.3128467e-01   1.5347144e+00
   5.7957094e+01   1.1411892e-01   1.3129055e-01   1.4904054e+00
   5.8526607e+01   1.1229244e-01   1.3129504e-01   1.4486951e+00
   5.9096119e+01   1.1053732e-01   1.3129812e-01   1.4096054e+00
   5.9665632e+01   1.0885427e-01   1.3129974e-01   1.3731584e+00
   6.0235145e+01   1.0723987e-01   1.3129958e-01   1.3392047e+00
   6.0804658e+01   1.0565843e-01   1.3129511e-01   1.3062645e+00
   6.1374170e+01   1.0410152e-01   1.3128592e-01   1.2739899e+00
   6.1943683e+01   1.0256902e-01   1.3127217e-01   1.2423781e+00
   6.2513196e+01   1.0106080e-01   1.3125404e-01   1.2114263e+00
   6.3082708e+01   9.9576744e-02   1.3123170e-01   1.1811318e+00
   6.3652221e+01   9.8116744e-02   1.3120534e-01   1.1514916e+00
   6.4221734e+01   9.6680678e-02   1.3117513e-01   1.1225032e+00
   6.4791247e+01   9.5268429e-02   1.3114125e-01   1.0941637e+00
   6.5360759e+01   9.3879880e-02   1.3110386e-01   1.0664703e+00
   6.5930272e+01   9.2514913e-02   1.3106316e-01   1.0394203e+00
   6.6499785e+01   9.1173412e-02   1.3101930e-01   1.0130109e+00
   6.7069297e+01   8.9855259e-02   1.3097248e-01   9.8723927e-01
   6.7638810e+01   8.8560336e-02   1.3092286e-01   9.6210273e-01
   6.8208323e+01   8.7288527e-02   1.3087062e-01   9.3759847e-01
   6.8777836e+01   8.6039714e-02   1.3081594e-01   9.1372372e-01
   6.9347348e+01   8.4813780e-02   1.3075900e-01   8.9047571e-01
   6.9916861e+01   8.3610608e-02   1.3069996e-01   8.6785167e-01
   7.0486374e+01   8.2430080e-02   1.3063901e-01   8.4584882e-01
   7.1055886e+01   8.1272078e-02   1.3057632e-01   8.2446439e-01
   7.1625399e+01   8.0136487e-02   1.3051206e-01   8.0369561e-01
   7.2194912e+01   7.9023188e-02   1.3044643e-01   7.8353972e-01
   7.2764425e+01   7.7932064e-02   1.3037958e-01   7.6399392e-01
   7.3333937e+01   7.6862998e-02   1.3031169e-01   7.4505547e-01
   7.3903450e+01   7.5815873e-02   1.3024295e-01   7.2672157e-01
   7.4472963e+01   7.4790571e-02   1.3017353e-01   7.0898947e-01
   7.5042476e+01   7.3786975e-02   1.3010359e-01   6.9185639e-01
   7.5611988e+01   7.2804968e-02   1.3003333e-01   6.7531955e-01
   7.6181501e+01   7.1844432e-02   1.2996292e-01   6.5937619e-01
   7.6751014e+01   7.0905251e-02   1.2989252e-01   6.4402353e-01
   7.7320526e+01   6.9987307e-02   1.2982233e-01   6.2925881e-01
   7.7890039e+01   6.9090482e-02   1.2975251e-01   6.1507924e-01
   7.8459552e+01   6.8214659e-02   1.2968323e-01   6.0148207e-01
   7.9029065e+01   6.7359722e-02   1.2961469e-01   5.8846450e-01
   7.9598577e+01   6.6525552e-02   1.2954704e-01   5.7602379e-01
   8.0168090e+01   6.5711574e-02   1.2948030e-01   5.6414094e-01
   8.0737603e+01   6.4910269e-02   1.2941168e-01   5.5255086e-01
   8.1307115e+01   6.4119105e-02   1.2934029e-01   5.4116212e-01
   8.1876628e+01   6.3338187e-02   1.2926624e-01   5.2997608e-01
   8.2446141e+01   6.2567622e-02   1.2918964e-01   5.1899407e-01
   8.3015654e+01   6.1807515e-02   1.2911062e-01   5.0821745e-01
   8.3585166e+01   6.1057971e-02   1.2902928e-01   4.9764757e-01
   8.4154679e+01   6.0319096e-02   1.2894574e-01   4.8728576e-01
   8.4724192e+01   5.9590995e-02   1.2886012e-01   4.7713339e-01
   8.5293705e+01   5.8873774e-02   1.2877253e-01   4.6719180e-01
   8.5863217e+01   5.8167538e-02   1.2868309e-01   4.5746234e-01
   8.6432730e+01   5.7472394e-02   1.2859191e-01   4.4794635e-01
   8.7002243e+01   5.6788445e-02   1.2849911e-01   4.3864519e-01
   8.7571755e+01   5.6115799e-02   1.2840481e-01   4.2956020e-01
   8.8141268e+01   5.5454560e-02   1.2830911e-01   4.2069273e-01
   8.8710781e+01   5.4804834e-02   1.2821214e-01   4.1204412e-01
   8.9280294e+01   5.4166726e-02   1.2811401e-01   4.0361573e-01
   8.9849806e+01   5.3540342e-02   1.2801484e-01   3.9540891e-01
   9.0419319e+01   5.2925788e-02   1.2791474e-01   3.8742500e-01
   9.0988832e+01   5.2323169e-02   1.2781382e-01   3.7966535e-01
   9.1558344e+01   5.1732590e-02   1.2771220e-01   3.7213131e-01
   9.2127857e+01   5.1154157e-02   1.2761000e-01   3.6482423e-01
   9.2697370e+01   5.0587975e-02   1.2750734e-01   3.5774545e-01
   9.3266883e+01   5.0034151e-02   1.2740432e-01   3.5089632e-01
   9.3836395e+01   4.9492789e-02   1.2730107e-01   3.4427820e-01
   9.4405908e+01   4.8963996e-02   1.2719769e-01   3.3789242e-01
   9.4975421e+01   4.8447875e-02   1.2709431e-01   3.3174035e-01
   9.5544933e+01   4.7944534e-02   1.2699104e-01   3.2582331e-01
   9.6114446e+01   4.7454078e-02   1.2688799e-01   3.2014268e-01
   9.6683959e+01   4.6976611e-02   1.2678528e-01   3.1469978e-01
   9.7253472e+01   4.6512241e-02   1.2668303e-01   3.0949597e-01
   9.7822984e+01   4.6061071e-02   1.2658135e-01   3.0453261e-01
   9.8392497e+01   4.5623208e-02   1.2648036e-01   2.9981102e-01
   9.8962010e+01   4.5198757e-02   1.2638017e-01   2.9533258e-01
   9.9531523e+01   4.4787823e-02   1.2628089e-01   2.9109861e-01
   1.0010104e+02   4.4390346e-02   1.2618263e-01   2.8710721e-01
   1.0067055e+02   4.3999516e-02   1.2608449e-01   2.8322525e-01
   1.0124006e+02   4.3611735e-02   1.2598599e-01   2.7938254e-01
   1.0180957e+02   4.3226997e-02   1.2588714e-01   2.7557895e-01
   1.0237909e+02   4.2845296e-02   1.2578794e-01   2.7181437e-01
   1.0294860e+02   4.2466627e-02   1.2568841e-01   2.6808869e-01
   1.0351811e+02   4.2090984e-02   1.2558855e-01   2.6440179e-01
   1.0408762e+02   4.1718361e-02   1.2548836e-01   2.6075356e-01
   1.0465714e+02   4.1348753e-02   1.2538787e-01   2.5714388e-01
   1.0522665e+02   4.0982155e-02   1.2528707e-01   2.5357264e-01
   1.0579616e+02   4.0618560e-02   1.2518597e-01   2.5003972e-01
   1.0636568e+02   4.0257963e-02   1.2508459e-01   2.4654501e-01
   1.0693519e+02   3.9900359e-02   1.2498292e-01   2.4308840e-01
   1.0750470e+02   3.9545742e-02   1.2488099e-01   2.3966976e-01
   1.0807421e+02   3.9194107e-02   1.2477879e-01   2.3628898e-01
   1.0864373e+02   3.8845447e-02   1.2467634e-01   2.3294595e-01
   1.0921324e+02   3.8499757e-02   1.2457364e-01   2.2964056e-01
   1.0978275e+02   3.8157032e-02   1.2447070e-01   2.2637269e-01
   1.1035226e+02   3.7817267e-02   1.2436754e-01   2.2314222e-01
   1.1092178e+02   3.7480454e-02   1.2426415e-01   2.1994904e-01
   1.1149129e+02   3.7146590e-02   1.2416054e-01   2.1679303e-01
   1.1206080e+02   3.6815668e-02   1.2405673e-01   2.1367408e-01
   1.1263032e+02   3.6487683e-02   1.2395272e-01   2.1059208e-01
   1.1319983e+02   3.6162629e-02   1.2384853e-01   2.0754691e-01
   1.1376934e+02   3.5840501e-02   1.2374415e-01   2.0453845e-01
   1.1433885e+02   3.5521292e-02   1.2363960e-01   2.0156659e-01
   1.1490837e+02   3.5204998e-02   1.2353488e-01   1.9863122e-01
   1.1547788e+02   3.4891613e-02   1.2343001e-01   1.9573222e-01
   1.1604739e+02   3.4581132e-02   1.2332499e-01   1.9286947e-01
   1.1661690e+02   3.4273548e-02   1.2321983e-01   1.9004287e-01
   1.1718642e+02   3.3968856e-02   1.2311454e-01   1.8725229e-01
   1.1775593e+02   3.3667050e-02   1.2300912e-01   1.8449762e-01
   1.1832544e+02   3.3368126e-02   1.2290359e-01   1.8177875e-01
   1.1889495e+02   3.3072077e-02   1.2279795e-01   1.7909556e-01
   1.1946447e+02   3.2778898e-02   1.2269221e-01   1.7644794e-01
   1.2003398e+02   3.2488583e-02   1.2258638e-01   1.7383577e-01
   1.2060349e+02   3.2201127e-02   1.2248046e-01   1.7125894e-01
   1.2117301e+02   3.1916523e-02   1.2237448e-01   1.6871732e-01
   1.2174252e+02   3.1634768e-02   1.2226842e-01   1.6621082e-01
   1.2231203e+02   3.1355854e-02   1.2216231e-01   1.6373931e-01
   1.2288154e+02   3.1079776e-02   1.2205615e-01   1.6130267e-01
   1.2345106e+02   3.0806529e-02   1.2194994e-01   1.5890080e-01
   1.2402057e+02   3.0536108e-02   1.2184371e-01   1.5653358e-01
   1.2459008e+02   3.0268506e-02   1.2173744e-01   1.5420089e-01
   1.2515959e+02   3.0003718e-02   1.2163116e-01   1.5190262e-01
   1.2572911e+02   2.9741738e-02   1.2152487e-01   1.4963865e-01
   1.2629862e+02   2.9482561e-02   1.2141858e-01   1.4740887e-01
   1.2686813e+02   2.9226182e-02   1.2131230e-01   1.4521317e-01
   1.2743765e+02   2.8972594e-02   1.2120603e-01   1.4305142e-01
   1.2800716e+02   2.8721792e-02   1.2109979e-01   1.4092352e-01
   1.2857667e+02   2.8473771e-02   1.2099358e-01   1.3882934e-01
   1.2914618e+02   2.8228524e-02   1.2088740e-01   1.3676879e-01
   1.2971570e+02   2.7986047e-02   1.2078128e-01   1.3474173e-01
   1.3028521e+02   2.7746334e-02   1.2067521e-01   1.3274805e-01
   1.3085472e+02   2.7509379e-02   1.2056921e-01   1.3078765e-01
   1.3142423e+02   2.7275177e-02   1.2046328e-01   1.2886040e-01
   1.3199375e+02   2.7043721e-02   1.2035743e-01   1.2696619e-01
   1.3256326e+02   2.6815007e-02   1.2025168e-01   1.2510491e-01
   1.3313277e+02   2.6589029e-02   1.2014601e-01   1.2327644e-01
   1.3370229e+02   2.6365782e-02   1.2004046e-01   1.2148066e-01
   1.3427180e+02   2.6145258e-02   1.1993502e-01   1.1971746e-01
   1.3484131e+02   2.5927455e-02   1.1982970e-01   1.1798674e-01
   1.3541082e+02   2.5712364e-02   1.1972451e-01   1.1628836e-01
   1.3598034e+02   2.5499982e-02   1.1961946e-01   1.1462222e-01
   1.3654985e+02   2.5290302e-02   1.1951455e-01   1.1298820e-01
   1.3711936e+02   2.5083318e-02   1.1940980e-01   1.1138618e-01
   1.3768887e+02   2.4879026e-02   1.1930521e-01   1.0981606e-01
   1.3825839e+02   2.4677420e-02   1.1920080e-01   1.0827772e-01
   1.3882790e+02   2.4478494e-02   1.1909656e-01   1.0677104e-01
   1.3939741e+02   2.4282242e-02   1.1899251e-01   1.0529590e-01
   1.3996693e+02   2.4088659e-02   1.1888866e-01   1.0385220e-01
   1.4053644e+02   2.3897739e-02   1.1878501e-01   1.0243982e-01
   1.4110595e+02   2.3709478e-02   1.1868158e-01   1.0105864e-01
   1.4167546e+02   2.3523868e-02   1.1857836e-01   9.9708546e-02
   1.4224498e+02   2.3340905e-02   1.1847537e-01   9.8389427e-02
   1.4281449e+02   2.3160583e-02   1.1837262e-01   9.7101167e-02
   1.4338400e+02   2.2982896e-02   1.1827012e-01   9.5843650e-02
   1.4395351e+02   2.2807839e-02   1.1816787e-01   9.4616762e-02
   1.4452303e+02   2.2635406e-02   1.1806588e-01   9.3420388e-02
   1.4509254e+02   2.2465593e-02   1.1796415e-01   9.2254413e-02
   1.4566205e+02   2.2298392e-02   1.1786271e-01   9.1118722e-02
   1.4623157e+02   2.2133798e-02   1.1776155e-01   9.0013201e-02
   1.4680108e+02   2.1971807e-02   1.1766069e-01   8.8937734e-02
   1.4737059e+02   2.1812412e-02   1.1756013e-01   8.7892208e-02
   1.4794010e+02   2.1655608e-02   1.1745988e-01   8.6876506e-02
   1.4850962e+02   2.1501389e-02   1.1735995e-01   8.5890514e-02
   1.4907913e+02   2.1349749e-02   1.1726034e-01   8.4934118e-02
   1.4964864e+02   2.1200684e-02   1.1716107e-01   8.4007202e-02
   1.5021815e+02   2.1054079e-02   1.1706212e-01   8.3108115e-02
   1.5078767e+02   2.0908845e-02   1.1696320e-01   8.2221348e-02
   1.5135718e+02   2.0764699e-02   1.1686425e-01   8.1342889e-02
   1.5192669e+02   2.0621640e-02   1.1676527e-01   8.0472719e-02
   1.5249621e+02   2.0479666e-02   1.1666627e-01   7.9610817e-02
   1.5306572e+02   2.0338774e-02   1.1656725e-01   7.8757166e-02
   1.5363523e+02   2.0198963e-02   1.1646822e-01   7.7911744e-02
   1.5420474e+02   2.0060230e-02   1.1636918e-01   7.7074532e-02
   1.5477426e+02   1.9922575e-02   1.1627014e-01   7.6245511e-02
   1.5534377e+02   1.9785994e-02   1.1617109e-01   7.5424662e-02
   1.5591328e+02   1.9650486e-02   1.1607205e-01   7.4611964e-02
   1.5648279e+02   1.9516049e-02   1.1597303e-01   7.3807398e-02
   1.5705231e+02   1.9382681e-02   1.1587401e-01   7.3010945e-02
   1.5762182e+02   1.9250380e-02   1.1577502e-01   7.2222585e-02
   1.5819133e+02   1.9119144e-02   1.1567605e-01   7.1442299e-02
   1.5876085e+02   1.8988971e-02   1.1557711e-01   7.0670066e-02
   1.5933036e+02   1.8859859e-02   1.1547820e-01   6.9905868e-02
   1.5989987e+02   1.8731807e-02   1.1537933e-01   6.9149685e-02
   1.6046938e+02   1.8604812e-02   1.1528051e-01   6.8401498e-02
   1.6103890e+02   1.8478872e-02   1.1518173e-01   6.7661286e-02
   1.6160841e+02   1.8353985e-02   1.1508301e-01   6.6929030e-02
   1.6217792e+02   1.8230150e-02   1.1498434e-01   6.6204711e-02
   1.6274743e+02   1.8107364e-02   1.1488573e-01   6.5488310e-02
   1.6331695e+02   1.7985626e-02   1.1478719e-01   6.4779806e-02
   1.6388646e+02   1.7864933e-02   1.1468872e-01   6.4079180e-02
   1.6445597e+02   1.7745284e-02   1.1459033e-01   6.3386412e-02
   1.6502549e+02   1.7626677e-02   1.1449202e-01   6.2701484e-02
   1.6559500e+02   1.7509109e-02   1.1439379e-01   6.2024375e-02
   1.6616451e+02   1.7392579e-02   1.1429566e-01   6.1355066e-02
   1.6673402e+02   1.7277085e-02   1.1419762e-01   6.0693537e-02
   1.6730354e+02   1.7162625e-02   1.1409968e-01   6.0039770e-02
   1.6787305e+02   1.7049197e-02   1.1400184e-01   5.9393743e-02
   1.6844256e+02   1.6936798e-02   1.1390411e-01   5.8755438e-02
   1.6901207e+02   1.6825428e-02   1.1380650e-01   5.8124836e-02
   1.6958159e+02   1.6715083e-02   1.1370900e-01   5.7501916e-02
   1.7015110e+02   1.6605763e-02   1.1361163e-01   5.6886659e-02
   1.7072061e+02   1.6497465e-02   1.1351438e-01   5.6279046e-02
   1.7129013e+02   1.6390187e-02   1.1341727e-01   5.5679057e-02
   1.7185964e+02   1.6283927e-02   1.1332030e-01   5.5086672e-02
   1.7242915e+02   1.6178683e-02   1.1322346e-01   5.4501873e-02
   1.7299866e+02   1.6074454e-02   1.1312678e-01   5.3924638e-02
   1.7356818e+02   1.5971237e-02   1.1303024e-01   5.3354950e-02
   1.7413769e+02   1.5869031e-02   1.1293386e-01   5.2792788e-02
   1.7470720e+02   1.5767833e-02   1.1283764e-01   5.2238132e-02
   1.7527671e+02   1.5667642e-02   1.1274159e-01   5.1690964e-02
   1.7584623e+02   1.5568455e-02   1.1264571e-01   5.1151264e-02
   1.7641574e+02   1.5470271e-02   1.1255000e-01   5.0619011e-02
   1.7698525e+02   1.5373087e-02   1.1245447e-01   5.0094188e-02
   1.7755477e+02   1.5276903e-02   1.1235913e-01   4.9576773e-02
   1.7812428e+02   1.5181715e-02   1.1226397e-01   4.9066748e-02
   1.7869379e+02   1.5087521e-02   1.1216901e-01   4.8564092e-02
   1.7926330e+02   1.4994321e-02   1.1207425e-01   4.8068787e-02
   1.7983282e+02   1.4902112e-02   1.1197969e-01   4.7580813e-02
   1.8040233e+02   1.4810891e-02   1.1188534e-01   4.7100151e-02
   1.8097184e+02   1.4720658e-02   1.1179120e-01   4.6626780e-02
   1.8154135e+02   1.4631410e-02   1.1169728e-01   4.6160681e-02
   1.8211087e+02   1.4543144e-02   1.1160358e-01   4.5701835e-02
   1.8268038e+02   1.4455860e-02   1.1151010e-01   4.5250222e-02
   1.8324989e+02   1.4369555e-02   1.1141686e-01   4.4805823e-02
   1.8381941e+02   1.4284228e-02   1.1132386e-01   4.4368618e-02
   1.8438892e+02   1.4199875e-02   1.1123109e-01   4.3938587e-02
   1.8495843e+02   1.4116496e-02   1.1113857e-01   4.3515711e-02
   1.8552794e+02   1.4034089e-02   1.1104630e-01   4.3099971e-02
   1.8609746e+02   1.3952651e-02   1.1095429e-01   4.2691347e-02
   1.8666697e+02   1.3872180e-02   1.1086253e-01   4.2289819e-02
   1.8723648e+02   1.3792675e-02   1.1077104e-01   4.1895367e-02
   1.8780599e+02   1.3714134e-02   1.1067982e-01   4.1507973e-02
   1.8837551e+02   1.3636554e-02   1.1058887e-01   4.1127617e-02
   1.8894502e+02   1.3559934e-02   1.1049820e-01   4.0754279e-02
   1.8951453e+02   1.3484272e-02   1.1040781e-01   4.0387939e-02
   1.9008405e+02   1.3409565e-02   1.1031772e-01   4.0028579e-02
   1.9065356e+02   1.3335812e-02   1.1022791e-01   3.9676178e-02
   1.9122307e+02   1.3263011e-02   1.1013840e-01   3.9330717e-02
   1.9179258e+02   1.3191161e-02   1.1004919e-01   3.8992177e-02
   1.9236210e+02   1.3120258e-02   1.0996029e-01   3.8660537e-02
   1.9293161e+02   1.3050301e-02   1.0987170e-01   3.8335779e-02
   1.9350112e+02   1.2981288e-02   1.0978343e-01   3.8017882e-02
   1.9407063e+02   1.2913217e-02   1.0969548e-01   3.7706828e-02
   1.9464015e+02   1.2846087e-02   1.0960785e-01   3.7402597e-02
   1.9520966e+02   1.2779895e-02   1.0952056e-01   3.7105168e-02
   1.9577917e+02   1.2714639e-02   1.0943360e-01   3.6814524e-02
   1.9634868e+02   1.2650317e-02   1.0934697e-01   3.6530643e-02
   1.9691820e+02   1.2586928e-02   1.0926070e-01   3.6253507e-02
   1.9748771e+02   1.2524469e-02   1.0917477e-01   3.5983096e-02
   1.9805722e+02   1.2462939e-02   1.0908919e-01   3.5719391e-02
   1.9862674e+02   1.2402335e-02   1.0900398e-01   3.5462371e-02
   1.9919625e+02   1.2342656e-02   1.0891913e-01   3.5212018e-02
   1.9976576e+02   1.2283899e-02   1.0883464e-01   3.4968311e-02
   2.0033527e+02   1.2225948e-02   1.0875048e-01   3.4730308e-02
   2.0090479e+02   1.2168310e-02   1.0866645e-01   3.4494040e-02
   2.0147430e+02   1.2110929e-02   1.0858252e-01   3.4259053e-02
   2.0204381e+02   1.2053803e-02   1.0849869e-01   3.4025344e-02
   2.0261332e+02   1.1996933e-02   1.0841497e-01   3.3792911e-02
   2.0318284e+02   1.1940317e-02   1.0833135e-01   3.3561750e-02
   2.0375235e+02   1.1883956e-02   1.0824783e-01   3.3331859e-02
   2.0432186e+02   1.1827849e-02   1.0816442e-01   3.3103236e-02
   2.0489138e+02   1.1771995e-02   1.0808112e-01   3.2875878e-02
   2.0546089e+02   1.1716394e-02   1.0799792e-01   3.2649781e-02
   2.0603040e+02   1.1661046e-02   1.0791482e-01   3.2424943e-02
   2.0659991e+02   1.1605950e-02   1.0783183e-01   3.2201363e-02
   2.0716943e+02   1.1551105e-02   1.0774895e-01   3.1979035e-02
   2.0773894e+02   1.1496511e-02   1.0766617e-01   3.1757959e-02
   2.0830845e+02   1.1442168e-02   1.0758349e-01   3.1538132e-02
   2.0887796e+02   1.1388075e-02   1.0750093e-01   3.1319550e-02
   2.0944748e+02   1.1334231e-02   1.0741847e-01   3.1102211e-02
   2.1001699e+02   1.1280637e-02   1.0733611e-01   3.0886113e-02
   2.1058650e+02   1.1227291e-02   1.0725386e-01   3.0671252e-02
   2.1115602e+02   1.1174193e-02   1.0717172e-01   3.0457626e-02
   2.1172553e+02   1.1121343e-02   1.0708969e-01   3.0245232e-02
   2.1229504e+02   1.1068740e-02   1.0700777e-01   3.0034068e-02
   2.1286455e+02   1.1016384e-02   1.0692595e-01   2.9824130e-02
   2.1343407e+02   1.0964275e-02   1.0684424e-01   2.9615417e-02
   2.1400358e+02   1.0912411e-02   1.0676264e-01   2.9407925e-02
   2.1457309e+02   1.0860792e-02   1.0668114e-01   2.9201651e-02
   2.1514260e+02   1.0809418e-02   1.0659976e-01   2.8996594e-02
   2.1571212e+02   1.0758289e-02   1.0651848e-01   2.8792750e-02
   2.1628163e+02   1.0707403e-02   1.0643732e-01   2.8590116e-02
   2.1685114e+02   1.0656760e-02   1.0635626e-01   2.8388690e-02
   2.1742066e+02   1.0606361e-02   1.0627531e-01   2.8188470e-02
   2.1799017e+02   1.0556204e-02   1.0619447e-01   2.7989451e-02
   2.1855968e+02   1.0506289e-02   1.0611374e-01   2.7791633e-02
   2.1912919e+02   1.0456615e-02   1.0603313e-01   2.7595011e-02
   2.1969871e+02   1.0407183e-02   1.0595262e-01   2.7399584e-02
   2.2026822e+02   1.0357990e-02   1.0587222e-01   2.7205349e-02
   2.2083773e+02   1.0309038e-02   1.0579193e-01   2.7012302e-02
   2.2140724e+02   1.0260326e-02   1.0571176e-01   2.6820442e-02
   2.2197676e+02   1.0211852e-02   1.0563169e-01   2.6629765e-02
   2.2254627e+02   1.0163617e-02   1.0555174e-01   2.6440269e-02
   2.2311578e+02   1.0115620e-02   1.0547190e-01   2.6251951e-02
   2.2368530e+02   1.0067861e-02   1.0539217e-01   2.6064808e-02
   2.2425481e+02   1.0020339e-02   1.0531255e-01   2.5878838e-02
   2.2482432e+02   9.9730537e-03   1.0523305e-01   2.5694038e-02
   2.2539383e+02   9.9260045e-03   1.0515365e-01   2.5510406e-02
   2.2596335e+02   9.8791909e-03   1.0507437e-01   2.5327938e-02
   2.2653286e+02   9.8326127e-03   1.0499521e-01   2.5146631e-02
   2.2710237e+02   9.7862691e-03   1.0491615e-01   2.4966484e-02
   2.2767188e+02   9.7401599e-03   1.0483721e-01   2.4787494e-02
   2.2824140e+02   9.6942844e-03   1.0475839e-01   2.4609657e-02
   2.2881091e+02   9.6486422e-03   1.0467967e-01   2.4432971e-02
   2.2938042e+02   9.6032329e-03   1.0460107e-01   2.4257434e-02
   2.2994994e+02   9.5580559e-03   1.0452259e-01   2.4083042e-02
   2.3051945e+02   9.5131108e-03   1.0444422e-01   2.3909793e-02
   2.3108896e+02   9.4683971e-03   1.0436597e-01   2.3737684e-02
   2.3165847e+02   9.4239143e-03   1.0428782e-01   2.3566713e-02
   2.3222799e+02   9.3796620e-03   1.0420980e-01   2.3396877e-02
   2.3279750e+02   9.3356396e-03   1.0413189e-01   2.3228173e-02
   2.3336701e+02   9.2918467e-03   1.0405410e-01   2.3060598e-02
   2.3393652e+02   9.2482828e-03   1.0397642e-01   2.2894150e-02
   2.3450604e+02   9.2049474e-03   1.0389885e-01   2.2728825e-02
   2.3507555e+02   9.1618401e-03   1.0382141e-01   2.2564623e-02
   2.3564506e+02   9.1189603e-03   1.0374408e-01   2.2401538e-02
   2.3621458e+02   9.0763076e-03   1.0366687e-01   2.2239570e-02
   2.3678409e+02   9.0338815e-03   1.0358977e-01   2.2078715e-02
   2.3735360e+02   8.9916816e-03   1.0351279e-01   2.1918970e-02
   2.3792311e+02   8.9497072e-03   1.0343593e-01   2.1760333e-02
   2.3849263e+02   8.9079581e-03   1.0335918e-01   2.1602801e-02
   2.3906214e+02   8.8664337e-03   1.0328256e-01   2.1446372e-02
   2.3963165e+02   8.8251334e-03   1.0320605e-01   2.1291042e-02
   2.4020116e+02   8.7840569e-03   1.0312966e-01   2.1136809e-02
   2.4077068e+02   8.7432036e-03   1.0305339e-01   2.0983670e-02
   2.4134019e+02   8.7025732e-03   1.0297724e-01   2.0831623e-02
   2.4190970e+02   8.6621650e-03   1.0290120e-01   2.0680665e-02
   2.4247922e+02   8.6219786e-03   1.0282529e-01   2.0530793e-02
   2.4304873e+02   8.5820136e-03   1.0274949e-01   2.0382004e-02
   2.4361824e+02   8.5422694e-03   1.0267381e-01   2.0234296e-02
   2.4418775e+02   8.5027456e-03   1.0259826e-01   2.0087666e-02
   2.4475727e+02   8.4634417e-03   1.0252282e-01   1.9942111e-02
   2.4532678e+02   8.4243572e-03   1.0244750e-01   1.9797629e-02
   2.4589629e+02   8.3854916e-03   1.0237231e-01   1.9654217e-02
   2.4646580e+02   8.3468445e-03   1.0229723e-01   1.9511872e-02
   2.4703532e+02   8.3084154e-03   1.0222228e-01   1.9370592e-02
   2.4760483e+02   8.2702038e-03   1.0214745e-01   1.9230373e-02
   2.4817434e+02   8.2322093e-03   1.0207273e-01   1.9091213e-02
   2.4874386e+02   8.1944312e-03   1.0199814e-01   1.8953110e-02
   2.4931337e+02   8.1568693e-03   1.0192367e-01   1.8816060e-02
   2.4988288e+02   8.1195229e-03   1.0184933e-01   1.8680062e-02
   2.5045239e+02   8.0823916e-03   1.0177510e-01   1.8545111e-02
   2.5102191e+02   8.0454750e-03   1.0170100e-01   1.8411207e-02
   2.5159142e+02   8.0087725e-03   1.0162702e-01   1.8278345e-02
   2.5216093e+02   7.9722837e-03   1.0155316e-01   1.8146523e-02
   2.5273044e+02   7.9360081e-03   1.0147943e-01   1.8015738e-02
   2.5329996e+02   7.8999452e-03   1.0140582e-01   1.7885989e-02
   2.5386947e+02   7.8640945e-03   1.0133233e-01   1.7757271e-02
   2.5443898e+02   7.8284556e-03   1.0125897e-01   1.7629583e-02
   2.5500850e+02   7.7930279e-03   1.0118573e-01   1.7502921e-02
   2.5557801e+02   7.7578111e-03   1.0111261e-01   1.7377284e-02
   2.5614752e+02   7.7228045e-03   1.0103962e-01   1.7252667e-02
   2.5671703e+02   7.6880078e-03   1.0096675e-01   1.7129069e-02
   2.5728655e+02   7.6534205e-03   1.0089401e-01   1.7006487e-02
   2.5785606e+02   7.6190420e-03   1.0082140e-01   1.6884918e-02
   2.5842557e+02   7.5848720e-03   1.0074890e-01   1.6764359e-02
   2.5899508e+02   7.5509098e-03   1.0067654e-01   1.6644808e-02
   2.5956460e+02   7.5171552e-03   1.0060430e-01   1.6526262e-02
   2.6013411e+02   7.4836074e-03   1.0053218e-01   1.6408718e-02
   2.6070362e+02   7.4502662e-03   1.0046019e-01   1.6292174e-02
   2.6127314e+02   7.4171310e-03   1.0038833e-01   1.6176627e-02
   2.6184265e+02   7.3842012e-03   1.0031660e-01   1.6062074e-02
   2.6241216e+02   7.3514766e-03   1.0024499e-01   1.5948512e-02
   2.6298167e+02   7.3189565e-03   1.0017350e-01   1.5835939e-02
   2.6355119e+02   7.2866405e-03   1.0010215e-01   1.5724352e-02
   2.6412070e+02   7.2545281e-03   1.0003092e-01   1.5613748e-02
   2.6469021e+02   7.2226188e-03   9.9959822e-02   1.5504126e-02
   2.6525972e+02   7.1909122e-03   9.9888850e-02   1.5395481e-02
   2.6582924e+02   7.1594078e-03   9.9818006e-02   1.5287811e-02
   2.6639875e+02   7.1281050e-03   9.9747291e-02   1.5181114e-02
   2.6696826e+02   7.0970035e-03   9.9676704e-02   1.5075386e-02
   2.6753777e+02   7.0661027e-03   9.9606245e-02   1.4970626e-02
   2.6810729e+02   7.0354022e-03   9.9535916e-02   1.4866830e-02
   2.6867680e+02   7.0049014e-03   9.9465715e-02   1.4763996e-02
   2.6924631e+02   6.9746000e-03   9.9395644e-02   1.4662121e-02
   2.6981583e+02   6.9444973e-03   9.9325703e-02   1.4561202e-02
   2.7038534e+02   6.9145930e-03   9.9255891e-02   1.4461237e-02
   2.7095485e+02   6.8848866e-03   9.9186210e-02   1.4362222e-02
   2.7152436e+02   6.8553775e-03   9.9116659e-02   1.4264156e-02
   2.7209388e+02   6.8260654e-03   9.9047238e-02   1.4167035e-02
   2.7266339e+02   6.7969497e-03   9.8977948e-02   1.4070857e-02
   2.7323290e+02   6.7680299e-03   9.8908789e-02   1.3975619e-02
   2.7380241e+02   6.7393056e-03   9.8839760e-02   1.3881319e-02
   2.7437193e+02   6.7107762e-03   9.8770864e-02   1.3787953e-02
   2.7494144e+02   6.6824414e-03   9.8702099e-02   1.3695519e-02
   2.7551095e+02   6.6543006e-03   9.8633465e-02   1.3604014e-02
   2.7608047e+02   6.6263534e-03   9.8564964e-02   1.3513436e-02
   2.7664998e+02   6.5985992e-03   9.8496595e-02   1.3423782e-02
   2.7721949e+02   6.5710376e-03   9.8428358e-02   1.3335049e-02
   2.7778900e+02   6.5436682e-03   9.8360254e-02   1.3247234e-02
   2.7835852e+02   6.5164903e-03   9.8292283e-02   1.3160335e-02
   2.7892803e+02   6.4895037e-03   9.8224444e-02   1.3074349e-02
   2.7949754e+02   6.4627077e-03   9.8156740e-02   1.2989274e-02
   2.8006705e+02   6.4361019e-03   9.8089168e-02   1.2905105e-02
   2.8063657e+02   6.4096858e-03   9.8021731e-02   1.2821842e-02
   2.8120608e+02   6.3834589e-03   9.7954427e-02   1.2739481e-02
   2.8177559e+02   6.3574208e-03   9.7887258e-02   1.2658020e-02
   2.8234511e+02   6.3315710e-03   9.7820223e-02   1.2577455e-02
   2.8291462e+02   6.3059090e-03   9.7753323e-02   1.2497785e-02
   2.8348413e+02   6.2804343e-03   9.7686557e-02   1.2419005e-02
   2.8405364e+02   6.2551465e-03   9.7619927e-02   1.2341115e-02
   2.8462316e+02   6.2300450e-03   9.7553432e-02   1.2264110e-02
   2.8519267e+02   6.2051294e-03   9.7487072e-02   1.2187989e-02
   2.8576218e+02   6.1803992e-03   9.7420848e-02   1.2112748e-02
   2.8633169e+02   6.1558539e-03   9.7354760e-02   1.2038385e-02
   2.8690121e+02   6.1314931e-03   9.7288808e-02   1.1964898e-02
   2.8747072e+02   6.1073163e-03   9.7222993e-02   1.1892282e-02
   2.8804023e+02   6.0833229e-03   9.7157314e-02   1.1820537e-02
   2.8860975e+02   6.0595126e-03   9.7091772e-02   1.1749658e-02
   2.8917926e+02   6.0358848e-03   9.7026367e-02   1.1679644e-02
   2.8974877e+02   6.0124390e-03   9.6961099e-02   1.1610492e-02
   2.9031828e+02   5.9891748e-03   9.6895969e-02   1.1542198e-02
   2.9088780e+02   5.9660917e-03   9.6830977e-02   1.1474760e-02
   2.9145731e+02   5.9431892e-03   9.6766122e-02   1.1408177e-02
   2.9202682e+02   5.9204669e-03   9.6701405e-02   1.1342443e-02
   2.9259633e+02   5.8979242e-03   9.6636827e-02   1.1277558e-02
   2.9316585e+02   5.8755607e-03   9.6572388e-02   1.1213519e-02
   2.9373536e+02   5.8533759e-03   9.6508087e-02   1.1150322e-02
   2.9430487e+02   5.8313693e-03   9.6443925e-02   1.1087965e-02
   2.9487439e+02   5.8095404e-03   9.6379902e-02   1.1026445e-02
   2.9544390e+02   5.7878888e-03   9.6316019e-02   1.0965760e-02
   2.9601341e+02   5.7664140e-03   9.6252276e-02   1.0905907e-02
   2.9658292e+02   5.7451155e-03   9.6188672e-02   1.0846883e-02
   2.9715244e+02   5.7239928e-03   9.6125209e-02   1.0788686e-02
   2.9772195e+02   5.7030455e-03   9.6061885e-02   1.0731312e-02
   2.9829146e+02   5.6822730e-03   9.5998703e-02   1.0674759e-02
   2.9886097e+02   5.6616749e-03   9.5935661e-02   1.0619025e-02
   2.9943049e+02   5.6412507e-03   9.5872760e-02   1.0564106e-02
   3.0000000e+02   5.6210000e-03   9.5810000e-02   1.0510000e-02
