# H2O2
# rho 1.44 Z 7.7
   1.0000000e+00   1.4330000e+00   1.0990000e-02   4.3170000e+03
   1.5851272e+00   1.3070382e+00   2.4597454e-02   1.2560262e+03
   2.1702544e+00   1.1599972e+00   4.0013270e-02   5.3458178e+02
   2.7553816e+00   1.0108611e+00   5.5386108e-02   2.6265643e+02
   3.3405088e+00   8.7642911e-01   6.9344884e-02   1.4928729e+02
   3.9256360e+00   7.5707362e-01   8.1884954e-02   9.1680770e+01
   4.5107632e+00   6.5724665e-01   9.2692674e-02   6.0666613e+01
   5.0958904e+00   5.7363679e-01   1.0203007e-01   4.1954881e+01
   5.6810176e+00   5.0376300e-01   1.1012648e-01   2.9889530e+01
   6.2661448e+00   4.4834887e-01   1.1674279e-01   2.2629909e+01
   6.8512720e+00   4.0078157e-01   1.2250584e-01   1.7304856e+01
   7.4363992e+00   3.5962271e-01   1.2758152e-01   1.3256385e+01
   8.0215264e+00   3.2525816e-01   1.3194804e-01   1.0426315e+01
   8.6066536e+00   2.9602286e-01   1.3576328e-01   8.3643097e+00
   9.1917808e+00   2.7060409e-01   1.3914214e-01   6.7320127e+00
   9.7769080e+00   2.4950330e-01   1.4203521e-01   5.5579833e+00
   1.0362035e+01   2.3248620e-01   1.4447087e-01   4.7891703e+00
   1.0947162e+01   2.1698776e-01   1.4672239e-01   4.1269138e+00
   1.1532290e+01   2.0269871e-01   1.4882245e-01   3.5387094e+00
   1.2117417e+01   1.8957592e-01   1.5077549e-01   3.0222957e+00
   1.2702544e+01   1.7757631e-01   1.5258594e-01   2.5754109e+00
   1.3287671e+01   1.6665675e-01   1.5425821e-01   2.1957936e+00
   1.3872798e+01   1.5677415e-01   1.5579675e-01   1.8811821e+00
   1.4457926e+01   1.4788540e-01   1.5720599e-01   1.6293148e+00
   1.5043053e+01   1.3994633e-01   1.5849053e-01   1.4378154e+00
   1.5628180e+01   1.3269609e-01   1.5969294e-01   1.2807140e+00
   1.6213307e+01   1.2594755e-01   1.6083836e-01   1.1392005e+00
   1.6798434e+01   1.1968632e-01   1.6191984e-01   1.0129213e+00
   1.7383562e+01   1.1389797e-01   1.6293047e-01   9.0152259e-01
   1.7968689e+01   1.0856813e-01   1.6386332e-01   8.0465082e-01
   1.8553816e+01   1.0368237e-01   1.6471146e-01   7.2195226e-01
   1.9138943e+01   9.9226311e-02   1.6546796e-01   6.5307324e-01
   1.9724070e+01   9.5185537e-02   1.6612591e-01   5.9766007e-01
   2.0309198e+01   9.1509917e-02   1.6669268e-01   5.5389083e-01
   2.0894325e+01   8.7998285e-02   1.6723981e-01   5.1365243e-01
   2.1479452e+01   8.4620098e-02   1.6777592e-01   4.7571659e-01
   2.2064579e+01   8.1373745e-02   1.6829840e-01   4.4003570e-01
   2.2649706e+01   7.8257617e-02   1.6880464e-01   4.0656211e-01
   2.3234834e+01   7.5270103e-02   1.6929203e-01   3.7524821e-01
   2.3819961e+01   7.2409592e-02   1.6975795e-01   3.4604637e-01
   2.4405088e+01   6.9674474e-02   1.7019978e-01   3.1890895e-01
   2.4990215e+01   6.7063139e-02   1.7061493e-01   2.9378832e-01
   2.5575342e+01   6.4573975e-02   1.7100076e-01   2.7063687e-01
   2.6160470e+01   6.2205373e-02   1.7135467e-01   2.4940696e-01
   2.6745597e+01   5.9955721e-02   1.7167405e-01   2.3005096e-01
   2.7330724e+01   5.7823410e-02   1.7195628e-01   2.1252124e-01
   2.7915851e+01   5.5806828e-02   1.7219875e-01   1.9677017e-01
   2.8500978e+01   5.3904366e-02   1.7239884e-01   1.8275014e-01
   2.9086106e+01   5.2114413e-02   1.7255395e-01   1.7041350e-01
   2.9671233e+01   5.0435358e-02   1.7266146e-01   1.5971262e-01
   3.0256360e+01   4.8861029e-02   1.7272352e-01   1.5049806e-01
   3.0841487e+01   4.7354336e-02   1.7277542e-01   1.4194167e-01
   3.1426614e+01   4.5906123e-02   1.7282477e-01   1.3385918e-01
   3.2011742e+01   4.4514739e-02   1.7287150e-01   1.2623546e-01
   3.2596869e+01   4.3178527e-02   1.7291550e-01   1.1905543e-01
   3.3181996e+01   4.1895835e-02   1.7295670e-01   1.1230397e-01
   3.3767123e+01   4.0665010e-02   1.7299500e-01   1.0596599e-01
   3.4352250e+01   3.9484396e-02   1.7303031e-01   1.0002638e-01
   3.4937378e+01   3.8352340e-02   1.7306254e-01   9.4470028e-02
   3.5522505e+01   3.7267189e-02   1.7309162e-01   8.9281844e-02
   3.6107632e+01   3.6227289e-02   1.7311744e-01   8.4446721e-02
   3.6692759e+01   3.5230985e-02   1.7313993e-01   7.9949554e-02
   3.7277886e+01   3.4276624e-02   1.7315899e-01   7.5775240e-02
   3.7863014e+01   3.3362552e-02   1.7317453e-01   7.1908677e-02
   3.8448141e+01   3.2487116e-02   1.7318646e-01   6.8334761e-02
   3.9033268e+01   3.1648661e-02   1.7319471e-01   6.5038388e-02
   3.9618395e+01   3.0845534e-02   1.7319917e-01   6.2004455e-02
   4.0203523e+01   3.0075646e-02   1.7319852e-01   5.9211240e-02
   4.0788650e+01   2.9332433e-02   1.7317839e-01   5.6567662e-02
   4.1373777e+01   2.8613660e-02   1.7313621e-01   5.4046238e-02
   4.1958904e+01   2.7918687e-02   1.7307388e-01   5.1643589e-02
   4.2544031e+01   2.7246878e-02   1.7299335e-01   4.9356333e-02
   4.3129159e+01   2.6597594e-02   1.7289652e-01   4.7181091e-02
   4.3714286e+01   2.5970197e-02   1.7278533e-01   4.5114482e-02
   4.4299413e+01   2.5364050e-02   1.7266170e-01   4.3153125e-02
   4.4884540e+01   2.4778515e-02   1.7252755e-01   4.1293640e-02
   4.5469667e+01   2.4212954e-02   1.7238480e-01   3.9532647e-02
   4.6054795e+01   2.3666728e-02   1.7223538e-01   3.7866763e-02
   4.6639922e+01   2.3139201e-02   1.7208120e-01   3.6292610e-02
   4.7225049e+01   2.2629733e-02   1.7192420e-01   3.4806807e-02
   4.7810176e+01   2.2137689e-02   1.7176630e-01   3.3405972e-02
   4.8395303e+01   2.1662429e-02   1.7160942e-01   3.2086726e-02
   4.8980431e+01   2.1203315e-02   1.7145548e-01   3.0845688e-02
   4.9565558e+01   2.0759710e-02   1.7130640e-01   2.9679478e-02
   5.0150685e+01   2.0330826e-02   1.7116360e-01   2.8583605e-02
   5.0735812e+01   1.9913073e-02   1.7101788e-01   2.7532550e-02
   5.1320939e+01   1.9505247e-02   1.7086563e-01   2.6517040e-02
   5.1906067e+01   1.9107466e-02   1.7070740e-01   2.5537350e-02
   5.2491194e+01   1.8719849e-02   1.7054372e-01   2.4593758e-02
   5.3076321e+01   1.8342515e-02   1.7037516e-01   2.3686540e-02
   5.3661448e+01   1.7975583e-02   1.7020224e-01   2.2815971e-02
   5.4246575e+01   1.7619173e-02   1.7002553e-01   2.1982329e-02
   5.4831703e+01   1.7273402e-02   1.6984555e-01   2.1185889e-02
   5.5416830e+01   1.6938391e-02   1.6966287e-01   2.0426929e-02
   5.6001957e+01   1.6614258e-02   1.6947802e-01   1.9705724e-02
   5.6587084e+01   1.6301122e-02   1.6929154e-01   1.9022551e-02
   5.7172211e+01   1.5999102e-02   1.6910400e-01   1.8377687e-02
   5.7757339e+01   1.5708317e-02   1.6891592e-01   1.7771407e-02
   5.8342466e+01   1.5428886e-02   1.6872786e-01   1.7203988e-02
   5.8927593e+01   1.5160929e-02   1.6854037e-01   1.6675707e-02
   5.9512720e+01   1.4904563e-02   1.6835398e-01   1.6186839e-02
   6.0097847e+01   1.4659796e-02   1.6816920e-01   1.5737235e-02
   6.0682975e+01   1.4421592e-02   1.6798420e-01   1.5307589e-02
   6.1268102e+01   1.4187174e-02   1.6779787e-01   1.4887308e-02
   6.1853229e+01   1.3956532e-02   1.6761028e-01   1.4476350e-02
   6.2438356e+01   1.3729656e-02   1.6742149e-01   1.4074667e-02
   6.3023483e+01   1.3506536e-02   1.6723155e-01   1.3682216e-02
   6.3608611e+01   1.3287163e-02   1.6704054e-01   1.3298950e-02
   6.4193738e+01   1.3071525e-02   1.6684851e-01   1.2924826e-02
   6.4778865e+01   1.2859613e-02   1.6665552e-01   1.2559798e-02
   6.5363992e+01   1.2651416e-02   1.6646164e-01   1.2203820e-02
   6.5949119e+01   1.2446925e-02   1.6626692e-01   1.1856848e-02
   6.6534247e+01   1.2246130e-02   1.6607143e-01   1.1518836e-02
   6.7119374e+01   1.2049019e-02   1.6587522e-01   1.1189740e-02
   6.7704501e+01   1.1855585e-02   1.6567837e-01   1.0869513e-02
   6.8289628e+01   1.1665815e-02   1.6548093e-01   1.0558112e-02
   6.8874755e+01   1.1479700e-02   1.6528295e-01   1.0255491e-02
   6.9459883e+01   1.1297231e-02   1.6508451e-01   9.9616051e-03
   7.0045010e+01   1.1118396e-02   1.6488567e-01   9.6764087e-03
   7.0630137e+01   1.0943186e-02   1.6468648e-01   9.3998569e-03
   7.1215264e+01   1.0771591e-02   1.6448701e-01   9.1319045e-03
   7.1800391e+01   1.0603600e-02   1.6428731e-01   8.8725066e-03
   7.2385519e+01   1.0439204e-02   1.6408746e-01   8.6216179e-03
   7.2970646e+01   1.0278393e-02   1.6388751e-01   8.3791934e-03
   7.3555773e+01   1.0121155e-02   1.6368751e-01   8.1451878e-03
   7.4140900e+01   9.9674823e-03   1.6348755e-01   7.9195562e-03
   7.4726027e+01   9.8173633e-03   1.6328766e-01   7.7022534e-03
   7.5311155e+01   9.6707884e-03   1.6308792e-01   7.4932342e-03
   7.5896282e+01   9.5277474e-03   1.6288839e-01   7.2924535e-03
   7.6481409e+01   9.3882303e-03   1.6268913e-01   7.0998663e-03
   7.7066536e+01   9.2522269e-03   1.6249020e-01   6.9154274e-03
   7.7651663e+01   9.1197272e-03   1.6229166e-01   6.7390916e-03
   7.8236791e+01   8.9907210e-03   1.6209357e-01   6.5708139e-03
   7.8821918e+01   8.8651984e-03   1.6189599e-01   6.4105491e-03
   7.9407045e+01   8.7431490e-03   1.6169899e-01   6.2582522e-03
   7.9992172e+01   8.6245630e-03   1.6150262e-01   6.1138779e-03
   8.0577299e+01   8.5085156e-03   1.6130625e-01   5.9748161e-03
   8.1162427e+01   8.3940495e-03   1.6110919e-01   5.8383564e-03
   8.1747554e+01   8.2811802e-03   1.6091152e-01   5.7045132e-03
   8.2332681e+01   8.1699237e-03   1.6071329e-01   5.5733014e-03
   8.2917808e+01   8.0602956e-03   1.6051457e-01   5.4447360e-03
   8.3502935e+01   7.9523119e-03   1.6031543e-01   5.3188317e-03
   8.4088063e+01   7.8459883e-03   1.6011594e-01   5.1956035e-03
   8.4673190e+01   7.7413406e-03   1.5991616e-01   5.0750663e-03
   8.5258317e+01   7.6383846e-03   1.5971615e-01   4.9572350e-03
   8.5843444e+01   7.5371361e-03   1.5951598e-01   4.8421245e-03
   8.6428571e+01   7.4376110e-03   1.5931572e-01   4.7297497e-03
   8.7013699e+01   7.3398251e-03   1.5911544e-01   4.6201255e-03
   8.7598826e+01   7.2437941e-03   1.5891519e-01   4.5132667e-03
   8.8183953e+01   7.1495338e-03   1.5871505e-01   4.4091883e-03
   8.8769080e+01   7.0570601e-03   1.5851508e-01   4.3079052e-03
   8.9354207e+01   6.9663888e-03   1.5831534e-01   4.2094322e-03
   8.9939335e+01   6.8775357e-03   1.5811591e-01   4.1137843e-03
   9.0524462e+01   6.7905165e-03   1.5791685e-01   4.0209764e-03
   9.1109589e+01   6.7053471e-03   1.5771822e-01   3.9310232e-03
   9.1694716e+01   6.6220433e-03   1.5752008e-01   3.8439399e-03
   9.2279843e+01   6.5406209e-03   1.5732252e-01   3.7597412e-03
   9.2864971e+01   6.4610957e-03   1.5712559e-01   3.6784420e-03
   9.3450098e+01   6.3834835e-03   1.5692935e-01   3.6000572e-03
   9.4035225e+01   6.3078001e-03   1.5673387e-01   3.5246018e-03
   9.4620352e+01   6.2340613e-03   1.5653923e-01   3.4520906e-03
   9.5205479e+01   6.1622829e-03   1.5634548e-01   3.3825386e-03
   9.5790607e+01   6.0924808e-03   1.5615269e-01   3.3159605e-03
   9.6375734e+01   6.0246707e-03   1.5596092e-01   3.2523714e-03
   9.6960861e+01   5.9588685e-03   1.5577025e-01   3.1917860e-03
   9.7545988e+01   5.8950898e-03   1.5558073e-01   3.1342194e-03
   9.8131115e+01   5.8333507e-03   1.5539244e-01   3.0796864e-03
   9.8716243e+01   5.7736668e-03   1.5520544e-01   3.0282018e-03
   9.9301370e+01   5.7160539e-03   1.5501979e-01   2.9797807e-03
   9.9886497e+01   5.6605279e-03   1.5483557e-01   2.9344379e-03
   1.0047162e+02   5.6065669e-03   1.5465241e-01   2.8913320e-03
   1.0105675e+02   5.5530912e-03   1.5446951e-01   2.8487390e-03
   1.0164188e+02   5.5000685e-03   1.5428684e-01   2.8066078e-03
   1.0222701e+02   5.4474979e-03   1.5410442e-01   2.7649371e-03
   1.0281213e+02   5.3953783e-03   1.5392224e-01   2.7237252e-03
   1.0339726e+02   5.3437085e-03   1.5374030e-01   2.6829706e-03
   1.0398239e+02   5.2924876e-03   1.5355862e-01   2.6426719e-03
   1.0456751e+02   5.2417144e-03   1.5337720e-01   2.6028276e-03
   1.0515264e+02   5.1913878e-03   1.5319603e-01   2.5634360e-03
   1.0573777e+02   5.1415068e-03   1.5301514e-01   2.5244958e-03
   1.0632290e+02   5.0920702e-03   1.5283450e-01   2.4860055e-03
   1.0690802e+02   5.0430771e-03   1.5265415e-01   2.4479634e-03
   1.0749315e+02   4.9945263e-03   1.5247406e-01   2.4103681e-03
   1.0807828e+02   4.9464168e-03   1.5229426e-01   2.3732181e-03
   1.0866341e+02   4.8987474e-03   1.5211475e-01   2.3365120e-03
   1.0924853e+02   4.8515172e-03   1.5193552e-01   2.3002481e-03
   1.0983366e+02   4.8047249e-03   1.5175658e-01   2.2644249e-03
   1.1041879e+02   4.7583696e-03   1.5157794e-01   2.2290411e-03
   1.1100391e+02   4.7124502e-03   1.5139961e-01   2.1940949e-03
   1.1158904e+02   4.6669656e-03   1.5122157e-01   2.1595851e-03
   1.1217417e+02   4.6219146e-03   1.5104385e-01   2.1255100e-03
   1.1275930e+02   4.5772963e-03   1.5086644e-01   2.0918681e-03
   1.1334442e+02   4.5331095e-03   1.5068934e-01   2.0586579e-03
   1.1392955e+02   4.4893532e-03   1.5051257e-01   2.0258780e-03
   1.1451468e+02   4.4460263e-03   1.5033612e-01   1.9935268e-03
   1.1509980e+02   4.4031277e-03   1.5016000e-01   1.9616027e-03
   1.1568493e+02   4.3606564e-03   1.4998421e-01   1.9301044e-03
   1.1627006e+02   4.3186112e-03   1.4980876e-01   1.8990303e-03
   1.1685519e+02   4.2769911e-03   1.4963365e-01   1.8683788e-03
   1.1744031e+02   4.2357950e-03   1.4945889e-01   1.8381485e-03
   1.1802544e+02   4.1950218e-03   1.4928447e-01   1.8083379e-03
   1.1861057e+02   4.1546704e-03   1.4911041e-01   1.7789455e-03
   1.1919569e+02   4.1147398e-03   1.4893671e-01   1.7499697e-03
   1.1978082e+02   4.0752289e-03   1.4876336e-01   1.7214090e-03
   1.2036595e+02   4.0361366e-03   1.4859038e-01   1.6932620e-03
   1.2095108e+02   3.9974619e-03   1.4841777e-01   1.6655271e-03
   1.2153620e+02   3.9592036e-03   1.4824554e-01   1.6382028e-03
   1.2212133e+02   3.9213606e-03   1.4807368e-01   1.6112877e-03
   1.2270646e+02   3.8839320e-03   1.4790220e-01   1.5847801e-03
   1.2329159e+02   3.8469166e-03   1.4773111e-01   1.5586787e-03
   1.2387671e+02   3.8103133e-03   1.4756041e-01   1.5329818e-03
   1.2446184e+02   3.7741211e-03   1.4739010e-01   1.5076880e-03
   1.2504697e+02   3.7383389e-03   1.4722019e-01   1.4827958e-03
   1.2563209e+02   3.7029655e-03   1.4705068e-01   1.4583037e-03
   1.2621722e+02   3.6680000e-03   1.4688158e-01   1.4342101e-03
   1.2680235e+02   3.6334413e-03   1.4671288e-01   1.4105136e-03
   1.2738748e+02   3.5992882e-03   1.4654460e-01   1.3872126e-03
   1.2797260e+02   3.5655397e-03   1.4637674e-01   1.3643057e-03
   1.2855773e+02   3.5321947e-03   1.4620929e-01   1.3417913e-03
   1.2914286e+02   3.4992521e-03   1.4604228e-01   1.3196679e-03
   1.2972798e+02   3.4667109e-03   1.4587569e-01   1.2979340e-03
   1.3031311e+02   3.4345700e-03   1.4570954e-01   1.2765882e-03
   1.3089824e+02   3.4028283e-03   1.4554382e-01   1.2556288e-03
   1.3148337e+02   3.3714847e-03   1.4537855e-01   1.2350545e-03
   1.3206849e+02   3.3405382e-03   1.4521372e-01   1.2148636e-03
   1.3265362e+02   3.3099876e-03   1.4504935e-01   1.1950547e-03
   1.3323875e+02   3.2798318e-03   1.4488542e-01   1.1756262e-03
   1.3382387e+02   3.2500699e-03   1.4472196e-01   1.1565768e-03
   1.3440900e+02   3.2207008e-03   1.4455896e-01   1.1379048e-03
   1.3499413e+02   3.1917233e-03   1.4439642e-01   1.1196087e-03
   1.3557926e+02   3.1631363e-03   1.4423435e-01   1.1016871e-03
   1.3616438e+02   3.1349389e-03   1.4407276e-01   1.0841384e-03
   1.3674951e+02   3.1071298e-03   1.4391164e-01   1.0669611e-03
   1.3733464e+02   3.0797081e-03   1.4375101e-01   1.0501538e-03
   1.3791977e+02   3.0526727e-03   1.4359086e-01   1.0337148e-03
   1.3850489e+02   3.0260224e-03   1.4343121e-01   1.0176428e-03
   1.3909002e+02   2.9997562e-03   1.4327205e-01   1.0019361e-03
   1.3967515e+02   2.9738731e-03   1.4311338e-01   9.8659338e-04
   1.4026027e+02   2.9483719e-03   1.4295522e-01   9.7161301e-04
   1.4084540e+02   2.9232516e-03   1.4279757e-01   9.5699350e-04
   1.4143053e+02   2.8985110e-03   1.4264042e-01   9.4273336e-04
   1.4201566e+02   2.8741492e-03   1.4248379e-01   9.2883108e-04
   1.4260078e+02   2.8501650e-03   1.4232768e-01   9.1528515e-04
   1.4318591e+02   2.8265574e-03   1.4217209e-01   9.0209405e-04
   1.4377104e+02   2.8033252e-03   1.4201703e-01   8.8925630e-04
   1.4435616e+02   2.7804675e-03   1.4186250e-01   8.7677037e-04
   1.4494129e+02   2.7579830e-03   1.4170850e-01   8.6463475e-04
   1.4552642e+02   2.7358708e-03   1.4155504e-01   8.5284795e-04
   1.4611155e+02   2.7141298e-03   1.4140212e-01   8.4140846e-04
   1.4669667e+02   2.6927588e-03   1.4124975e-01   8.3031476e-04
   1.4728180e+02   2.6717568e-03   1.4109793e-01   8.1956535e-04
   1.4786693e+02   2.6511228e-03   1.4094667e-01   8.0915872e-04
   1.4845205e+02   2.6308556e-03   1.4079596e-01   7.9909337e-04
   1.4903718e+02   2.6109542e-03   1.4064582e-01   7.8936778e-04
   1.4962231e+02   2.5914175e-03   1.4049625e-01   7.7998045e-04
   1.5020744e+02   2.5722311e-03   1.4034722e-01   7.7091436e-04
   1.5079256e+02   2.5532406e-03   1.4019854e-01   7.6198855e-04
   1.5137769e+02   2.5344016e-03   1.4005015e-01   7.5315128e-04
   1.5196282e+02   2.5157138e-03   1.3990204e-01   7.4440234e-04
   1.5254795e+02   2.4971768e-03   1.3975423e-01   7.3574149e-04
   1.5313307e+02   2.4787904e-03   1.3960671e-01   7.2716851e-04
   1.5371820e+02   2.4605541e-03   1.3945948e-01   7.1868317e-04
   1.5430333e+02   2.4424678e-03   1.3931256e-01   7.1028525e-04
   1.5488845e+02   2.4245310e-03   1.3916594e-01   7.0197452e-04
   1.5547358e+02   2.4067435e-03   1.3901962e-01   6.9375076e-04
   1.5605871e+02   2.3891048e-03   1.3887361e-01   6.8561374e-04
   1.5664384e+02   2.3716148e-03   1.3872792e-01   6.7756324e-04
   1.5722896e+02   2.3542730e-03   1.3858254e-01   6.6959902e-04
   1.5781409e+02   2.3370791e-03   1.3843747e-01   6.6172086e-04
   1.5839922e+02   2.3200328e-03   1.3829273e-01   6.5392854e-04
   1.5898434e+02   2.3031338e-03   1.3814830e-01   6.4622183e-04
   1.5956947e+02   2.2863817e-03   1.3800421e-01   6.3860050e-04
   1.6015460e+02   2.2697763e-03   1.3786044e-01   6.3106433e-04
   1.6073973e+02   2.2533171e-03   1.3771700e-01   6.2361310e-04
   1.6132485e+02   2.2370039e-03   1.3757390e-01   6.1624656e-04
   1.6190998e+02   2.2208364e-03   1.3743113e-01   6.0896451e-04
   1.6249511e+02   2.2048142e-03   1.3728870e-01   6.0176672e-04
   1.6308023e+02   2.1889369e-03   1.3714662e-01   5.9465295e-04
   1.6366536e+02   2.1732043e-03   1.3700488e-01   5.8762299e-04
   1.6425049e+02   2.1576161e-03   1.3686349e-01   5.8067660e-04
   1.6483562e+02   2.1421719e-03   1.3672245e-01   5.7381356e-04
   1.6542074e+02   2.1268713e-03   1.3658177e-01   5.6703365e-04
   1.6600587e+02   2.1117141e-03   1.3644144e-01   5.6033663e-04
   1.6659100e+02   2.0967000e-03   1.3630147e-01   5.5372229e-04
   1.6717613e+02   2.0818285e-03   1.3616187e-01   5.4719040e-04
   1.6776125e+02   2.0670994e-03   1.3602263e-01   5.4074072e-04
   1.6834638e+02   2.0525124e-03   1.3588376e-01   5.3437304e-04
   1.6893151e+02   2.0380671e-03   1.3574526e-01   5.2808713e-04
   1.6951663e+02   2.0237632e-03   1.3560713e-01   5.2188276e-04
   1.7010176e+02   2.0096003e-03   1.3546938e-01   5.1575971e-04
   1.7068689e+02   1.9955782e-03   1.3533201e-01   5.0971775e-04
   1.7127202e+02   1.9816966e-03   1.3519503e-01   5.0375665e-04
   1.7185714e+02   1.9679550e-03   1.3505843e-01   4.9787620e-04
   1.7244227e+02   1.9543532e-03   1.3492222e-01   4.9207615e-04
   1.7302740e+02   1.9408908e-03   1.3478639e-01   4.8635630e-04
   1.7361252e+02   1.9275675e-03   1.3465097e-01   4.8071640e-04
   1.7419765e+02   1.9143831e-03   1.3451594e-01   4.7515624e-04
   1.7478278e+02   1.9013371e-03   1.3438131e-01   4.6967559e-04
   1.7536791e+02   1.8884292e-03   1.3424708e-01   4.6427422e-04
   1.7595303e+02   1.8756591e-03   1.3411326e-01   4.5895191e-04
   1.7653816e+02   1.8630265e-03   1.3397985e-01   4.5370843e-04
   1.7712329e+02   1.8505311e-03   1.3384685e-01   4.4854356e-04
   1.7770841e+02   1.8381725e-03   1.3371426e-01   4.4345707e-04
   1.7829354e+02   1.8259504e-03   1.3358209e-01   4.3844873e-04
   1.7887867e+02   1.8138644e-03   1.3345034e-01   4.3351831e-04
   1.7946380e+02   1.8019144e-03   1.3331901e-01   4.2866560e-04
   1.8004892e+02   1.7900998e-03   1.3318811e-01   4.2389037e-04
   1.8063405e+02   1.7784205e-03   1.3305764e-01   4.1919238e-04
   1.8121918e+02   1.7668760e-03   1.3292759e-01   4.1457142e-04
   1.8180431e+02   1.7554660e-03   1.3279799e-01   4.1002725e-04
   1.8238943e+02   1.7441903e-03   1.3266881e-01   4.0555966e-04
   1.8297456e+02   1.7330485e-03   1.3254008e-01   4.0116841e-04
   1.8355969e+02   1.7220402e-03   1.3241179e-01   3.9685329e-04
   1.8414481e+02   1.7111652e-03   1.3228395e-01   3.9261405e-04
   1.8472994e+02   1.7004231e-03   1.3215656e-01   3.8845049e-04
   1.8531507e+02   1.6898136e-03   1.3202962e-01   3.8436236e-04
   1.8590020e+02   1.6793363e-03   1.3190313e-01   3.8034946e-04
   1.8648532e+02   1.6689910e-03   1.3177710e-01   3.7641154e-04
   1.8707045e+02   1.6587772e-03   1.3165152e-01   3.7254838e-04
   1.8765558e+02   1.6486948e-03   1.3152641e-01   3.6875977e-04
   1.8824070e+02   1.6387433e-03   1.3140177e-01   3.6504547e-04
   1.8882583e+02   1.6289224e-03   1.3127760e-01   3.6140525e-04
   1.8941096e+02   1.6192319e-03   1.3115389e-01   3.5783889e-04
   1.8999609e+02   1.6096713e-03   1.3103066e-01   3.5434617e-04
   1.9058121e+02   1.6002403e-03   1.3090791e-01   3.5092686e-04
   1.9116634e+02   1.5909387e-03   1.3078564e-01   3.4758073e-04
   1.9175147e+02   1.5817661e-03   1.3066385e-01   3.4430755e-04
   1.9233659e+02   1.5727221e-03   1.3054255e-01   3.4110711e-04
   1.9292172e+02   1.5638065e-03   1.3042173e-01   3.3797917e-04
   1.9350685e+02   1.5550189e-03   1.3030141e-01   3.3492351e-04
   1.9409198e+02   1.5463590e-03   1.3018158e-01   3.3193990e-04
   1.9467710e+02   1.5378265e-03   1.3006225e-01   3.2902812e-04
   1.9526223e+02   1.5294210e-03   1.2994342e-01   3.2618794e-04
   1.9584736e+02   1.5211422e-03   1.2982509e-01   3.2341913e-04
   1.9643249e+02   1.5129898e-03   1.2970726e-01   3.2072147e-04
   1.9701761e+02   1.5049635e-03   1.2958995e-01   3.1809474e-04
   1.9760274e+02   1.4970629e-03   1.2947314e-01   3.1553870e-04
   1.9818787e+02   1.4892877e-03   1.2935685e-01   3.1305313e-04
   1.9877299e+02   1.4816375e-03   1.2924108e-01   3.1063781e-04
   1.9935812e+02   1.4741122e-03   1.2912583e-01   3.0829251e-04
   1.9994325e+02   1.4667112e-03   1.2901110e-01   3.0601700e-04
   2.0052838e+02   1.4593977e-03   1.2889676e-01   3.0378792e-04
   2.0111350e+02   1.4521188e-03   1.2878263e-01   3.0157184e-04
   2.0169863e+02   1.4448738e-03   1.2866870e-01   2.9936845e-04
   2.0228376e+02   1.4376628e-03   1.2855498e-01   2.9717772e-04
   2.0286888e+02   1.4304858e-03   1.2844146e-01   2.9499964e-04
   2.0345401e+02   1.4233425e-03   1.2832814e-01   2.9283416e-04
   2.0403914e+02   1.4162330e-03   1.2821502e-01   2.9068127e-04
   2.0462427e+02   1.4091571e-03   1.2810211e-01   2.8854092e-04
   2.0520939e+02   1.4021149e-03   1.2798940e-01   2.8641310e-04
   2.0579452e+02   1.3951062e-03   1.2787689e-01   2.8429778e-04
   2.0637965e+02   1.3881310e-03   1.2776458e-01   2.8219492e-04
   2.0696477e+02   1.3811893e-03   1.2765248e-01   2.8010450e-04
   2.0754990e+02   1.3742808e-03   1.2754058e-01   2.7802648e-04
   2.0813503e+02   1.3674057e-03   1.2742889e-01   2.7596085e-04
   2.0872016e+02   1.3605638e-03   1.2731739e-01   2.7390757e-04
   2.0930528e+02   1.3537550e-03   1.2720610e-01   2.7186662e-04
   2.0989041e+02   1.3469793e-03   1.2709501e-01   2.6983796e-04
   2.1047554e+02   1.3402366e-03   1.2698413e-01   2.6782156e-04
   2.1106067e+02   1.3335269e-03   1.2687345e-01   2.6581741e-04
   2.1164579e+02   1.3268500e-03   1.2676297e-01   2.6382546e-04
   2.1223092e+02   1.3202059e-03   1.2665269e-01   2.6184569e-04
   2.1281605e+02   1.3135946e-03   1.2654262e-01   2.5987808e-04
   2.1340117e+02   1.3070160e-03   1.2643275e-01   2.5792259e-04
   2.1398630e+02   1.3004700e-03   1.2632308e-01   2.5597919e-04
   2.1457143e+02   1.2939565e-03   1.2621361e-01   2.5404786e-04
   2.1515656e+02   1.2874754e-03   1.2610435e-01   2.5212857e-04
   2.1574168e+02   1.2810268e-03   1.2599529e-01   2.5022129e-04
   2.1632681e+02   1.2746105e-03   1.2588643e-01   2.4832599e-04
   2.1691194e+02   1.2682265e-03   1.2577777e-01   2.4644264e-04
   2.1749706e+02   1.2618747e-03   1.2566932e-01   2.4457122e-04
   2.1808219e+02   1.2555551e-03   1.2556107e-01   2.4271169e-04
   2.1866732e+02   1.2492675e-03   1.2545303e-01   2.4086402e-04
   2.1925245e+02   1.2430119e-03   1.2534518e-01   2.3902820e-04
   2.1983757e+02   1.2367882e-03   1.2523754e-01   2.3720418e-04
   2.2042270e+02   1.2305964e-03   1.2513010e-01   2.3539195e-04
   2.2100783e+02   1.2244364e-03   1.2502286e-01   2.3359147e-04
   2.2159295e+02   1.2183081e-03   1.2491583e-01   2.3180271e-04
   2.2217808e+02   1.2122115e-03   1.2480900e-01   2.3002564e-04
   2.2276321e+02   1.2061465e-03   1.2470237e-01   2.2826025e-04
   2.2334834e+02   1.2001130e-03   1.2459594e-01   2.2650649e-04
   2.2393346e+02   1.1941110e-03   1.2448972e-01   2.2476434e-04
   2.2451859e+02   1.1881404e-03   1.2438369e-01   2.2303377e-04
   2.2510372e+02   1.1822011e-03   1.2427788e-01   2.2131476e-04
   2.2568885e+02   1.1762931e-03   1.2417226e-01   2.1960727e-04
   2.2627397e+02   1.1704162e-03   1.2406684e-01   2.1791127e-04
   2.2685910e+02   1.1645705e-03   1.2396163e-01   2.1622674e-04
   2.2744423e+02   1.1587558e-03   1.2385662e-01   2.1455365e-04
   2.2802935e+02   1.1529722e-03   1.2375182e-01   2.1289197e-04
   2.2861448e+02   1.1472194e-03   1.2364721e-01   2.1124167e-04
   2.2919961e+02   1.1414975e-03   1.2354281e-01   2.0960272e-04
   2.2978474e+02   1.1358064e-03   1.2343861e-01   2.0797509e-04
   2.3036986e+02   1.1301460e-03   1.2333461e-01   2.0635877e-04
   2.3095499e+02   1.1245163e-03   1.2323082e-01   2.0475370e-04
   2.3154012e+02   1.1189172e-03   1.2312722e-01   2.0315988e-04
   2.3212524e+02   1.1133485e-03   1.2302383e-01   2.0157727e-04
   2.3271037e+02   1.1078103e-03   1.2292064e-01   2.0000583e-04
   2.3329550e+02   1.1023026e-03   1.2281766e-01   1.9844555e-04
   2.3388063e+02   1.0968251e-03   1.2271487e-01   1.9689640e-04
   2.3446575e+02   1.0913779e-03   1.2261229e-01   1.9535834e-04
   2.3505088e+02   1.0859608e-03   1.2250991e-01   1.9383134e-04
   2.3563601e+02   1.0805739e-03   1.2240774e-01   1.9231539e-04
   2.3622114e+02   1.0752170e-03   1.2230576e-01   1.9081044e-04
   2.3680626e+02   1.0698901e-03   1.2220399e-01   1.8931648e-04
   2.3739139e+02   1.0645931e-03   1.2210242e-01   1.8783347e-04
   2.3797652e+02   1.0593259e-03   1.2200105e-01   1.8636138e-04
   2.3856164e+02   1.0540886e-03   1.2189989e-01   1.8490019e-04
   2.3914677e+02   1.0488809e-03   1.2179892e-01   1.8344986e-04
   2.3973190e+02   1.0437029e-03   1.2169816e-01   1.8201037e-04
   2.4031703e+02   1.0385544e-03   1.2159760e-01   1.8058170e-04
   2.4090215e+02   1.0334355e-03   1.2149724e-01   1.7916380e-04
   2.4148728e+02   1.0283460e-03   1.2139709e-01   1.7775666e-04
   2.4207241e+02   1.0232859e-03   1.2129714e-01   1.7636024e-04
   2.4265753e+02   1.0182551e-03   1.2119738e-01   1.7497452e-04
   2.4324266e+02   1.0132535e-03   1.2109784e-01   1.7359946e-04
   2.4382779e+02   1.0082811e-03   1.2099849e-01   1.7223504e-04
   2.4441292e+02   1.0033378e-03   1.2089934e-01   1.7088124e-04
   2.4499804e+02   9.9842351e-04   1.2080040e-01   1.6953801e-04
   2.4558317e+02   9.9353821e-04   1.2070166e-01   1.6820534e-04
   2.4616830e+02   9.8868181e-04   1.2060312e-01   1.6688319e-04
   2.4675342e+02   9.8385424e-04   1.2050478e-01   1.6557154e-04
   2.4733855e+02   9.7905544e-04   1.2040665e-01   1.6427035e-04
   2.4792368e+02   9.7428534e-04   1.2030872e-01   1.6297960e-04
   2.4850881e+02   9.6954387e-04   1.2021099e-01   1.6169926e-04
   2.4909393e+02   9.6483097e-04   1.2011346e-01   1.6042931e-04
   2.4967906e+02   9.6014656e-04   1.2001613e-01   1.5916971e-04
   2.5026419e+02   9.5549058e-04   1.1991901e-01   1.5792043e-04
   2.5084932e+02   9.5086297e-04   1.1982208e-01   1.5668144e-04
   2.5143444e+02   9.4626365e-04   1.1972536e-01   1.5545273e-04
   2.5201957e+02   9.4169256e-04   1.1962884e-01   1.5423425e-04
   2.5260470e+02   9.3714962e-04   1.1953252e-01   1.5302598e-04
   2.5318982e+02   9.3263478e-04   1.1943641e-01   1.5182790e-04
   2.5377495e+02   9.2814797e-04   1.1934049e-01   1.5063997e-04
   2.5436008e+02   9.2368911e-04   1.1924478e-01   1.4946216e-04
   2.5494521e+02   9.1925814e-04   1.1914927e-01   1.4829445e-04
   2.5553033e+02   9.1485500e-04   1.1905396e-01   1.4713680e-04
   2.5611546e+02   9.1047961e-04   1.1895886e-01   1.4598920e-04
   2.5670059e+02   9.0613191e-04   1.1886395e-01   1.4485160e-04
   2.5728571e+02   9.0181183e-04   1.1876925e-01   1.4372399e-04
   2.5787084e+02   8.9751930e-04   1.1867475e-01   1.4260633e-04
   2.5845597e+02   8.9325426e-04   1.1858045e-01   1.4149859e-04
   2.5904110e+02   8.8901664e-04   1.1848635e-01   1.4040075e-04
   2.5962622e+02   8.8480637e-04   1.1839245e-01   1.3931277e-04
   2.6021135e+02   8.8062339e-04   1.1829876e-01   1.3823464e-04
   2.6079648e+02   8.7646762e-04   1.1820527e-01   1.3716632e-04
   2.6138160e+02   8.7233900e-04   1.1811198e-01   1.3610777e-04
   2.6196673e+02   8.6823746e-04   1.1801889e-01   1.3505898e-04
   2.6255186e+02   8.6416294e-04   1.1792600e-01   1.3401992e-04
   2.6313699e+02   8.6011536e-04   1.1783331e-01   1.3299055e-04
   2.6372211e+02   8.5609467e-04   1.1774083e-01   1.3197085e-04
   2.6430724e+02   8.5210078e-04   1.1764854e-01   1.3096079e-04
   2.6489237e+02   8.4813364e-04   1.1755646e-01   1.2996033e-04
   2.6547750e+02   8.4419318e-04   1.1746458e-01   1.2896946e-04
   2.6606262e+02   8.4027933e-04   1.1737290e-01   1.2798815e-04
   2.6664775e+02   8.3639202e-04   1.1728143e-01   1.2701636e-04
   2.6723288e+02   8.3253119e-04   1.1719015e-01   1.2605406e-04
   2.6781800e+02   8.2869676e-04   1.1709908e-01   1.2510123e-04
   2.6840313e+02   8.2488868e-04   1.1700821e-01   1.2415784e-04
   2.6898826e+02   8.2110686e-04   1.1691754e-01   1.2322386e-04
   2.6957339e+02   8.1735126e-04   1.1682707e-01   1.2229926e-04
   2.7015851e+02   8.1362179e-04   1.1673680e-01   1.2138402e-04
   2.7074364e+02   8.0991839e-04   1.1664673e-01   1.2047810e-04
   2.7132877e+02   8.0624100e-04   1.1655687e-01   1.1958148e-04
   2.7191389e+02   8.0258955e-04   1.1646721e-01   1.1869412e-04
   2.7249902e+02   7.9896396e-04   1.1637774e-01   1.1781600e-04
   2.7308415e+02   7.9536417e-04   1.1628848e-01   1.1694710e-04
   2.7366928e+02   7.9179012e-04   1.1619942e-01   1.1608737e-04
   2.7425440e+02   7.8824174e-04   1.1611057e-01   1.1523680e-04
   2.7483953e+02   7.8471895e-04   1.1602191e-01   1.1439536e-04
   2.7542466e+02   7.8122170e-04   1.1593346e-01   1.1356301e-04
   2.7600978e+02   7.7774991e-04   1.1584520e-01   1.1273973e-04
   2.7659491e+02   7.7430352e-04   1.1575715e-01   1.1192548e-04
   2.7718004e+02   7.7088246e-04   1.1566930e-01   1.1112025e-04
   2.7776517e+02   7.6748666e-04   1.1558165e-01   1.1032400e-04
   2.7835029e+02   7.6411605e-04   1.1549420e-01   1.0953671e-04
   2.7893542e+02   7.6077058e-04   1.1540695e-01   1.0875833e-04
   2.7952055e+02   7.5745016e-04   1.1531991e-01   1.0798886e-04
   2.8010568e+02   7.5415474e-04   1.1523306e-01   1.0722825e-04
   2.8069080e+02   7.5088424e-04   1.1514642e-01   1.0647648e-04
   2.8127593e+02   7.4763860e-04   1.1505998e-01   1.0573352e-04
   2.8186106e+02   7.4441775e-04   1.1497374e-01   1.0499935e-04
   2.8244618e+02   7.4122162e-04   1.1488770e-01   1.0427393e-04
   2.8303131e+02   7.3805015e-04   1.1480186e-01   1.0355723e-04
   2.8361644e+02   7.3490327e-04   1.1471622e-01   1.0284923e-04
   2.8420157e+02   7.3178091e-04   1.1463078e-01   1.0214990e-04
   2.8478669e+02   7.2868301e-04   1.1454555e-01   1.0145920e-04
   2.8537182e+02   7.2560949e-04   1.1446052e-01   1.0077712e-04
   2.8595695e+02   7.2256029e-04   1.1437568e-01   1.0010362e-04
   2.8654207e+02   7.1953534e-04   1.1429105e-01   9.9438671e-05
   2.8712720e+02   7.1653457e-04   1.1420662e-01   9.8782249e-05
   2.8771233e+02   7.1355793e-04   1.1412239e-01   9.8134324e-05
   2.8829746e+02   7.1060533e-04   1.1403836e-01   9.7494866e-05
   2.8888258e+02   7.0767671e-04   1.1395454e-01   9.6863848e-05
   2.8946771e+02   7.0477201e-04   1.1387091e-01   9.6241241e-05
   2.9005284e+02   7.0189116e-04   1.1378748e-01   9.5627016e-05
   2.9063796e+02   6.9903409e-04   1.1370426e-01   9.5021144e-05
   2.9122309e+02   6.9620072e-04   1.1362124e-01   9.4423598e-05
   2.9180822e+02   6.9339101e-04   1.1353841e-01   9.3834348e-05
   2.9239335e+02   6.9060487e-04   1.1345579e-01   9.3253367e-05
   2.9297847e+02   6.8784224e-04   1.1337337e-01   9.2680624e-05
   2.9356360e+02   6.8510306e-04   1.1329115e-01   9.2116093e-05
   2.9414873e+02   6.8238725e-04   1.1320913e-01   9.1559744e-05
   2.9473386e+02   6.7969475e-04   1.1312732e-01   9.1011549e-05
   2.9531898e+02   6.7702549e-04   1.1304570e-01   9.0471479e-05
   2.9590411e+02   6.7437940e-04   1.1296429e-01   8.9939506e-05
   2.9648924e+02   6.7175642e-04   1.1288307e-01   8.9415601e-05
   2.9707436e+02   6.6915648e-04   1.1280206e-01   8.8899735e-05
   2.9765949e+02   6.6657951e-04   1.1272124e-01   8.8391880e-05
   2.9824462e+02   6.6402545e-04   1.1264063e-01   8.7892008e-05
   2.9882975e+02   6.6149422e-04   1.1256022e-01   8.7400089e-05
   2.9941487e+02   6.5898576e-04   1.1248001e-01   8.6916096e-05
   3.0000000e+02   6.5650000e-04   1.1240000e-01   8.6440000e-05
